archetype,scenario,seed,year,troops,armies,warArmies,sieges,conquestsCum,warsActive,capturedCum
passive,baseline,7,1,27,0,0,0,0,0,0
passive,baseline,7,2,27,0,0,0,0,0,0
passive,baseline,7,3,3,0,0,0,0,0,0
passive,baseline,7,4,3,0,0,0,0,0,0
passive,baseline,7,5,3,0,0,0,0,0,0
passive,baseline,7,6,0,0,0,0,0,0,0
passive,baseline,7,7,0,0,0,0,0,0,0
passive,baseline,7,8,0,0,0,0,0,0,0
passive,baseline,7,9,0,0,0,0,0,0,0
passive,baseline,7,10,0,0,0,0,0,0,0
passive,baseline,7,11,0,0,0,0,0,0,0
passive,baseline,7,12,0,0,0,0,0,0,0
passive,baseline,7,13,0,0,0,0,0,0,0
passive,baseline,7,14,0,0,0,0,0,0,0
passive,baseline,7,15,0,0,0,0,0,0,0
passive,baseline,7,16,0,0,0,0,0,0,0
passive,baseline,7,17,0,0,0,0,0,0,0
passive,baseline,7,18,0,0,0,0,0,0,0
passive,baseline,7,19,0,0,0,0,0,0,0
passive,baseline,7,20,0,0,0,0,0,0,0
passive,baseline,7,21,0,0,0,0,0,0,0
passive,baseline,7,22,0,0,0,0,0,0,0
passive,baseline,7,23,0,0,0,0,0,0,0
passive,baseline,7,24,0,0,0,0,0,0,0
passive,baseline,7,25,0,0,0,0,0,0,0
passive,baseline,19,1,41,0,0,0,0,0,0
passive,baseline,19,2,41,0,0,0,0,0,0
passive,baseline,19,3,41,0,0,0,0,0,0
passive,baseline,19,4,41,0,0,0,0,0,0
passive,baseline,19,5,41,0,0,0,0,0,0
passive,baseline,19,6,34,0,0,0,0,0,0
passive,baseline,19,7,26,0,0,0,0,0,0
passive,baseline,19,8,21,0,0,0,0,0,0
passive,baseline,19,9,17,0,0,0,0,0,0
passive,baseline,19,10,16,0,0,0,0,0,0
passive,baseline,19,11,16,0,0,0,0,0,0
passive,baseline,19,12,16,0,0,0,0,0,0
passive,baseline,19,13,16,0,0,0,0,0,0
passive,baseline,19,14,16,0,0,0,0,0,0
passive,baseline,19,15,16,0,0,0,0,0,0
passive,baseline,19,16,16,0,0,0,0,0,0
passive,baseline,19,17,16,0,0,0,0,0,0
passive,baseline,19,18,16,0,0,0,0,0,0
passive,baseline,19,19,16,0,0,0,0,0,0
passive,baseline,19,20,16,0,0,0,0,0,0
passive,baseline,19,21,16,0,0,0,0,0,0
passive,baseline,19,22,16,0,0,0,0,0,0
passive,baseline,19,23,13,0,0,0,0,0,0
passive,baseline,19,24,13,0,0,0,0,0,0
passive,baseline,19,25,13,0,0,0,0,0,0
passive,baseline,19,26,13,0,0,0,0,0,0
passive,baseline,19,27,7,0,0,0,0,0,0
passive,baseline,19,28,7,0,0,0,0,0,0
passive,baseline,19,29,7,0,0,0,0,0,0
passive,baseline,19,30,7,0,0,0,0,0,0
passive,baseline,19,31,7,0,0,0,0,0,0
passive,baseline,19,32,7,0,0,0,0,0,0
passive,baseline,19,33,7,0,0,0,0,0,0
passive,baseline,19,34,7,0,0,0,0,0,0
passive,baseline,19,35,7,0,0,0,0,0,0
passive,baseline,19,36,7,0,0,0,0,0,0
passive,baseline,19,37,7,0,0,0,0,0,0
passive,baseline,19,38,7,0,0,0,0,0,0
passive,baseline,19,39,7,0,0,0,0,0,0
passive,baseline,19,40,7,0,0,0,0,0,0
passive,baseline,19,41,7,0,0,0,0,0,0
passive,baseline,19,42,7,0,0,0,0,0,0
passive,baseline,19,43,7,0,0,0,0,0,0
passive,baseline,19,44,7,0,0,0,0,0,0
passive,baseline,19,45,7,0,0,0,0,0,0
passive,baseline,19,46,7,0,0,0,0,0,0
passive,baseline,19,47,7,0,0,0,0,0,0
passive,baseline,19,48,7,0,0,0,0,0,0
passive,baseline,19,49,7,0,0,0,0,0,0
passive,baseline,19,50,7,0,0,0,0,0,0
passive,baseline,19,51,7,0,0,0,0,0,0
passive,baseline,19,52,7,0,0,0,0,0,0
passive,baseline,19,53,7,0,0,0,0,0,0
passive,baseline,19,54,7,0,0,0,0,0,0
passive,baseline,19,55,7,0,0,0,0,0,0
passive,baseline,19,56,7,0,0,0,0,0,0
passive,baseline,19,57,7,0,0,0,0,0,0
passive,baseline,19,58,7,0,0,0,0,0,0
passive,baseline,19,59,7,0,0,0,0,0,0
passive,baseline,19,60,7,0,0,0,0,0,0
passive,baseline,19,61,7,0,0,0,0,0,0
passive,baseline,19,62,7,0,0,0,0,0,0
passive,baseline,19,63,7,0,0,0,0,0,0
passive,baseline,19,64,7,0,0,0,0,0,0
passive,baseline,19,65,7,0,0,0,0,0,0
passive,baseline,19,66,7,0,0,0,0,0,0
passive,baseline,19,67,7,0,0,0,0,0,0
passive,baseline,19,68,7,0,0,0,0,0,0
passive,baseline,19,69,7,0,0,0,0,0,0
passive,baseline,19,70,7,0,0,0,0,0,0
passive,baseline,19,71,7,0,0,0,0,0,0
passive,baseline,19,72,7,0,0,0,0,0,0
passive,baseline,19,73,7,0,0,0,0,0,0
passive,baseline,19,74,7,0,0,0,0,0,0
passive,baseline,19,75,7,0,0,0,0,0,0
passive,baseline,19,76,7,0,0,0,0,0,0
passive,baseline,19,77,7,0,0,0,0,0,0
passive,baseline,19,78,7,0,0,0,0,0,0
passive,baseline,19,79,7,0,0,0,0,0,0
passive,baseline,19,80,7,0,0,0,0,0,0
passive,baseline,19,81,7,0,0,0,0,0,0
passive,baseline,19,82,7,0,0,0,0,0,0
passive,baseline,19,83,7,0,0,0,0,0,0
passive,baseline,19,84,7,0,0,0,0,0,0
passive,baseline,19,85,5,0,0,0,0,0,0
passive,baseline,19,86,5,0,0,0,0,0,0
passive,baseline,19,87,5,0,0,0,0,0,0
passive,baseline,19,88,5,0,0,0,0,0,0
passive,baseline,19,89,5,0,0,0,0,0,0
passive,baseline,19,90,5,0,0,0,0,0,0
passive,baseline,19,91,5,0,0,0,0,0,0
passive,baseline,19,92,5,0,0,0,0,0,0
passive,baseline,19,93,5,0,0,0,0,0,0
passive,baseline,19,94,5,0,0,0,0,0,0
passive,baseline,19,95,5,0,0,0,0,0,0
passive,baseline,19,96,5,0,0,0,0,0,0
passive,baseline,19,97,5,0,0,0,0,0,0
passive,baseline,19,98,5,0,0,0,0,0,0
passive,baseline,19,99,5,0,0,0,0,0,0
passive,baseline,19,100,5,0,0,0,0,0,0
passive,baseline,42,1,27,0,0,0,0,0,0
passive,baseline,42,2,27,0,0,0,0,0,0
passive,baseline,42,3,27,0,0,0,0,0,0
passive,baseline,42,4,27,0,0,0,0,0,0
passive,baseline,42,5,27,0,0,0,0,0,0
passive,baseline,42,6,27,0,0,0,0,0,0
passive,baseline,42,7,27,0,0,0,0,0,0
passive,baseline,42,8,27,0,0,0,0,0,0
passive,baseline,42,9,27,0,0,0,0,0,0
passive,baseline,42,10,27,0,0,0,0,0,0
passive,baseline,42,11,27,0,0,0,0,0,0
passive,baseline,42,12,27,0,0,0,0,0,0
passive,baseline,42,13,27,0,0,0,0,0,0
passive,baseline,42,14,27,0,0,0,0,0,0
passive,baseline,42,15,27,0,0,0,0,0,0
passive,baseline,42,16,16,0,0,0,0,0,0
passive,baseline,42,17,16,0,0,0,0,0,0
passive,baseline,42,18,12,0,0,0,0,0,0
passive,baseline,42,19,12,0,0,0,0,0,0
passive,baseline,42,20,1,0,0,0,0,0,0
passive,baseline,42,21,1,0,0,0,0,0,0
passive,baseline,42,22,1,0,0,0,0,0,0
passive,baseline,42,23,0,0,0,0,0,0,0
passive,baseline,42,24,0,0,0,0,0,0,0
passive,baseline,42,25,0,0,0,0,0,0,0
passive,baseline,42,26,0,0,0,0,0,0,0
passive,baseline,42,27,0,0,0,0,0,0,0
passive,baseline,42,28,0,0,0,0,0,0,0
passive,baseline,42,29,0,0,0,0,0,0,0
passive,baseline,42,30,0,0,0,0,0,0,0
passive,baseline,42,31,0,0,0,0,0,0,0
passive,baseline,42,32,0,0,0,0,0,0,0
passive,baseline,42,33,0,0,0,0,0,0,0
passive,baseline,42,34,0,0,0,0,0,0,0
passive,baseline,42,35,0,0,0,0,0,0,0
passive,baseline,42,36,0,0,0,0,0,0,0
passive,baseline,42,37,0,0,0,0,0,0,0
passive,baseline,42,38,0,0,0,0,0,0,0
passive,baseline,42,39,0,0,0,0,0,0,0
passive,baseline,42,40,0,0,0,0,0,0,0
passive,baseline,42,41,0,0,0,0,0,0,0
passive,baseline,42,42,0,0,0,0,0,0,0
passive,baseline,42,43,0,0,0,0,0,0,0
passive,baseline,42,44,0,0,0,0,0,0,0
passive,baseline,42,45,0,0,0,0,0,0,0
conquest,baseline,7,1,120,2,2,0,0,0,19
conquest,baseline,7,2,161,2,2,0,0,0,36
conquest,baseline,7,3,140,2,2,0,0,0,36
conquest,baseline,7,4,112,2,2,0,0,0,36
conquest,baseline,7,5,98,2,2,0,0,0,36
conquest,baseline,7,6,89,2,2,0,0,0,36
conquest,baseline,7,7,81,2,2,0,0,0,36
conquest,baseline,7,8,53,2,2,0,0,0,36
conquest,baseline,7,9,19,1,1,0,0,0,36
conquest,baseline,7,10,46,0,0,0,0,0,36
conquest,baseline,7,11,82,1,1,0,0,0,36
conquest,baseline,7,12,81,1,1,0,0,0,36
conquest,baseline,7,13,77,1,1,0,0,0,36
conquest,baseline,7,14,75,1,1,0,0,0,36
conquest,baseline,7,15,72,1,1,0,0,0,36
conquest,baseline,7,16,9,1,1,0,0,0,36
conquest,baseline,7,17,0,0,0,0,0,0,36
conquest,baseline,7,18,0,0,0,0,0,0,36
conquest,baseline,7,19,0,0,0,0,0,0,36
conquest,baseline,7,20,0,0,0,0,0,0,36
conquest,baseline,7,21,0,0,0,0,0,0,36
conquest,baseline,7,22,77,1,1,0,0,0,36
conquest,baseline,7,23,12,0,0,0,1,1,36
conquest,baseline,7,24,52,0,0,0,1,1,36
conquest,baseline,7,25,42,0,0,0,1,1,36
conquest,baseline,7,26,37,0,0,0,1,1,36
conquest,baseline,7,27,33,0,0,0,1,1,36
conquest,baseline,7,28,3,0,0,0,1,1,36
conquest,baseline,7,29,3,0,0,0,1,1,36
conquest,baseline,7,30,0,0,0,0,1,1,36
conquest,baseline,7,31,0,0,0,0,1,1,36
conquest,baseline,7,32,0,0,0,0,1,1,36
conquest,baseline,7,33,40,0,0,0,1,1,36
conquest,baseline,7,34,80,1,1,0,1,1,36
conquest,baseline,7,35,198,2,2,0,1,1,69
conquest,baseline,7,36,278,2,2,0,2,2,69
conquest,baseline,7,37,398,2,2,1,2,2,69
conquest,baseline,7,38,391,2,2,0,3,2,69
conquest,baseline,19,1,127,2,2,0,0,0,11
conquest,baseline,19,2,77,2,2,0,0,0,17
conquest,baseline,19,3,73,2,2,0,0,0,17
conquest,baseline,19,4,69,2,2,0,0,0,17
conquest,baseline,19,5,65,2,2,0,0,0,17
conquest,baseline,19,6,63,2,2,0,0,0,17
conquest,baseline,19,7,63,2,2,0,0,0,17
conquest,baseline,19,8,63,2,2,0,0,0,17
conquest,baseline,19,9,63,2,2,0,0,0,17
conquest,baseline,19,10,143,2,2,0,0,0,17
conquest,baseline,19,11,138,2,2,0,0,0,17
conquest,baseline,19,12,125,2,2,0,0,0,17
conquest,baseline,19,13,201,2,2,0,0,0,17
conquest,baseline,19,14,169,2,2,0,0,0,17
conquest,baseline,19,15,139,2,2,0,0,0,17
conquest,baseline,19,16,117,2,2,0,0,0,17
conquest,baseline,19,17,99,2,2,0,0,0,17
conquest,baseline,19,18,86,2,2,0,0,0,17
conquest,baseline,19,19,78,2,2,0,0,0,17
conquest,baseline,19,20,72,2,2,0,0,0,17
conquest,baseline,19,21,68,2,2,0,0,0,17
conquest,baseline,19,22,107,2,2,0,0,0,17
conquest,baseline,42,1,138,2,2,0,0,0,0
conquest,baseline,42,2,45,2,2,0,0,0,10
conquest,baseline,42,3,6,2,2,0,0,0,10
conquest,baseline,42,4,4,1,1,0,0,0,10
conquest,baseline,42,5,4,1,1,0,0,0,10
conquest,baseline,42,6,4,1,1,0,0,0,10
conquest,baseline,42,7,4,1,1,0,0,0,10
conquest,baseline,42,8,4,1,1,0,0,0,10
conquest,baseline,42,9,4,1,1,0,0,0,10
conquest,baseline,42,10,4,1,1,0,0,0,10
conquest,baseline,42,11,4,1,1,0,0,0,10
conquest,baseline,42,12,4,1,1,0,0,0,10
conquest,baseline,42,13,4,1,1,0,0,0,10
conquest,baseline,42,14,0,0,0,0,0,0,10
conquest,baseline,42,15,0,0,0,0,0,0,10
conquest,baseline,42,16,0,0,0,0,0,0,10
conquest,baseline,42,17,0,0,0,0,0,0,10
conquest,baseline,42,18,0,0,0,0,0,0,10
conquest,baseline,42,19,0,0,0,0,0,0,10
conquest,baseline,42,20,0,0,0,0,0,0,10
conquest,baseline,42,21,0,0,0,0,0,0,10
conquest,baseline,42,22,0,0,0,0,0,0,10
conquest,baseline,42,23,0,0,0,0,0,0,10
conquest,baseline,42,24,0,0,0,0,0,0,10
conquest,baseline,42,25,0,0,0,0,0,0,10
faith,baseline,7,1,27,0,0,0,0,0,0
faith,baseline,7,2,22,0,0,0,0,0,0
faith,baseline,7,3,2,0,0,0,0,0,0
faith,baseline,7,4,0,0,0,0,0,0,0
faith,baseline,7,5,0,0,0,0,0,0,0
faith,baseline,7,6,0,0,0,0,0,0,0
faith,baseline,7,7,0,0,0,0,0,0,0
faith,baseline,7,8,0,0,0,0,0,0,0
faith,baseline,7,9,0,0,0,0,0,0,0
faith,baseline,7,10,0,0,0,0,0,0,0
faith,baseline,7,11,0,0,0,0,0,0,0
faith,baseline,7,12,0,0,0,0,0,0,0
faith,baseline,7,13,0,0,0,0,0,0,0
faith,baseline,7,14,0,0,0,0,0,0,0
faith,baseline,7,15,0,0,0,0,0,0,0
faith,baseline,7,16,0,0,0,0,0,0,0
faith,baseline,7,17,0,0,0,0,0,0,0
faith,baseline,7,18,0,0,0,0,0,0,0
faith,baseline,19,1,39,0,0,0,0,0,0
faith,baseline,19,2,30,0,0,0,0,0,0
faith,baseline,19,3,25,0,0,0,0,0,0
faith,baseline,19,4,19,0,0,0,0,0,0
faith,baseline,19,5,2,0,0,0,0,0,0
faith,baseline,19,6,2,0,0,0,0,0,0
faith,baseline,19,7,2,0,0,0,0,0,0
faith,baseline,19,8,0,0,0,0,0,0,0
faith,baseline,19,9,0,0,0,0,0,0,0
faith,baseline,19,10,0,0,0,0,0,0,0
faith,baseline,19,11,0,0,0,0,0,0,0
faith,baseline,19,12,0,0,0,0,0,0,0
faith,baseline,19,13,0,0,0,0,0,0,0
faith,baseline,19,14,0,0,0,0,0,0,0
faith,baseline,19,15,0,0,0,0,0,0,0
faith,baseline,19,16,0,0,0,0,0,0,0
faith,baseline,19,17,0,0,0,0,0,0,0
faith,baseline,19,18,0,0,0,0,0,0,0
faith,baseline,19,19,0,0,0,0,0,0,0
faith,baseline,19,20,0,0,0,0,0,0,0
faith,baseline,19,21,0,0,0,0,0,0,0
faith,baseline,19,22,0,0,0,0,0,0,0
faith,baseline,19,23,0,0,0,0,0,0,0
faith,baseline,42,1,27,0,0,0,0,0,0
faith,baseline,42,2,27,0,0,0,0,0,0
faith,baseline,42,3,21,0,0,0,0,0,0
faith,baseline,42,4,17,0,0,0,0,0,0
faith,baseline,42,5,15,0,0,0,0,0,0
faith,baseline,42,6,14,0,0,0,0,0,0
faith,baseline,42,7,10,0,0,0,0,0,0
faith,baseline,42,8,10,0,0,0,0,0,0
faith,baseline,42,9,10,0,0,0,0,0,0
faith,baseline,42,10,9,0,0,0,0,0,0
faith,baseline,42,11,7,0,0,0,0,0,0
faith,baseline,42,12,6,0,0,0,0,0,0
faith,baseline,42,13,6,0,0,0,0,0,0
faith,baseline,42,14,1,0,0,0,0,0,0
faith,baseline,42,15,1,0,0,0,0,0,0
faith,baseline,42,16,0,0,0,0,0,0,0
faith,baseline,42,17,0,0,0,0,0,0,0
faith,baseline,42,18,0,0,0,0,0,0,0
faith,baseline,42,19,0,0,0,0,0,0,0
faith,baseline,42,20,0,0,0,0,0,0,0
faith,baseline,42,21,0,0,0,0,0,0,0
faith,baseline,42,22,0,0,0,0,0,0,0
faith,baseline,42,23,0,0,0,0,0,0,0
faith,baseline,42,24,0,0,0,0,0,0,0
faith,baseline,42,25,0,0,0,0,0,0,0
faith,baseline,42,26,0,0,0,0,0,0,0
merchant,baseline,7,1,27,0,0,0,0,0,0
merchant,baseline,7,2,27,0,0,0,0,0,0
merchant,baseline,7,3,3,0,0,0,0,0,0
merchant,baseline,7,4,3,0,0,0,0,0,0
merchant,baseline,7,5,3,0,0,0,0,0,0
merchant,baseline,7,6,0,0,0,0,0,0,0
merchant,baseline,7,7,0,0,0,0,0,0,0
merchant,baseline,7,8,0,0,0,0,0,0,0
merchant,baseline,7,9,0,0,0,0,0,0,0
merchant,baseline,7,10,0,0,0,0,0,0,0
merchant,baseline,7,11,0,0,0,0,0,0,0
merchant,baseline,7,12,0,0,0,0,0,0,0
merchant,baseline,7,13,0,0,0,0,0,0,0
merchant,baseline,7,14,0,0,0,0,0,0,0
merchant,baseline,7,15,0,0,0,0,0,0,0
merchant,baseline,7,16,0,0,0,0,0,0,0
merchant,baseline,7,17,0,0,0,0,0,0,0
merchant,baseline,7,18,0,0,0,0,0,0,0
merchant,baseline,7,19,0,0,0,0,0,0,0
merchant,baseline,7,20,0,0,0,0,0,0,0
merchant,baseline,7,21,0,0,0,0,0,0,0
merchant,baseline,7,22,0,0,0,0,0,0,0
merchant,baseline,7,23,0,0,0,0,0,0,0
merchant,baseline,7,24,0,0,0,0,0,0,0
merchant,baseline,7,25,0,0,0,0,0,0,0
merchant,baseline,7,26,0,0,0,0,0,0,0
merchant,baseline,7,27,0,0,0,0,0,0,0
merchant,baseline,7,28,0,0,0,0,0,0,0
merchant,baseline,7,29,0,0,0,0,0,0,0
merchant,baseline,7,30,0,0,0,0,0,0,0
merchant,baseline,7,31,0,0,0,0,0,0,0
merchant,baseline,7,32,0,0,0,0,0,0,0
merchant,baseline,7,33,0,0,0,0,0,0,0
merchant,baseline,7,34,0,0,0,0,0,0,0
merchant,baseline,7,35,0,0,0,0,0,0,0
merchant,baseline,7,36,0,0,0,0,0,0,0
merchant,baseline,7,37,0,0,0,0,0,0,0
merchant,baseline,7,38,0,0,0,0,0,0,0
merchant,baseline,7,39,0,0,0,0,0,0,0
merchant,baseline,7,40,0,0,0,0,0,0,0
merchant,baseline,7,41,0,0,0,0,0,0,0
merchant,baseline,7,42,0,0,0,0,0,0,0
merchant,baseline,7,43,0,0,0,0,0,0,0
merchant,baseline,7,44,0,0,0,0,0,0,0
merchant,baseline,7,45,0,0,0,0,0,0,0
merchant,baseline,7,46,0,0,0,0,0,0,0
merchant,baseline,7,47,0,0,0,0,0,0,0
merchant,baseline,7,48,0,0,0,0,0,0,0
merchant,baseline,7,49,0,0,0,0,0,0,0
merchant,baseline,7,50,0,0,0,0,0,0,0
merchant,baseline,7,51,0,0,0,0,0,0,0
merchant,baseline,7,52,0,0,0,0,0,0,0
merchant,baseline,7,53,0,0,0,0,0,0,0
merchant,baseline,7,54,0,0,0,0,0,0,0
merchant,baseline,7,55,0,0,0,0,0,0,0
merchant,baseline,7,56,0,0,0,0,0,0,0
merchant,baseline,7,57,0,0,0,0,0,0,0
merchant,baseline,7,58,0,0,0,0,0,0,0
merchant,baseline,7,59,0,0,0,0,0,0,0
merchant,baseline,7,60,0,0,0,0,0,0,0
merchant,baseline,7,61,0,0,0,0,0,0,0
merchant,baseline,7,62,0,0,0,0,0,0,0
merchant,baseline,7,63,0,0,0,0,0,0,0
merchant,baseline,7,64,0,0,0,0,0,0,0
merchant,baseline,7,65,0,0,0,0,0,0,0
merchant,baseline,7,66,0,0,0,0,0,0,0
merchant,baseline,7,67,0,0,0,0,0,0,0
merchant,baseline,7,68,0,0,0,0,0,0,0
merchant,baseline,7,69,0,0,0,0,0,0,0
merchant,baseline,7,70,0,0,0,0,0,0,0
merchant,baseline,7,71,0,0,0,0,0,0,0
merchant,baseline,7,72,0,0,0,0,0,0,0
merchant,baseline,7,73,0,0,0,0,0,0,0
merchant,baseline,7,74,0,0,0,0,0,0,0
merchant,baseline,7,75,0,0,0,0,0,0,0
merchant,baseline,7,76,0,0,0,0,0,0,0
merchant,baseline,7,77,0,0,0,0,0,0,0
merchant,baseline,7,78,0,0,0,0,0,0,0
merchant,baseline,7,79,0,0,0,0,0,0,0
merchant,baseline,7,80,0,0,0,0,0,0,0
merchant,baseline,7,81,0,0,0,0,0,0,0
merchant,baseline,7,82,0,0,0,0,0,0,0
merchant,baseline,7,83,0,0,0,0,0,0,0
merchant,baseline,7,84,0,0,0,0,0,0,0
merchant,baseline,7,85,0,0,0,0,0,0,0
merchant,baseline,7,86,0,0,0,0,0,0,0
merchant,baseline,7,87,0,0,0,0,0,0,0
merchant,baseline,7,88,0,0,0,0,0,0,0
merchant,baseline,7,89,0,0,0,0,0,0,0
merchant,baseline,7,90,0,0,0,0,0,0,0
merchant,baseline,7,91,0,0,0,0,0,0,0
merchant,baseline,7,92,0,0,0,0,0,0,0
merchant,baseline,7,93,0,0,0,0,0,0,0
merchant,baseline,7,94,0,0,0,0,0,0,0
merchant,baseline,7,95,0,0,0,0,0,0,0
merchant,baseline,7,96,0,0,0,0,0,0,0
merchant,baseline,7,97,0,0,0,0,0,0,0
merchant,baseline,7,98,0,0,0,0,0,0,0
merchant,baseline,7,99,0,0,0,0,0,0,0
merchant,baseline,7,100,0,0,0,0,0,0,0
merchant,baseline,19,1,41,0,0,0,0,0,0
merchant,baseline,19,2,41,0,0,0,0,0,0
merchant,baseline,19,3,41,0,0,0,0,0,0
merchant,baseline,19,4,41,0,0,0,0,0,0
merchant,baseline,19,5,41,0,0,0,0,0,0
merchant,baseline,19,6,41,0,0,0,0,0,0
merchant,baseline,19,7,41,0,0,0,0,0,0
merchant,baseline,19,8,41,0,0,0,0,0,0
merchant,baseline,19,9,41,0,0,0,0,0,0
merchant,baseline,19,10,41,0,0,0,0,0,0
merchant,baseline,19,11,41,0,0,0,0,0,0
merchant,baseline,19,12,41,0,0,0,0,0,0
merchant,baseline,19,13,41,0,0,0,0,0,0
merchant,baseline,19,14,41,0,0,0,0,0,0
merchant,baseline,19,15,41,0,0,0,0,0,0
merchant,baseline,19,16,41,0,0,0,0,0,0
merchant,baseline,19,17,41,0,0,0,0,0,0
merchant,baseline,19,18,41,0,0,0,0,0,0
merchant,baseline,19,19,41,0,0,0,0,0,0
merchant,baseline,19,20,41,0,0,0,0,0,0
merchant,baseline,19,21,41,0,0,0,0,0,0
merchant,baseline,19,22,41,0,0,0,0,0,0
merchant,baseline,19,23,41,0,0,0,0,0,0
merchant,baseline,19,24,41,0,0,0,0,0,0
merchant,baseline,19,25,41,0,0,0,0,0,0
merchant,baseline,19,26,41,0,0,0,0,0,0
merchant,baseline,19,27,41,0,0,0,0,0,0
merchant,baseline,19,28,41,0,0,0,0,0,0
merchant,baseline,19,29,41,0,0,0,0,0,0
merchant,baseline,19,30,41,0,0,0,0,0,0
merchant,baseline,19,31,41,0,0,0,0,0,0
merchant,baseline,19,32,41,0,0,0,0,0,0
merchant,baseline,19,33,41,0,0,0,0,0,0
merchant,baseline,19,34,41,0,0,0,0,0,0
merchant,baseline,19,35,41,0,0,0,0,0,0
merchant,baseline,19,36,41,0,0,0,0,0,0
merchant,baseline,19,37,41,0,0,0,0,0,0
merchant,baseline,19,38,41,0,0,0,0,0,0
merchant,baseline,19,39,41,0,0,0,0,0,0
merchant,baseline,19,40,41,0,0,0,0,0,0
merchant,baseline,19,41,41,0,0,0,0,0,0
merchant,baseline,19,42,41,0,0,0,0,0,0
merchant,baseline,19,43,41,0,0,0,0,0,0
merchant,baseline,19,44,41,0,0,0,0,0,0
merchant,baseline,19,45,41,0,0,0,0,0,0
merchant,baseline,19,46,41,0,0,0,0,0,0
merchant,baseline,19,47,41,0,0,0,0,0,0
merchant,baseline,19,48,41,0,0,0,0,0,0
merchant,baseline,19,49,41,0,0,0,0,0,0
merchant,baseline,19,50,41,0,0,0,0,0,0
merchant,baseline,19,51,41,0,0,0,0,0,0
merchant,baseline,19,52,41,0,0,0,0,0,0
merchant,baseline,19,53,41,0,0,0,0,0,0
merchant,baseline,19,54,41,0,0,0,0,0,0
merchant,baseline,19,55,41,0,0,0,0,0,0
merchant,baseline,19,56,41,0,0,0,0,0,0
merchant,baseline,19,57,41,0,0,0,0,0,0
merchant,baseline,19,58,41,0,0,0,0,0,0
merchant,baseline,19,59,41,0,0,0,0,0,0
merchant,baseline,19,60,41,0,0,0,0,0,0
merchant,baseline,19,61,41,0,0,0,0,0,0
merchant,baseline,19,62,41,0,0,0,0,0,0
merchant,baseline,19,63,41,0,0,0,0,0,0
merchant,baseline,19,64,41,0,0,0,0,0,0
merchant,baseline,19,65,41,0,0,0,0,0,0
merchant,baseline,19,66,41,0,0,0,0,0,0
merchant,baseline,19,67,41,0,0,0,0,0,0
merchant,baseline,19,68,41,0,0,0,0,0,0
merchant,baseline,19,69,41,0,0,0,0,0,0
merchant,baseline,19,70,41,0,0,0,0,0,0
merchant,baseline,19,71,41,0,0,0,0,0,0
merchant,baseline,19,72,41,0,0,0,0,0,0
merchant,baseline,19,73,41,0,0,0,0,0,0
merchant,baseline,19,74,41,0,0,0,0,0,0
merchant,baseline,19,75,41,0,0,0,0,0,0
merchant,baseline,19,76,41,0,0,0,0,0,0
merchant,baseline,19,77,41,0,0,0,0,0,0
merchant,baseline,19,78,41,0,0,0,0,0,0
merchant,baseline,19,79,41,0,0,0,0,0,0
merchant,baseline,19,80,41,0,0,0,0,0,0
merchant,baseline,19,81,41,0,0,0,0,0,0
merchant,baseline,19,82,41,0,0,0,0,0,0
merchant,baseline,19,83,41,0,0,0,0,0,0
merchant,baseline,19,84,41,0,0,0,0,0,0
merchant,baseline,19,85,41,0,0,0,0,0,0
merchant,baseline,19,86,41,0,0,0,0,0,0
merchant,baseline,19,87,41,0,0,0,0,0,0
merchant,baseline,19,88,41,0,0,0,0,0,0
merchant,baseline,19,89,41,0,0,0,0,0,0
merchant,baseline,19,90,41,0,0,0,0,0,0
merchant,baseline,19,91,41,0,0,0,0,0,0
merchant,baseline,19,92,41,0,0,0,0,0,0
merchant,baseline,19,93,41,0,0,0,0,0,0
merchant,baseline,19,94,41,0,0,0,0,0,0
merchant,baseline,19,95,5,0,0,0,0,0,0
merchant,baseline,19,96,5,0,0,0,0,0,0
merchant,baseline,19,97,5,0,0,0,0,0,0
merchant,baseline,19,98,5,0,0,0,0,0,0
merchant,baseline,19,99,5,0,0,0,0,0,0
merchant,baseline,19,100,5,0,0,0,0,0,0
merchant,baseline,42,1,27,0,0,0,0,0,0
merchant,baseline,42,2,27,0,0,0,0,0,0
merchant,baseline,42,3,27,0,0,0,0,0,0
merchant,baseline,42,4,27,0,0,0,0,0,0
merchant,baseline,42,5,27,0,0,0,0,0,0
merchant,baseline,42,6,27,0,0,0,0,0,0
merchant,baseline,42,7,27,0,0,0,0,0,0
merchant,baseline,42,8,27,0,0,0,0,0,0
merchant,baseline,42,9,27,0,0,0,0,0,0
merchant,baseline,42,10,27,0,0,0,0,0,0
merchant,baseline,42,11,27,0,0,0,0,0,0
merchant,baseline,42,12,27,0,0,0,0,0,0
merchant,baseline,42,13,27,0,0,0,0,0,0
merchant,baseline,42,14,27,0,0,0,0,0,0
merchant,baseline,42,15,27,0,0,0,0,0,0
merchant,baseline,42,16,16,0,0,0,0,0,0
merchant,baseline,42,17,16,0,0,0,0,0,0
merchant,baseline,42,18,12,0,0,0,0,0,0
merchant,baseline,42,19,12,0,0,0,0,0,0
merchant,baseline,42,20,1,0,0,0,0,0,0
merchant,baseline,42,21,1,0,0,0,0,0,0
merchant,baseline,42,22,1,0,0,0,0,0,0
merchant,baseline,42,23,0,0,0,0,0,0,0
merchant,baseline,42,24,0,0,0,0,0,0,0
merchant,baseline,42,25,0,0,0,0,0,0,0
merchant,baseline,42,26,0,0,0,0,0,0,0
merchant,baseline,42,27,0,0,0,0,0,0,0
merchant,baseline,42,28,0,0,0,0,0,0,0
merchant,baseline,42,29,0,0,0,0,0,0,0
merchant,baseline,42,30,0,0,0,0,0,0,0
merchant,baseline,42,31,0,0,0,0,0,0,0
merchant,baseline,42,32,0,0,0,0,0,0,0
merchant,baseline,42,33,0,0,0,0,0,0,0
merchant,baseline,42,34,0,0,0,0,0,0,0
merchant,baseline,42,35,0,0,0,0,0,0,0
merchant,baseline,42,36,0,0,0,0,0,0,0
merchant,baseline,42,37,0,0,0,0,0,0,0
merchant,baseline,42,38,0,0,0,0,0,0,0
merchant,baseline,42,39,0,0,0,0,0,0,0
merchant,baseline,42,40,0,0,0,0,0,0,0
merchant,baseline,42,41,0,0,0,0,0,0,0
merchant,baseline,42,42,0,0,0,0,0,0,0
merchant,baseline,42,43,0,0,0,0,0,0,0
merchant,baseline,42,44,0,0,0,0,0,0,0
merchant,baseline,42,45,0,0,0,0,0,0,0
merchant,baseline,42,46,0,0,0,0,0,0,0
merchant,baseline,42,47,0,0,0,0,0,0,0
merchant,baseline,42,48,0,0,0,0,0,0,0
merchant,baseline,42,49,0,0,0,0,0,0,0
merchant,baseline,42,50,0,0,0,0,0,0,0
merchant,baseline,42,51,0,0,0,0,0,0,0
merchant,baseline,42,52,0,0,0,0,0,0,0
merchant,baseline,42,53,0,0,0,0,0,0,0
merchant,baseline,42,54,0,0,0,0,0,0,0
merchant,baseline,42,55,0,0,0,0,0,0,0
merchant,baseline,42,56,0,0,0,0,0,0,0
merchant,baseline,42,57,0,0,0,0,0,0,0
merchant,baseline,42,58,0,0,0,0,0,0,0
merchant,baseline,42,59,0,0,0,0,0,0,0
merchant,baseline,42,60,0,0,0,0,0,0,0
merchant,baseline,42,61,0,0,0,0,0,0,0
merchant,baseline,42,62,0,0,0,0,0,0,0
merchant,baseline,42,63,0,0,0,0,0,0,0
merchant,baseline,42,64,0,0,0,0,0,0,0
merchant,baseline,42,65,0,0,0,0,0,0,0
merchant,baseline,42,66,0,0,0,0,0,0,0
merchant,baseline,42,67,0,0,0,0,0,0,0
merchant,baseline,42,68,0,0,0,0,0,0,0
merchant,baseline,42,69,0,0,0,0,0,0,0
merchant,baseline,42,70,0,0,0,0,0,0,0
merchant,baseline,42,71,0,0,0,0,0,0,0
merchant,baseline,42,72,0,0,0,0,0,0,0
merchant,baseline,42,73,0,0,0,0,0,0,0
merchant,baseline,42,74,0,0,0,0,0,0,0
merchant,baseline,42,75,0,0,0,0,0,0,0
merchant,baseline,42,76,0,0,0,0,0,0,0
merchant,baseline,42,77,0,0,0,0,0,0,0
merchant,baseline,42,78,0,0,0,0,0,0,0
merchant,baseline,42,79,0,0,0,0,0,0,0
merchant,baseline,42,80,0,0,0,0,0,0,0
merchant,baseline,42,81,0,0,0,0,0,0,0
merchant,baseline,42,82,0,0,0,0,0,0,0
merchant,baseline,42,83,0,0,0,0,0,0,0
merchant,baseline,42,84,0,0,0,0,0,0,0
merchant,baseline,42,85,0,0,0,0,0,0,0
merchant,baseline,42,86,0,0,0,0,0,0,0
merchant,baseline,42,87,0,0,0,0,0,0,0
merchant,baseline,42,88,0,0,0,0,0,0,0
merchant,baseline,42,89,0,0,0,0,0,0,0
merchant,baseline,42,90,0,0,0,0,0,0,0
merchant,baseline,42,91,0,0,0,0,0,0,0
merchant,baseline,42,92,0,0,0,0,0,0,0
merchant,baseline,42,93,0,0,0,0,0,0,0
merchant,baseline,42,94,0,0,0,0,0,0,0
merchant,baseline,42,95,0,0,0,0,0,0,0
merchant,baseline,42,96,0,0,0,0,0,0,0
merchant,baseline,42,97,0,0,0,0,0,0,0
merchant,baseline,42,98,0,0,0,0,0,0,0
merchant,baseline,42,99,0,0,0,0,0,0,0
merchant,baseline,42,100,0,0,0,0,0,0,0
nomad,baseline,7,1,117,1,1,0,0,0,0
nomad,baseline,7,2,171,2,2,0,0,0,35
nomad,baseline,7,3,64,2,2,0,0,0,35
nomad,baseline,7,4,27,1,1,0,0,0,35
nomad,baseline,7,5,5,1,1,0,0,0,35
nomad,baseline,7,6,0,0,0,0,0,0,35
nomad,baseline,7,7,0,0,0,0,0,0,35
nomad,baseline,7,8,0,0,0,0,0,0,35
nomad,baseline,7,9,0,0,0,0,0,0,35
nomad,baseline,7,10,4,0,0,0,0,0,35
nomad,baseline,7,11,4,0,0,0,0,0,35
nomad,baseline,7,12,4,0,0,0,0,0,35
nomad,baseline,7,13,4,0,0,0,0,0,35
nomad,baseline,7,14,0,0,0,0,0,0,35
nomad,baseline,7,15,0,0,0,0,0,0,35
nomad,baseline,7,16,0,0,0,0,0,0,35
nomad,baseline,7,17,0,0,0,0,0,0,35
nomad,baseline,7,18,0,0,0,0,0,0,35
nomad,baseline,7,19,0,0,0,0,0,0,35
nomad,baseline,7,20,0,0,0,0,0,0,35
nomad,baseline,7,21,0,0,0,0,0,0,35
nomad,baseline,7,22,3,0,0,0,0,0,35
nomad,baseline,7,23,3,0,0,0,0,0,35
nomad,baseline,7,24,3,0,0,0,0,0,35
nomad,baseline,7,25,0,0,0,0,0,0,35
nomad,baseline,19,1,101,2,2,0,0,0,11
nomad,baseline,19,2,23,2,2,0,0,0,17
nomad,baseline,19,3,10,1,1,0,0,0,17
nomad,baseline,19,4,4,0,0,0,0,0,17
nomad,baseline,19,5,4,0,0,0,0,0,17
nomad,baseline,19,6,4,0,0,0,0,0,17
nomad,baseline,19,7,4,0,0,0,0,0,17
nomad,baseline,19,8,0,0,0,0,0,0,17
nomad,baseline,19,9,0,0,0,0,0,0,17
nomad,baseline,19,10,50,1,1,0,0,0,17
nomad,baseline,19,11,50,1,1,0,0,0,17
nomad,baseline,19,12,47,1,1,0,0,0,19
nomad,baseline,19,13,106,2,2,0,0,0,19
nomad,baseline,19,14,73,2,2,0,0,0,19
nomad,baseline,19,15,24,2,2,0,0,0,19
nomad,baseline,19,16,1,0,0,0,0,0,19
nomad,baseline,19,17,0,0,0,0,0,0,19
nomad,baseline,19,18,0,0,0,0,0,0,19
nomad,baseline,19,19,0,0,0,0,0,0,19
nomad,baseline,19,20,0,0,0,0,0,0,19
nomad,baseline,19,21,0,0,0,0,0,0,19
nomad,baseline,42,1,117,1,1,0,0,0,0
nomad,baseline,42,2,11,2,2,0,0,0,6
nomad,baseline,42,3,5,1,1,0,0,0,6
nomad,baseline,42,4,5,1,1,0,0,0,6
nomad,baseline,42,5,5,1,1,0,0,0,6
nomad,baseline,42,6,1,1,1,0,0,0,6
nomad,baseline,42,7,0,0,0,0,0,0,6
nomad,baseline,42,8,29,0,0,0,0,0,6
nomad,baseline,42,9,22,0,0,0,0,0,6
nomad,baseline,42,10,15,0,0,0,0,0,6
nomad,baseline,42,11,11,0,0,0,0,0,6
nomad,baseline,42,12,7,0,0,0,0,0,6
nomad,baseline,42,13,5,0,0,0,0,0,6
nomad,baseline,42,14,0,0,0,0,0,0,6
nomad,baseline,42,15,0,0,0,0,0,0,6
nomad,baseline,42,16,0,0,0,0,0,0,6
nomad,baseline,42,17,0,0,0,0,0,0,6
nomad,baseline,42,18,0,0,0,0,0,0,6
nomad,baseline,42,19,0,0,0,0,0,0,6
nomad,baseline,42,20,60,1,1,0,0,0,6
nomad,baseline,42,21,18,1,1,0,0,0,6
nomad,baseline,42,22,8,0,0,0,0,0,6
nomad,baseline,42,23,1,0,0,0,0,0,6
nomad,baseline,42,24,0,0,0,0,0,0,6
nomad,baseline,42,25,0,0,0,0,0,0,6
builder,baseline,7,1,27,0,0,0,0,0,0
builder,baseline,7,2,27,0,0,0,0,0,0
builder,baseline,7,3,3,0,0,0,0,0,0
builder,baseline,7,4,3,0,0,0,0,0,0
builder,baseline,7,5,3,0,0,0,0,0,0
builder,baseline,7,6,0,0,0,0,0,0,0
builder,baseline,7,7,0,0,0,0,0,0,0
builder,baseline,7,8,0,0,0,0,0,0,0
builder,baseline,7,9,0,0,0,0,0,0,0
builder,baseline,7,10,0,0,0,0,0,0,0
builder,baseline,7,11,0,0,0,0,0,0,0
builder,baseline,7,12,0,0,0,0,0,0,0
builder,baseline,7,13,0,0,0,0,0,0,0
builder,baseline,7,14,0,0,0,0,0,0,0
builder,baseline,7,15,0,0,0,0,0,0,0
builder,baseline,7,16,0,0,0,0,0,0,0
builder,baseline,7,17,0,0,0,0,0,0,0
builder,baseline,7,18,0,0,0,0,0,0,0
builder,baseline,7,19,0,0,0,0,0,0,0
builder,baseline,7,20,0,0,0,0,0,0,0
builder,baseline,7,21,0,0,0,0,0,0,0
builder,baseline,7,22,0,0,0,0,0,0,0
builder,baseline,7,23,0,0,0,0,0,0,0
builder,baseline,7,24,0,0,0,0,0,0,0
builder,baseline,7,25,0,0,0,0,0,0,0
builder,baseline,7,26,0,0,0,0,0,0,0
builder,baseline,7,27,0,0,0,0,0,0,0
builder,baseline,7,28,0,0,0,0,0,0,0
builder,baseline,7,29,0,0,0,0,0,0,0
builder,baseline,7,30,0,0,0,0,0,0,0
builder,baseline,19,1,41,0,0,0,0,0,0
builder,baseline,19,2,41,0,0,0,0,0,0
builder,baseline,19,3,41,0,0,0,0,0,0
builder,baseline,19,4,41,0,0,0,0,0,0
builder,baseline,19,5,41,0,0,0,0,0,0
builder,baseline,19,6,39,0,0,0,0,0,0
builder,baseline,19,7,35,0,0,0,0,0,0
builder,baseline,19,8,34,0,0,0,0,0,0
builder,baseline,19,9,30,0,0,0,0,0,0
builder,baseline,19,10,29,0,0,0,0,0,0
builder,baseline,19,11,29,0,0,0,0,0,0
builder,baseline,19,12,29,0,0,0,0,0,0
builder,baseline,19,13,29,0,0,0,0,0,0
builder,baseline,19,14,29,0,0,0,0,0,0
builder,baseline,19,15,29,0,0,0,0,0,0
builder,baseline,19,16,29,0,0,0,0,0,0
builder,baseline,19,17,27,0,0,0,0,0,0
builder,baseline,19,18,25,0,0,0,0,0,0
builder,baseline,19,19,22,0,0,0,0,0,0
builder,baseline,19,20,21,0,0,0,0,0,0
builder,baseline,19,21,20,0,0,0,0,0,0
builder,baseline,19,22,20,0,0,0,0,0,0
builder,baseline,19,23,20,0,0,0,0,0,0
builder,baseline,19,24,20,0,0,0,0,0,0
builder,baseline,19,25,20,0,0,0,0,0,0
builder,baseline,19,26,20,0,0,0,0,0,0
builder,baseline,19,27,20,0,0,0,0,0,0
builder,baseline,19,28,20,0,0,0,0,0,0
builder,baseline,19,29,20,0,0,0,0,0,0
builder,baseline,19,30,20,0,0,0,0,0,0
builder,baseline,19,31,20,0,0,0,0,0,0
builder,baseline,19,32,20,0,0,0,0,0,0
builder,baseline,19,33,20,0,0,0,0,0,0
builder,baseline,19,34,20,0,0,0,0,0,0
builder,baseline,19,35,20,0,0,0,0,0,0
builder,baseline,19,36,20,0,0,0,0,0,0
builder,baseline,19,37,20,0,0,0,0,0,0
builder,baseline,19,38,20,0,0,0,0,0,0
builder,baseline,19,39,20,0,0,0,0,0,0
builder,baseline,19,40,20,0,0,0,0,0,0
builder,baseline,19,41,20,0,0,0,0,0,0
builder,baseline,19,42,20,0,0,0,0,0,0
builder,baseline,19,43,20,0,0,0,0,0,0
builder,baseline,19,44,20,0,0,0,0,0,0
builder,baseline,19,45,20,0,0,0,0,0,0
builder,baseline,19,46,20,0,0,0,0,0,0
builder,baseline,19,47,20,0,0,0,0,0,0
builder,baseline,19,48,20,0,0,0,0,0,0
builder,baseline,19,49,20,0,0,0,0,0,0
builder,baseline,19,50,20,0,0,0,0,0,0
builder,baseline,19,51,20,0,0,0,0,0,0
builder,baseline,19,52,20,0,0,0,0,0,0
builder,baseline,19,53,20,0,0,0,0,0,0
builder,baseline,19,54,20,0,0,0,0,0,0
builder,baseline,19,55,20,0,0,0,0,0,0
builder,baseline,19,56,20,0,0,0,0,0,0
builder,baseline,19,57,20,0,0,0,0,0,0
builder,baseline,19,58,20,0,0,0,0,0,0
builder,baseline,19,59,20,0,0,0,0,0,0
builder,baseline,19,60,20,0,0,0,0,0,0
builder,baseline,19,61,20,0,0,0,0,0,0
builder,baseline,19,62,20,0,0,0,0,0,0
builder,baseline,19,63,20,0,0,0,0,0,0
builder,baseline,19,64,20,0,0,0,0,0,0
builder,baseline,19,65,20,0,0,0,0,0,0
builder,baseline,19,66,20,0,0,0,0,0,0
builder,baseline,19,67,20,0,0,0,0,0,0
builder,baseline,19,68,20,0,0,0,0,0,0
builder,baseline,19,69,20,0,0,0,0,0,0
builder,baseline,19,70,20,0,0,0,0,0,0
builder,baseline,19,71,20,0,0,0,0,0,0
builder,baseline,19,72,20,0,0,0,0,0,0
builder,baseline,19,73,20,0,0,0,0,0,0
builder,baseline,19,74,20,0,0,0,0,0,0
builder,baseline,19,75,20,0,0,0,0,0,0
builder,baseline,19,76,20,0,0,0,0,0,0
builder,baseline,19,77,20,0,0,0,0,0,0
builder,baseline,19,78,20,0,0,0,0,0,0
builder,baseline,19,79,20,0,0,0,0,0,0
builder,baseline,19,80,20,0,0,0,0,0,0
builder,baseline,19,81,20,0,0,0,0,0,0
builder,baseline,19,82,20,0,0,0,0,0,0
builder,baseline,19,83,20,0,0,0,0,0,0
builder,baseline,19,84,20,0,0,0,0,0,0
builder,baseline,19,85,20,0,0,0,0,0,0
builder,baseline,19,86,20,0,0,0,0,0,0
builder,baseline,19,87,20,0,0,0,0,0,0
builder,baseline,19,88,20,0,0,0,0,0,0
builder,baseline,19,89,20,0,0,0,0,0,0
builder,baseline,19,90,20,0,0,0,0,0,0
builder,baseline,19,91,20,0,0,0,0,0,0
builder,baseline,19,92,20,0,0,0,0,0,0
builder,baseline,19,93,20,0,0,0,0,0,0
builder,baseline,19,94,20,0,0,0,0,0,0
builder,baseline,19,95,2,0,0,0,0,0,0
builder,baseline,19,96,2,0,0,0,0,0,0
builder,baseline,19,97,2,0,0,0,0,0,0
builder,baseline,19,98,2,0,0,0,0,0,0
builder,baseline,19,99,2,0,0,0,0,0,0
builder,baseline,19,100,2,0,0,0,0,0,0
builder,baseline,42,1,27,0,0,0,0,0,0
builder,baseline,42,2,27,0,0,0,0,0,0
builder,baseline,42,3,27,0,0,0,0,0,0
builder,baseline,42,4,27,0,0,0,0,0,0
builder,baseline,42,5,27,0,0,0,0,0,0
builder,baseline,42,6,26,0,0,0,0,0,0
builder,baseline,42,7,25,0,0,0,0,0,0
builder,baseline,42,8,25,0,0,0,0,0,0
builder,baseline,42,9,25,0,0,0,0,0,0
builder,baseline,42,10,25,0,0,0,0,0,0
builder,baseline,42,11,25,0,0,0,0,0,0
builder,baseline,42,12,25,0,0,0,0,0,0
builder,baseline,42,13,25,0,0,0,0,0,0
builder,baseline,42,14,25,0,0,0,0,0,0
builder,baseline,42,15,25,0,0,0,0,0,0
builder,baseline,42,16,15,0,0,0,0,0,0
builder,baseline,42,17,15,0,0,0,0,0,0
builder,baseline,42,18,11,0,0,0,0,0,0
builder,baseline,42,19,11,0,0,0,0,0,0
builder,baseline,42,20,1,0,0,0,0,0,0
builder,baseline,42,21,1,0,0,0,0,0,0
builder,baseline,42,22,1,0,0,0,0,0,0
builder,baseline,42,23,0,0,0,0,0,0,0
builder,baseline,42,24,0,0,0,0,0,0,0
builder,baseline,42,25,0,0,0,0,0,0,0
builder,baseline,42,26,0,0,0,0,0,0,0
builder,baseline,42,27,0,0,0,0,0,0,0
builder,baseline,42,28,0,0,0,0,0,0,0
builder,baseline,42,29,0,0,0,0,0,0,0
builder,baseline,42,30,0,0,0,0,0,0,0
builder,baseline,42,31,0,0,0,0,0,0,0
builder,baseline,42,32,0,0,0,0,0,0,0
builder,baseline,42,33,0,0,0,0,0,0,0
builder,baseline,42,34,0,0,0,0,0,0,0
builder,baseline,42,35,0,0,0,0,0,0,0
builder,baseline,42,36,0,0,0,0,0,0,0
builder,baseline,42,37,0,0,0,0,0,0,0
builder,baseline,42,38,0,0,0,0,0,0,0
builder,baseline,42,39,0,0,0,0,0,0,0
builder,baseline,42,40,0,0,0,0,0,0,0
builder,baseline,42,41,0,0,0,0,0,0,0
builder,baseline,42,42,0,0,0,0,0,0,0
builder,baseline,42,43,0,0,0,0,0,0,0
builder,baseline,42,44,0,0,0,0,0,0,0
builder,baseline,42,45,0,0,0,0,0,0,0
builder,baseline,42,46,0,0,0,0,0,0,0
builder,baseline,42,47,0,0,0,0,0,0,0
builder,baseline,42,48,0,0,0,0,0,0,0
builder,baseline,42,49,0,0,0,0,0,0,0
builder,baseline,42,50,0,0,0,0,0,0,0
builder,baseline,42,51,0,0,0,0,0,0,0
builder,baseline,42,52,0,0,0,0,0,0,0
builder,baseline,42,53,0,0,0,0,0,0,0
builder,baseline,42,54,0,0,0,0,0,0,0
builder,baseline,42,55,0,0,0,0,0,0,0
builder,baseline,42,56,0,0,0,0,0,0,0
builder,baseline,42,57,0,0,0,0,0,0,0
builder,baseline,42,58,0,0,0,0,0,0,0
builder,baseline,42,59,0,0,0,0,0,0,0
builder,baseline,42,60,0,0,0,0,0,0,0
builder,baseline,42,61,0,0,0,0,0,0,0
builder,baseline,42,62,0,0,0,0,0,0,0
builder,baseline,42,63,0,0,0,0,0,0,0
builder,baseline,42,64,0,0,0,0,0,0,0
builder,baseline,42,65,0,0,0,0,0,0,0
builder,baseline,42,66,0,0,0,0,0,0,0
builder,baseline,42,67,0,0,0,0,0,0,0
builder,baseline,42,68,0,0,0,0,0,0,0
builder,baseline,42,69,0,0,0,0,0,0,0
builder,baseline,42,70,0,0,0,0,0,0,0
builder,baseline,42,71,0,0,0,0,0,0,0
builder,baseline,42,72,0,0,0,0,0,0,0
builder,baseline,42,73,0,0,0,0,0,0,0
builder,baseline,42,74,0,0,0,0,0,0,0
builder,baseline,42,75,0,0,0,0,0,0,0
builder,baseline,42,76,0,0,0,0,0,0,0
builder,baseline,42,77,0,0,0,0,0,0,0
builder,baseline,42,78,0,0,0,0,0,0,0
builder,baseline,42,79,0,0,0,0,0,0,0
builder,baseline,42,80,0,0,0,0,0,0,0
builder,baseline,42,81,0,0,0,0,0,0,0
builder,baseline,42,82,0,0,0,0,0,0,0
builder,baseline,42,83,0,0,0,0,0,0,0
builder,baseline,42,84,0,0,0,0,0,0,0
builder,baseline,42,85,0,0,0,0,0,0,0
builder,baseline,42,86,0,0,0,0,0,0,0
builder,baseline,42,87,0,0,0,0,0,0,0
builder,baseline,42,88,0,0,0,0,0,0,0
builder,baseline,42,89,0,0,0,0,0,0,0
builder,baseline,42,90,0,0,0,0,0,0,0
builder,baseline,42,91,0,0,0,0,0,0,0
builder,baseline,42,92,0,0,0,0,0,0,0
builder,baseline,42,93,0,0,0,0,0,0,0
builder,baseline,42,94,0,0,0,0,0,0,0
builder,baseline,42,95,0,0,0,0,0,0,0
builder,baseline,42,96,0,0,0,0,0,0,0
builder,baseline,42,97,0,0,0,0,0,0,0
builder,baseline,42,98,0,0,0,0,0,0,0
builder,baseline,42,99,0,0,0,0,0,0,0
builder,baseline,42,100,0,0,0,0,0,0,0
isolationist,baseline,7,1,24,0,0,0,0,0,0
isolationist,baseline,7,2,19,0,0,0,0,0,0
isolationist,baseline,7,3,2,0,0,0,0,0,0
isolationist,baseline,7,4,2,0,0,0,0,0,0
isolationist,baseline,7,5,2,0,0,0,0,0,0
isolationist,baseline,7,6,0,0,0,0,0,0,0
isolationist,baseline,7,7,0,0,0,0,0,0,0
isolationist,baseline,7,8,0,0,0,0,0,0,0
isolationist,baseline,7,9,0,0,0,0,0,0,0
isolationist,baseline,7,10,0,0,0,0,0,0,0
isolationist,baseline,7,11,0,0,0,0,0,0,0
isolationist,baseline,7,12,0,0,0,0,0,0,0
isolationist,baseline,7,13,0,0,0,0,0,0,0
isolationist,baseline,7,14,0,0,0,0,0,0,0
isolationist,baseline,7,15,0,0,0,0,0,0,0
isolationist,baseline,7,16,0,0,0,0,0,0,0
isolationist,baseline,7,17,0,0,0,0,0,0,0
isolationist,baseline,7,18,0,0,0,0,0,0,0
isolationist,baseline,7,19,0,0,0,0,0,0,0
isolationist,baseline,7,20,0,0,0,0,0,0,0
isolationist,baseline,7,21,0,0,0,0,0,0,0
isolationist,baseline,7,22,0,0,0,0,0,0,0
isolationist,baseline,19,1,41,0,0,0,0,0,0
isolationist,baseline,19,2,31,0,0,0,0,0,0
isolationist,baseline,19,3,26,0,0,0,0,0,0
isolationist,baseline,19,4,20,0,0,0,0,0,0
isolationist,baseline,19,5,2,0,0,0,0,0,0
isolationist,baseline,19,6,2,0,0,0,0,0,0
isolationist,baseline,19,7,2,0,0,0,0,0,0
isolationist,baseline,19,8,0,0,0,0,0,0,0
isolationist,baseline,19,9,0,0,0,0,0,0,0
isolationist,baseline,19,10,0,0,0,0,0,0,0
isolationist,baseline,19,11,0,0,0,0,0,0,0
isolationist,baseline,19,12,0,0,0,0,0,0,0
isolationist,baseline,19,13,0,0,0,0,0,0,0
isolationist,baseline,19,14,0,0,0,0,0,0,0
isolationist,baseline,19,15,0,0,0,0,0,0,0
isolationist,baseline,19,16,0,0,0,0,0,0,0
isolationist,baseline,19,17,0,0,0,0,0,0,0
isolationist,baseline,19,18,0,0,0,0,0,0,0
isolationist,baseline,19,19,0,0,0,0,0,0,0
isolationist,baseline,19,20,0,0,0,0,0,0,0
isolationist,baseline,19,21,0,0,0,0,0,0,0
isolationist,baseline,42,1,24,0,0,0,0,0,0
isolationist,baseline,42,2,20,0,0,0,0,0,0
isolationist,baseline,42,3,15,0,0,0,0,0,0
isolationist,baseline,42,4,11,0,0,0,0,0,0
isolationist,baseline,42,5,10,0,0,0,0,0,0
isolationist,baseline,42,6,9,0,0,0,0,0,0
isolationist,baseline,42,7,6,0,0,0,0,0,0
isolationist,baseline,42,8,30,0,0,0,0,0,0
isolationist,baseline,42,9,25,0,0,0,0,0,0
isolationist,baseline,42,10,18,0,0,0,0,0,0
isolationist,baseline,42,11,14,0,0,0,0,0,0
isolationist,baseline,42,12,12,0,0,0,0,0,0
isolationist,baseline,42,13,12,0,0,0,0,0,0
isolationist,baseline,42,14,2,0,0,0,0,0,0
isolationist,baseline,42,15,2,0,0,0,0,0,0
isolationist,baseline,42,16,0,0,0,0,0,0,0
isolationist,baseline,42,17,0,0,0,0,0,0,0
isolationist,baseline,42,18,0,0,0,0,0,0,0
isolationist,baseline,42,19,0,0,0,0,0,0,0
isolationist,baseline,42,20,0,0,0,0,0,0,0
isolationist,baseline,42,21,0,0,0,0,0,0,0
isolationist,baseline,42,22,0,0,0,0,0,0,0
isolationist,baseline,42,23,0,0,0,0,0,0,0
expansionist,baseline,7,1,25,0,0,0,0,0,0
expansionist,baseline,7,2,20,0,0,0,0,0,0
expansionist,baseline,7,3,2,0,0,0,0,0,0
expansionist,baseline,7,4,2,0,0,0,0,0,0
expansionist,baseline,7,5,2,0,0,0,0,0,0
expansionist,baseline,7,6,0,0,0,0,0,0,0
expansionist,baseline,7,7,0,0,0,0,0,0,0
expansionist,baseline,7,8,0,0,0,0,0,0,0
expansionist,baseline,7,9,0,0,0,0,0,0,0
expansionist,baseline,7,10,320,1,0,0,0,0,0
expansionist,baseline,7,11,0,0,0,0,0,0,0
expansionist,baseline,7,12,0,0,0,0,0,0,0
expansionist,baseline,7,13,0,0,0,0,0,0,0
expansionist,baseline,7,14,0,0,0,0,0,0,0
expansionist,baseline,7,15,0,0,0,0,0,0,0
expansionist,baseline,7,16,0,0,0,0,0,0,0
expansionist,baseline,7,17,0,0,0,0,0,0,0
expansionist,baseline,7,18,0,0,0,0,0,0,0
expansionist,baseline,7,19,0,0,0,0,0,0,0
expansionist,baseline,7,20,0,0,0,0,0,0,0
expansionist,baseline,7,21,0,0,0,0,0,0,0
expansionist,baseline,7,22,0,0,0,0,0,0,0
expansionist,baseline,19,1,40,0,0,0,0,0,0
expansionist,baseline,19,2,30,0,0,0,0,0,0
expansionist,baseline,19,3,25,0,0,0,0,0,0
expansionist,baseline,19,4,19,0,0,0,0,0,0
expansionist,baseline,19,5,2,0,0,0,0,0,0
expansionist,baseline,19,6,2,0,0,0,0,0,0
expansionist,baseline,19,7,2,0,0,0,0,0,0
expansionist,baseline,19,8,0,0,0,0,0,0,0
expansionist,baseline,19,9,0,0,0,0,0,0,0
expansionist,baseline,19,10,0,0,0,0,0,0,0
expansionist,baseline,19,11,0,0,0,0,0,0,0
expansionist,baseline,19,12,0,0,0,0,0,0,0
expansionist,baseline,19,13,0,0,0,0,0,0,0
expansionist,baseline,19,14,0,0,0,0,0,0,0
expansionist,baseline,19,15,0,0,0,0,0,0,0
expansionist,baseline,19,16,0,0,0,0,0,0,0
expansionist,baseline,19,17,0,0,0,0,0,0,0
expansionist,baseline,19,18,0,0,0,0,0,0,0
expansionist,baseline,19,19,0,0,0,0,0,0,0
expansionist,baseline,19,20,0,0,0,0,0,0,0
expansionist,baseline,42,1,27,0,0,0,0,0,0
expansionist,baseline,42,2,0,0,0,0,0,0,0
expansionist,baseline,42,3,0,0,0,0,0,0,0
expansionist,baseline,42,4,0,0,0,0,0,0,0
expansionist,baseline,42,5,0,0,0,0,0,0,0
expansionist,baseline,42,6,0,0,0,0,0,0,0
expansionist,baseline,42,7,0,0,0,0,0,0,0
expansionist,baseline,42,8,0,0,0,0,0,0,0
expansionist,baseline,42,9,0,0,0,0,0,0,0
expansionist,baseline,42,10,0,0,0,0,0,0,0
expansionist,baseline,42,11,0,0,0,0,0,0,0
expansionist,baseline,42,12,0,0,0,0,0,0,0
expansionist,baseline,42,13,0,0,0,0,0,0,0
expansionist,baseline,42,14,0,0,0,0,0,0,0
expansionist,baseline,42,15,0,0,0,0,0,0,0
expansionist,baseline,42,16,0,0,0,0,0,0,0
expansionist,baseline,42,17,0,0,0,0,0,0,0
expansionist,baseline,42,18,0,0,0,0,0,0,0
expansionist,baseline,42,19,0,0,0,0,0,0,0
expansionist,baseline,42,20,0,0,0,0,0,0,0
expansionist,baseline,42,21,0,0,0,0,0,0,0
expansionist,baseline,42,22,0,0,0,0,0,0,0
expansionist,baseline,42,23,0,0,0,0,0,0,0
balanced,baseline,7,1,27,0,0,0,0,0,0
balanced,baseline,7,2,26,0,0,0,0,0,0
balanced,baseline,7,3,2,0,0,0,0,0,0
balanced,baseline,7,4,2,0,0,0,0,0,0
balanced,baseline,7,5,2,0,0,0,0,0,0
balanced,baseline,7,6,0,0,0,0,0,0,0
balanced,baseline,7,7,0,0,0,0,0,0,0
balanced,baseline,7,8,0,0,0,0,0,0,0
balanced,baseline,7,9,0,0,0,0,0,0,0
balanced,baseline,7,10,0,0,0,0,0,0,0
balanced,baseline,7,11,0,0,0,0,0,0,0
balanced,baseline,7,12,0,0,0,0,0,0,0
balanced,baseline,7,13,25,0,0,0,0,0,0
balanced,baseline,7,14,50,0,0,0,0,0,0
balanced,baseline,7,15,75,0,0,0,0,0,0
balanced,baseline,7,16,100,0,0,0,0,0,0
balanced,baseline,7,17,100,0,0,0,0,0,0
balanced,baseline,7,18,10,0,0,0,0,0,0
balanced,baseline,7,19,8,0,0,0,0,0,0
balanced,baseline,7,20,8,0,0,0,0,0,0
balanced,baseline,7,21,8,0,0,0,0,0,0
balanced,baseline,7,22,8,0,0,0,0,0,0
balanced,baseline,7,23,33,0,0,0,0,0,0
balanced,baseline,7,24,58,0,0,0,0,0,0
balanced,baseline,7,25,83,0,0,0,0,0,0
balanced,baseline,7,26,108,0,0,0,0,0,0
balanced,baseline,7,27,108,0,0,0,0,0,0
balanced,baseline,7,28,133,0,0,0,0,0,0
balanced,baseline,7,29,158,0,0,0,0,0,0
balanced,baseline,7,30,183,0,0,0,0,0,0
balanced,baseline,7,31,208,0,0,0,0,0,0
balanced,baseline,7,32,208,0,0,0,0,0,0
balanced,baseline,7,33,187,0,0,0,0,0,0
balanced,baseline,7,34,212,0,0,0,0,0,0
balanced,baseline,7,35,237,0,0,0,0,0,0
balanced,baseline,7,36,262,0,0,0,0,0,0
balanced,baseline,7,37,262,0,0,0,0,0,0
balanced,baseline,7,38,287,0,0,0,0,0,0
balanced,baseline,7,39,312,0,0,0,0,0,0
balanced,baseline,7,40,337,0,0,0,0,0,0
balanced,baseline,7,41,5,0,0,0,0,0,0
balanced,baseline,7,42,5,0,0,0,0,0,0
balanced,baseline,7,43,4,0,0,0,0,0,0
balanced,baseline,7,44,0,0,0,0,0,0,0
balanced,baseline,7,45,0,0,0,0,0,0,0
balanced,baseline,7,46,0,0,0,0,0,0,0
balanced,baseline,7,47,0,0,0,0,0,0,0
balanced,baseline,7,48,19,0,0,0,0,0,0
balanced,baseline,7,49,44,0,0,0,0,0,0
balanced,baseline,7,50,69,0,0,0,0,0,0
balanced,baseline,7,51,94,0,0,0,0,0,0
balanced,baseline,7,52,94,0,0,0,0,0,0
balanced,baseline,7,53,13,0,0,0,0,0,0
balanced,baseline,7,54,13,0,0,0,0,0,0
balanced,baseline,7,55,30,0,0,0,0,0,0
balanced,baseline,7,56,55,0,0,0,0,0,0
balanced,baseline,7,57,55,0,0,0,0,0,0
balanced,baseline,7,58,80,0,0,0,0,0,0
balanced,baseline,7,59,105,0,0,0,0,0,0
balanced,baseline,7,60,103,0,0,0,0,0,0
balanced,baseline,7,61,128,0,0,0,0,0,0
balanced,baseline,7,62,128,0,0,0,0,0,0
balanced,baseline,7,63,153,0,0,0,0,0,0
balanced,baseline,7,64,178,0,0,0,0,0,0
balanced,baseline,7,65,203,0,0,0,0,0,0
balanced,baseline,7,66,184,0,0,0,0,0,0
balanced,baseline,7,67,184,0,0,0,0,0,0
balanced,baseline,7,68,147,0,0,0,0,0,0
balanced,baseline,7,69,172,0,0,0,0,0,0
balanced,baseline,7,70,197,0,0,0,0,0,0
balanced,baseline,7,71,222,0,0,0,0,0,0
balanced,baseline,7,72,222,0,0,0,0,0,0
balanced,baseline,7,73,247,0,0,0,0,0,0
balanced,baseline,7,74,272,0,0,0,0,0,0
balanced,baseline,7,75,297,0,0,0,0,0,0
balanced,baseline,7,76,322,0,0,0,0,0,0
balanced,baseline,7,77,322,0,0,0,0,0,0
balanced,baseline,7,78,347,0,0,0,0,0,0
balanced,baseline,7,79,372,0,0,0,0,0,0
balanced,baseline,7,80,397,0,0,0,0,0,0
balanced,baseline,7,81,422,0,0,0,0,0,0
balanced,baseline,7,82,422,0,0,0,0,0,0
balanced,baseline,7,83,447,0,0,0,0,0,0
balanced,baseline,7,84,472,0,0,0,0,0,0
balanced,baseline,7,85,497,0,0,0,0,0,0
balanced,baseline,7,86,522,0,0,0,0,0,0
balanced,baseline,7,87,522,0,0,0,0,0,0
balanced,baseline,7,88,547,0,0,0,0,0,0
balanced,baseline,7,89,572,0,0,0,0,0,0
balanced,baseline,7,90,597,0,0,0,0,0,0
balanced,baseline,7,91,622,0,0,0,0,0,0
balanced,baseline,7,92,622,0,0,0,0,0,0
balanced,baseline,7,93,647,0,0,0,0,0,0
balanced,baseline,7,94,672,0,0,0,0,0,0
balanced,baseline,7,95,697,0,0,0,0,0,0
balanced,baseline,7,96,722,0,0,0,0,0,0
balanced,baseline,7,97,722,0,0,0,0,0,0
balanced,baseline,7,98,747,0,0,0,0,0,0
balanced,baseline,7,99,772,0,0,0,0,0,0
balanced,baseline,7,100,797,0,0,0,0,0,0
balanced,baseline,19,1,66,0,0,0,0,0,0
balanced,baseline,19,2,66,0,0,0,0,0,0
balanced,baseline,19,3,91,0,0,0,0,0,0
balanced,baseline,19,4,106,0,0,0,0,0,0
balanced,baseline,19,5,106,0,0,0,0,0,0
balanced,baseline,19,6,106,0,0,0,0,0,0
balanced,baseline,19,7,106,0,0,0,0,0,0
balanced,baseline,19,8,131,0,0,0,0,0,0
balanced,baseline,19,9,122,0,0,0,0,0,0
balanced,baseline,19,10,144,0,0,0,0,0,0
balanced,baseline,19,11,169,0,0,0,0,0,0
balanced,baseline,19,12,169,0,0,0,0,0,0
balanced,baseline,19,13,194,0,0,0,0,0,0
balanced,baseline,19,14,219,0,0,0,0,0,0
balanced,baseline,19,15,244,0,0,0,0,0,0
balanced,baseline,19,16,269,0,0,0,0,0,0
balanced,baseline,19,17,269,0,0,0,0,0,0
balanced,baseline,19,18,294,0,0,0,0,0,0
balanced,baseline,19,19,319,0,0,0,0,0,0
balanced,baseline,19,20,319,0,0,0,0,0,0
balanced,baseline,19,21,344,0,0,0,0,0,0
balanced,baseline,19,22,344,0,0,0,0,0,0
balanced,baseline,19,23,358,0,0,0,0,0,0
balanced,baseline,19,24,322,0,0,0,0,0,0
balanced,baseline,19,25,322,0,0,0,0,0,0
balanced,baseline,19,26,322,0,0,0,0,0,0
balanced,baseline,19,27,322,0,0,0,0,0,0
balanced,baseline,19,28,322,0,0,0,0,0,0
balanced,baseline,19,29,322,0,0,0,0,0,0
balanced,baseline,19,30,347,0,0,0,0,0,0
balanced,baseline,19,31,327,0,0,0,0,0,0
balanced,baseline,19,32,310,0,0,0,0,0,0
balanced,baseline,19,33,310,0,0,0,0,0,0
balanced,baseline,19,34,335,0,0,0,0,0,0
balanced,baseline,19,35,360,0,0,0,0,0,0
balanced,baseline,19,36,385,0,0,0,0,0,0
balanced,baseline,19,37,385,0,0,0,0,0,0
balanced,baseline,19,38,410,0,0,0,0,0,0
balanced,baseline,19,39,435,0,0,0,0,0,0
balanced,baseline,19,40,460,0,0,0,0,0,0
balanced,baseline,19,41,485,0,0,0,0,0,0
balanced,baseline,19,42,485,0,0,0,0,0,0
balanced,baseline,19,43,510,0,0,0,0,0,0
balanced,baseline,19,44,535,0,0,0,0,0,0
balanced,baseline,19,45,560,0,0,0,0,0,0
balanced,baseline,19,46,585,0,0,0,0,0,0
balanced,baseline,19,47,585,0,0,0,0,0,0
balanced,baseline,19,48,610,0,0,0,0,0,0
balanced,baseline,19,49,635,0,0,0,0,0,0
balanced,baseline,19,50,660,0,0,0,0,0,0
balanced,baseline,19,51,685,0,0,0,0,0,0
balanced,baseline,19,52,685,0,0,0,0,0,0
balanced,baseline,19,53,710,0,0,0,0,0,0
balanced,baseline,19,54,735,0,0,0,0,0,0
balanced,baseline,19,55,760,0,0,0,0,0,0
balanced,baseline,19,56,785,0,0,0,0,0,0
balanced,baseline,19,57,785,0,0,0,0,0,0
balanced,baseline,19,58,810,0,0,0,0,0,0
balanced,baseline,19,59,835,0,0,0,0,0,0
balanced,baseline,19,60,860,0,0,0,0,0,0
balanced,baseline,19,61,885,0,0,0,0,0,0
balanced,baseline,19,62,885,0,0,0,0,0,0
balanced,baseline,19,63,910,0,0,0,0,0,0
balanced,baseline,19,64,935,0,0,0,0,0,0
balanced,baseline,19,65,960,0,0,0,0,0,0
balanced,baseline,19,66,985,0,0,0,0,0,0
balanced,baseline,19,67,985,0,0,0,0,0,0
balanced,baseline,19,68,1010,0,0,0,0,0,0
balanced,baseline,19,69,1035,0,0,0,0,0,0
balanced,baseline,19,70,1060,0,0,0,0,0,0
balanced,baseline,19,71,1085,0,0,0,0,0,0
balanced,baseline,19,72,1085,0,0,0,0,0,0
balanced,baseline,19,73,1110,0,0,0,0,0,0
balanced,baseline,19,74,1135,0,0,0,0,0,0
balanced,baseline,19,75,1160,0,0,0,0,0,0
balanced,baseline,19,76,1185,0,0,0,0,0,0
balanced,baseline,19,77,1185,0,0,0,0,0,0
balanced,baseline,19,78,1210,0,0,0,0,0,0
balanced,baseline,19,79,1235,0,0,0,0,0,0
balanced,baseline,19,80,1260,0,0,0,0,0,0
balanced,baseline,19,81,1285,0,0,0,0,0,0
balanced,baseline,19,82,1285,0,0,0,0,0,0
balanced,baseline,19,83,1310,0,0,0,0,0,0
balanced,baseline,19,84,1335,0,0,0,0,0,0
balanced,baseline,19,85,1360,0,0,0,0,0,0
balanced,baseline,19,86,1385,0,0,0,0,0,0
balanced,baseline,19,87,1385,0,0,0,0,0,0
balanced,baseline,19,88,1410,0,0,0,0,0,0
balanced,baseline,19,89,1435,0,0,0,0,0,0
balanced,baseline,19,90,1460,0,0,0,0,0,0
balanced,baseline,19,91,1485,0,0,0,0,0,0
balanced,baseline,19,92,1485,0,0,0,0,0,0
balanced,baseline,19,93,1510,0,0,0,0,0,0
balanced,baseline,19,94,1535,0,0,0,0,0,0
balanced,baseline,19,95,1560,0,0,0,0,0,0
balanced,baseline,19,96,1585,0,0,0,0,0,0
balanced,baseline,19,97,1585,0,0,0,0,0,0
balanced,baseline,19,98,1610,0,0,0,0,0,0
balanced,baseline,19,99,1635,0,0,0,0,0,0
balanced,baseline,19,100,1660,0,0,0,0,0,0
balanced,baseline,42,1,52,0,0,0,0,0,0
balanced,baseline,42,2,50,0,0,0,0,0,0
balanced,baseline,42,3,45,0,0,0,0,0,0
balanced,baseline,42,4,35,0,0,0,0,0,0
balanced,baseline,42,5,29,0,0,0,0,0,0
balanced,baseline,42,6,25,0,0,0,0,0,0
balanced,baseline,42,7,19,0,0,0,0,0,0
balanced,baseline,42,8,19,0,0,0,0,0,0
balanced,baseline,42,9,12,0,0,0,0,0,0
balanced,baseline,42,10,11,0,0,0,0,0,0
balanced,baseline,42,11,11,0,0,0,0,0,0
balanced,baseline,42,12,11,0,0,0,0,0,0
balanced,baseline,42,13,11,0,0,0,0,0,0
balanced,baseline,42,14,10,0,0,0,0,0,0
balanced,baseline,42,15,10,0,0,0,0,0,0
balanced,baseline,42,16,10,0,0,0,0,0,0
balanced,baseline,42,17,10,0,0,0,0,0,0
balanced,baseline,42,18,10,0,0,0,0,0,0
balanced,baseline,42,19,10,0,0,0,0,0,0
balanced,baseline,42,20,32,0,0,0,0,0,0
balanced,baseline,42,21,24,0,0,0,0,0,0
balanced,baseline,42,22,18,0,0,0,0,0,0
exploit-hunter,baseline,7,1,115,2,2,0,0,0,19
exploit-hunter,baseline,7,2,217,2,2,0,0,0,37
exploit-hunter,baseline,7,3,338,2,2,0,0,0,37
exploit-hunter,baseline,7,4,395,2,2,0,0,0,37
exploit-hunter,baseline,7,5,465,2,2,0,0,0,37
exploit-hunter,baseline,7,6,525,2,2,0,0,0,37
exploit-hunter,baseline,7,7,565,2,2,0,0,0,37
exploit-hunter,baseline,7,8,585,2,2,0,0,0,37
exploit-hunter,baseline,7,9,625,2,2,0,0,0,37
exploit-hunter,baseline,7,10,705,2,2,0,0,0,37
exploit-hunter,baseline,7,11,785,2,2,0,0,0,37
exploit-hunter,baseline,7,12,865,2,2,0,0,0,37
exploit-hunter,baseline,7,13,925,2,2,0,0,0,37
exploit-hunter,baseline,7,14,985,2,2,0,0,0,37
exploit-hunter,baseline,7,15,1025,2,2,0,0,0,37
exploit-hunter,baseline,7,16,1045,2,2,0,0,0,37
exploit-hunter,baseline,7,17,974,2,2,0,0,0,37
exploit-hunter,baseline,7,18,1034,2,2,0,0,0,37
exploit-hunter,baseline,7,19,1054,2,2,0,0,0,37
exploit-hunter,baseline,7,20,1094,2,2,0,0,0,37
exploit-hunter,baseline,7,21,1134,2,2,0,0,0,37
exploit-hunter,baseline,7,22,1214,2,2,0,0,0,37
exploit-hunter,baseline,7,23,1234,2,2,0,0,0,37
exploit-hunter,baseline,7,24,1234,2,2,0,0,0,37
exploit-hunter,baseline,7,25,1254,2,2,0,0,0,37
exploit-hunter,baseline,7,26,1294,2,2,0,0,0,37
exploit-hunter,baseline,7,27,1294,2,2,0,0,0,37
exploit-hunter,baseline,7,28,1314,2,2,0,0,0,37
exploit-hunter,baseline,7,29,1314,2,2,0,0,0,37
exploit-hunter,baseline,7,30,1314,2,2,0,0,0,37
exploit-hunter,baseline,7,31,1133,2,2,0,0,0,37
exploit-hunter,baseline,7,32,1105,2,2,0,0,0,37
exploit-hunter,baseline,7,33,1185,2,2,0,0,0,37
exploit-hunter,baseline,7,34,1265,2,2,0,0,0,37
exploit-hunter,baseline,7,35,1345,2,2,0,0,0,37
exploit-hunter,baseline,7,36,1425,2,2,0,0,0,37
exploit-hunter,baseline,7,37,1425,2,2,0,0,0,37
exploit-hunter,baseline,7,38,1445,2,2,0,0,0,37
exploit-hunter,baseline,7,39,1445,2,2,0,0,0,37
exploit-hunter,baseline,7,40,1465,2,2,0,0,0,37
exploit-hunter,baseline,7,41,1465,2,2,0,0,0,37
exploit-hunter,baseline,7,42,1505,2,2,0,0,0,37
exploit-hunter,baseline,7,43,1325,2,2,0,0,0,37
exploit-hunter,baseline,7,44,1313,2,2,0,0,0,37
exploit-hunter,baseline,7,45,1333,2,2,0,0,0,37
exploit-hunter,baseline,7,46,1353,2,2,0,0,0,37
exploit-hunter,baseline,7,47,1413,2,2,0,0,0,37
exploit-hunter,baseline,7,48,1453,2,2,0,0,0,37
exploit-hunter,baseline,7,49,1453,2,2,0,0,0,37
exploit-hunter,baseline,7,50,1493,2,2,0,0,0,37
exploit-hunter,baseline,7,51,1325,2,2,0,0,0,37
exploit-hunter,baseline,7,52,1289,2,2,0,0,0,37
exploit-hunter,baseline,7,53,1131,2,2,0,0,0,37
exploit-hunter,baseline,7,54,822,2,2,0,0,0,37
exploit-hunter,baseline,7,55,730,2,2,0,0,0,37
exploit-hunter,baseline,7,56,790,2,2,0,0,0,37
exploit-hunter,baseline,7,57,810,2,2,0,0,0,37
exploit-hunter,baseline,7,58,800,2,2,0,0,0,37
exploit-hunter,baseline,7,59,718,2,2,0,0,0,37
exploit-hunter,baseline,7,60,666,2,2,0,0,0,37
exploit-hunter,baseline,19,1,174,2,2,0,0,0,21
exploit-hunter,baseline,19,2,169,2,2,0,0,0,21
exploit-hunter,baseline,19,3,300,2,2,0,0,0,21
exploit-hunter,baseline,19,4,429,2,2,0,0,0,21
exploit-hunter,baseline,19,5,524,2,2,0,0,0,21
exploit-hunter,baseline,19,6,590,2,2,0,0,0,21
exploit-hunter,baseline,19,7,670,2,2,0,0,0,21
exploit-hunter,baseline,19,8,750,2,2,0,0,0,21
exploit-hunter,baseline,19,9,834,2,2,0,0,0,21
exploit-hunter,baseline,19,10,914,2,2,0,0,0,21
exploit-hunter,baseline,19,11,994,2,2,0,0,0,21
exploit-hunter,baseline,19,12,1074,2,2,0,0,0,21
exploit-hunter,baseline,19,13,1154,2,2,0,0,0,21
exploit-hunter,baseline,19,14,1234,2,2,0,0,0,21
exploit-hunter,baseline,19,15,1314,2,2,0,0,0,21
exploit-hunter,baseline,19,16,1394,2,2,0,0,0,21
exploit-hunter,baseline,19,17,1474,2,2,0,0,0,21
exploit-hunter,baseline,19,18,1554,2,2,0,0,0,21
exploit-hunter,baseline,19,19,1634,2,2,0,0,0,21
exploit-hunter,baseline,19,20,1714,2,2,0,0,0,21
exploit-hunter,baseline,19,21,1794,2,2,0,0,0,21
exploit-hunter,baseline,19,22,1874,2,2,0,0,0,21
exploit-hunter,baseline,19,23,1954,2,2,0,0,0,21
exploit-hunter,baseline,19,24,2034,2,2,0,0,0,21
exploit-hunter,baseline,19,25,2114,2,2,0,0,0,21
exploit-hunter,baseline,19,26,2194,2,2,0,0,0,21
exploit-hunter,baseline,19,27,2274,2,2,0,0,0,21
exploit-hunter,baseline,19,28,2354,2,2,0,0,0,21
exploit-hunter,baseline,19,29,2434,2,2,0,0,0,21
exploit-hunter,baseline,19,30,2514,2,2,0,0,0,21
exploit-hunter,baseline,19,31,2594,2,2,0,0,0,21
exploit-hunter,baseline,19,32,2654,2,2,0,0,0,21
exploit-hunter,baseline,19,33,2307,2,2,0,0,0,21
exploit-hunter,baseline,19,34,1897,2,2,0,0,0,21
exploit-hunter,baseline,19,35,1873,2,2,0,0,0,21
exploit-hunter,baseline,19,36,1933,2,2,0,0,0,21
exploit-hunter,baseline,19,37,2013,2,2,0,0,0,21
exploit-hunter,baseline,19,38,2093,2,2,0,0,0,21
exploit-hunter,baseline,19,39,2173,2,2,0,0,0,21
exploit-hunter,baseline,19,40,2253,2,2,0,0,0,21
exploit-hunter,baseline,19,41,2333,2,2,0,0,0,21
exploit-hunter,baseline,19,42,2413,2,2,0,0,0,21
exploit-hunter,baseline,19,43,2337,2,2,0,0,0,21
exploit-hunter,baseline,19,44,2004,2,2,0,0,0,21
exploit-hunter,baseline,42,1,97,2,2,0,0,0,0
exploit-hunter,baseline,42,2,94,1,1,0,0,0,22
exploit-hunter,baseline,42,3,206,2,2,0,0,0,28
exploit-hunter,baseline,42,4,321,2,2,0,0,0,28
exploit-hunter,baseline,42,5,401,2,2,0,0,0,28
exploit-hunter,baseline,42,6,481,2,2,0,0,0,28
exploit-hunter,baseline,42,7,501,2,2,0,0,0,28
exploit-hunter,baseline,42,8,561,2,2,0,0,0,28
exploit-hunter,baseline,42,9,621,2,2,0,0,0,28
exploit-hunter,baseline,42,10,641,2,2,0,0,0,28
exploit-hunter,baseline,42,11,661,2,2,0,0,0,28
exploit-hunter,baseline,42,12,661,2,2,0,0,0,28
exploit-hunter,baseline,42,13,701,2,2,0,0,0,28
exploit-hunter,baseline,42,14,721,2,2,0,0,0,28
exploit-hunter,baseline,42,15,781,2,2,0,0,0,28
exploit-hunter,baseline,42,16,801,2,2,0,0,0,28
exploit-hunter,baseline,42,17,841,2,2,0,0,0,28
exploit-hunter,baseline,42,18,861,2,2,0,0,0,28
exploit-hunter,baseline,42,19,861,2,2,0,0,0,28
exploit-hunter,baseline,42,20,901,2,2,0,0,0,28
exploit-hunter,baseline,42,21,981,2,2,0,0,0,28
exploit-hunter,baseline,42,22,1021,2,2,0,0,0,28
exploit-hunter,baseline,42,23,974,2,2,0,0,0,28
exploit-hunter,baseline,42,24,1034,2,2,0,0,0,28
exploit-hunter,baseline,42,25,1074,2,2,0,0,0,28
exploit-hunter,baseline,42,26,1074,2,2,0,0,0,28
exploit-hunter,baseline,42,27,982,2,2,0,0,0,28
exploit-hunter,baseline,42,28,859,2,2,0,0,0,28
exploit-hunter,baseline,42,29,794,2,2,0,0,0,28
exploit-hunter,baseline,42,30,874,2,2,0,0,0,28
exploit-hunter,baseline,42,31,954,2,2,0,0,0,28
exploit-hunter,baseline,42,32,954,2,2,0,0,0,28
exploit-hunter,baseline,42,33,954,2,2,0,0,0,28
exploit-hunter,baseline,42,34,954,2,2,0,0,0,28
exploit-hunter,baseline,42,35,954,2,2,0,0,0,28
exploit-hunter,baseline,42,36,954,2,2,0,0,0,28
exploit-hunter,baseline,42,37,994,2,2,0,0,0,28
exploit-hunter,baseline,42,38,1054,2,2,0,0,0,28
exploit-hunter,baseline,42,39,1134,2,2,0,0,0,28
exploit-hunter,baseline,42,40,1214,2,2,0,0,0,28
exploit-hunter,baseline,42,41,1105,2,2,0,0,0,28
exploit-hunter,baseline,42,42,1062,2,2,0,0,0,28
exploit-hunter,baseline,42,43,957,2,2,0,0,0,28
exploit-hunter,baseline,42,44,957,2,2,0,0,0,28
exploit-hunter,baseline,42,45,997,2,2,0,0,0,28
exploit-hunter,baseline,42,46,1037,2,2,0,0,0,28
exploit-hunter,baseline,42,47,1057,2,2,0,0,0,28
exploit-hunter,baseline,42,48,1137,2,2,0,0,0,28
exploit-hunter,baseline,42,49,1197,2,2,0,0,0,28
exploit-hunter,baseline,42,50,1170,2,2,0,0,0,28
exploit-hunter,baseline,42,51,1190,2,2,0,0,0,28
exploit-hunter,baseline,42,52,1190,2,2,0,0,0,28
exploit-hunter,baseline,42,53,1210,2,2,0,0,0,28
exploit-hunter,baseline,42,54,1250,2,2,0,0,0,28
exploit-hunter,baseline,42,55,1270,2,2,0,0,0,28
exploit-hunter,baseline,42,56,1290,2,2,0,0,0,28
exploit-hunter,baseline,42,57,1370,2,2,0,0,0,28
exploit-hunter,baseline,42,58,1160,2,2,0,0,0,28
exploit-hunter,baseline,42,59,992,2,2,0,0,0,28
exploit-hunter,baseline,42,60,1052,2,2,0,0,0,28
exploit-hunter,baseline,42,61,1072,2,2,0,0,0,28
exploit-hunter,baseline,42,62,1072,2,2,0,0,0,28
exploit-hunter,baseline,42,63,1072,2,2,0,0,0,28
exploit-hunter,baseline,42,64,1025,2,2,0,0,0,28
exploit-hunter,baseline,42,65,1045,2,2,0,0,0,28
exploit-hunter,baseline,42,66,1006,2,2,0,0,0,28
exploit-hunter,baseline,42,67,1046,2,2,0,0,0,28
exploit-hunter,baseline,42,68,1086,2,2,0,0,0,28
exploit-hunter,baseline,42,69,1064,2,2,0,0,0,28
exploit-hunter,baseline,42,70,968,2,2,0,0,0,28
exploit-hunter,baseline,42,71,968,2,2,0,0,0,28
exploit-hunter,baseline,42,72,880,2,2,0,0,0,28
exploit-hunter,baseline,42,73,769,2,2,0,0,0,28
exploit-hunter,baseline,42,74,739,2,2,0,0,0,28
exploit-hunter,baseline,42,75,739,2,2,0,0,0,28
exploit-hunter,baseline,42,76,759,2,2,0,0,0,28
exploit-hunter,baseline,42,77,759,2,2,0,0,0,28
exploit-hunter,baseline,42,78,839,2,2,0,0,0,28
exploit-hunter,baseline,42,79,879,2,2,0,0,0,28
exploit-hunter,baseline,42,80,899,2,2,0,0,0,28
exploit-hunter,baseline,42,81,939,2,2,0,0,0,28
exploit-hunter,baseline,42,82,1019,2,2,0,0,0,28
exploit-hunter,baseline,42,83,1039,2,2,0,0,0,28
exploit-hunter,baseline,42,84,1059,2,2,0,0,0,28
exploit-hunter,baseline,42,85,1079,2,2,0,0,0,28
exploit-hunter,baseline,42,86,1159,2,2,0,0,0,28
exploit-hunter,baseline,42,87,1239,2,2,0,0,0,28
exploit-hunter,baseline,42,88,1299,2,2,0,0,0,28
exploit-hunter,baseline,42,89,1319,2,2,0,0,0,28
exploit-hunter,baseline,42,90,1279,2,2,0,0,0,28
exploit-hunter,baseline,42,91,1267,2,2,0,0,0,28
exploit-hunter,baseline,42,92,1052,2,2,0,0,0,28
exploit-hunter,baseline,42,93,908,2,2,0,0,0,28
exploit-hunter,baseline,42,94,928,2,2,0,0,0,28
exploit-hunter,baseline,42,95,1008,2,2,0,0,0,28
exploit-hunter,baseline,42,96,1028,2,2,0,0,0,28
exploit-hunter,baseline,42,97,1108,2,2,0,0,0,28
exploit-hunter,baseline,42,98,1188,2,2,0,0,0,28
exploit-hunter,baseline,42,99,1208,2,2,0,0,0,28
diplomat,baseline,7,1,27,0,0,0,0,0,0
diplomat,baseline,7,2,27,0,0,0,0,0,0
diplomat,baseline,7,3,3,0,0,0,0,0,0
diplomat,baseline,7,4,3,0,0,0,0,0,0
diplomat,baseline,7,5,3,0,0,0,0,0,0
diplomat,baseline,7,6,0,0,0,0,0,0,0
diplomat,baseline,7,7,0,0,0,0,0,0,0
diplomat,baseline,7,8,0,0,0,0,0,0,0
diplomat,baseline,7,9,0,0,0,0,0,0,0
diplomat,baseline,7,10,0,0,0,0,0,0,0
diplomat,baseline,7,11,0,0,0,0,0,0,0
diplomat,baseline,7,12,0,0,0,0,0,0,0
diplomat,baseline,7,13,0,0,0,0,0,0,0
diplomat,baseline,7,14,0,0,0,0,0,0,0
diplomat,baseline,7,15,0,0,0,0,0,0,0
diplomat,baseline,7,16,0,0,0,0,0,0,0
diplomat,baseline,7,17,0,0,0,0,0,0,0
diplomat,baseline,7,18,0,0,0,0,0,0,0
diplomat,baseline,7,19,0,0,0,0,0,0,0
diplomat,baseline,7,20,0,0,0,0,0,0,0
diplomat,baseline,7,21,0,0,0,0,0,0,0
diplomat,baseline,7,22,0,0,0,0,0,0,0
diplomat,baseline,7,23,0,0,0,0,0,0,0
diplomat,baseline,7,24,0,0,0,0,0,0,0
diplomat,baseline,7,25,0,0,0,0,0,0,0
diplomat,baseline,7,26,0,0,0,0,0,0,0
diplomat,baseline,7,27,0,0,0,0,0,0,0
diplomat,baseline,7,28,0,0,0,0,0,0,0
diplomat,baseline,7,29,0,0,0,0,0,0,0
diplomat,baseline,7,30,0,0,0,0,0,0,0
diplomat,baseline,7,31,0,0,0,0,0,0,0
diplomat,baseline,7,32,0,0,0,0,0,0,0
diplomat,baseline,7,33,0,0,0,0,0,0,0
diplomat,baseline,7,34,0,0,0,0,0,0,0
diplomat,baseline,7,35,0,0,0,0,0,0,0
diplomat,baseline,7,36,0,0,0,0,0,0,0
diplomat,baseline,7,37,0,0,0,0,0,0,0
diplomat,baseline,7,38,0,0,0,0,0,0,0
diplomat,baseline,7,39,0,0,0,0,0,0,0
diplomat,baseline,7,40,0,0,0,0,0,0,0
diplomat,baseline,7,41,0,0,0,0,0,0,0
diplomat,baseline,7,42,0,0,0,0,0,0,0
diplomat,baseline,7,43,0,0,0,0,0,0,0
diplomat,baseline,7,44,0,0,0,0,0,0,0
diplomat,baseline,7,45,0,0,0,0,0,0,0
diplomat,baseline,7,46,0,0,0,0,0,0,0
diplomat,baseline,7,47,0,0,0,0,0,0,0
diplomat,baseline,7,48,0,0,0,0,0,0,0
diplomat,baseline,7,49,0,0,0,0,0,0,0
diplomat,baseline,7,50,0,0,0,0,0,0,0
diplomat,baseline,7,51,0,0,0,0,0,0,0
diplomat,baseline,7,52,0,0,0,0,0,0,0
diplomat,baseline,7,53,0,0,0,0,0,0,0
diplomat,baseline,7,54,0,0,0,0,0,0,0
diplomat,baseline,7,55,0,0,0,0,0,0,0
diplomat,baseline,7,56,0,0,0,0,0,0,0
diplomat,baseline,7,57,0,0,0,0,0,0,0
diplomat,baseline,7,58,0,0,0,0,0,0,0
diplomat,baseline,7,59,0,0,0,0,0,0,0
diplomat,baseline,7,60,0,0,0,0,0,0,0
diplomat,baseline,7,61,0,0,0,0,0,0,0
diplomat,baseline,7,62,0,0,0,0,0,0,0
diplomat,baseline,7,63,0,0,0,0,0,0,0
diplomat,baseline,7,64,0,0,0,0,0,0,0
diplomat,baseline,7,65,0,0,0,0,0,0,0
diplomat,baseline,7,66,0,0,0,0,0,0,0
diplomat,baseline,7,67,0,0,0,0,0,0,0
diplomat,baseline,7,68,0,0,0,0,0,0,0
diplomat,baseline,7,69,0,0,0,0,0,0,0
diplomat,baseline,7,70,0,0,0,0,0,0,0
diplomat,baseline,7,71,0,0,0,0,0,0,0
diplomat,baseline,7,72,0,0,0,0,0,0,0
diplomat,baseline,7,73,0,0,0,0,0,0,0
diplomat,baseline,7,74,0,0,0,0,0,0,0
diplomat,baseline,7,75,0,0,0,0,0,0,0
diplomat,baseline,7,76,0,0,0,0,0,0,0
diplomat,baseline,7,77,0,0,0,0,0,0,0
diplomat,baseline,7,78,0,0,0,0,0,0,0
diplomat,baseline,7,79,0,0,0,0,0,0,0
diplomat,baseline,7,80,0,0,0,0,0,0,0
diplomat,baseline,7,81,0,0,0,0,0,0,0
diplomat,baseline,7,82,0,0,0,0,0,0,0
diplomat,baseline,7,83,0,0,0,0,0,0,0
diplomat,baseline,7,84,0,0,0,0,0,0,0
diplomat,baseline,7,85,0,0,0,0,0,0,0
diplomat,baseline,7,86,0,0,0,0,0,0,0
diplomat,baseline,7,87,0,0,0,0,0,0,0
diplomat,baseline,7,88,0,0,0,0,0,0,0
diplomat,baseline,7,89,0,0,0,0,0,0,0
diplomat,baseline,7,90,0,0,0,0,0,0,0
diplomat,baseline,7,91,0,0,0,0,0,0,0
diplomat,baseline,7,92,0,0,0,0,0,0,0
diplomat,baseline,7,93,0,0,0,0,0,0,0
diplomat,baseline,7,94,0,0,0,0,0,0,0
diplomat,baseline,7,95,0,0,0,0,0,0,0
diplomat,baseline,7,96,0,0,0,0,0,0,0
diplomat,baseline,7,97,0,0,0,0,0,0,0
diplomat,baseline,7,98,0,0,0,0,0,0,0
diplomat,baseline,7,99,0,0,0,0,0,0,0
diplomat,baseline,7,100,0,0,0,0,0,0,0
diplomat,baseline,19,1,41,0,0,0,0,0,0
diplomat,baseline,19,2,38,0,0,0,0,0,0
diplomat,baseline,19,3,35,0,0,0,0,0,0
diplomat,baseline,19,4,29,0,0,0,0,0,0
diplomat,baseline,19,5,19,0,0,0,0,0,0
diplomat,baseline,19,6,15,0,0,0,0,0,0
diplomat,baseline,19,7,11,0,0,0,0,0,0
diplomat,baseline,19,8,1,0,0,0,0,0,0
diplomat,baseline,19,9,1,0,0,0,0,0,0
diplomat,baseline,19,10,0,0,0,0,0,0,0
diplomat,baseline,19,11,0,0,0,0,0,0,0
diplomat,baseline,19,12,0,0,0,0,0,0,0
diplomat,baseline,19,13,0,0,0,0,0,0,0
diplomat,baseline,19,14,0,0,0,0,0,0,0
diplomat,baseline,19,15,0,0,0,0,0,0,0
diplomat,baseline,19,16,0,0,0,0,0,0,0
diplomat,baseline,19,17,0,0,0,0,0,0,0
diplomat,baseline,19,18,0,0,0,0,0,0,0
diplomat,baseline,19,19,0,0,0,0,0,0,0
diplomat,baseline,19,20,0,0,0,0,0,0,0
diplomat,baseline,19,21,0,0,0,0,0,0,0
diplomat,baseline,19,22,0,0,0,0,0,0,0
diplomat,baseline,19,23,0,0,0,0,0,0,0
diplomat,baseline,19,24,0,0,0,0,0,0,0
diplomat,baseline,42,1,27,0,0,0,0,0,0
diplomat,baseline,42,2,27,0,0,0,0,0,0
diplomat,baseline,42,3,27,0,0,0,0,0,0
diplomat,baseline,42,4,27,0,0,0,0,0,0
diplomat,baseline,42,5,27,0,0,0,0,0,0
diplomat,baseline,42,6,27,0,0,0,0,0,0
diplomat,baseline,42,7,27,0,0,0,0,0,0
diplomat,baseline,42,8,27,0,0,0,0,0,0
diplomat,baseline,42,9,27,0,0,0,0,0,0
diplomat,baseline,42,10,27,0,0,0,0,0,0
diplomat,baseline,42,11,27,0,0,0,0,0,0
diplomat,baseline,42,12,27,0,0,0,0,0,0
diplomat,baseline,42,13,27,0,0,0,0,0,0
diplomat,baseline,42,14,27,0,0,0,0,0,0
diplomat,baseline,42,15,23,0,0,0,0,0,0
diplomat,baseline,42,16,21,0,0,0,0,0,0
diplomat,baseline,42,17,21,0,0,0,0,0,0
diplomat,baseline,42,18,9,0,0,0,0,0,0
diplomat,baseline,42,19,9,0,0,0,0,0,0
diplomat,baseline,42,20,1,0,0,0,0,0,0
diplomat,baseline,42,21,1,0,0,0,0,0,0
diplomat,baseline,42,22,1,0,0,0,0,0,0
diplomat,baseline,42,23,0,0,0,0,0,0,0
diplomat,baseline,42,24,0,0,0,0,0,0,0
diplomat,baseline,42,25,0,0,0,0,0,0,0
diplomat,baseline,42,26,0,0,0,0,0,0,0
diplomat,baseline,42,27,0,0,0,0,0,0,0
diplomat,baseline,42,28,0,0,0,0,0,0,0
diplomat,baseline,42,29,0,0,0,0,0,0,0
diplomat,baseline,42,30,0,0,0,0,0,0,0
diplomat,baseline,42,31,0,0,0,0,0,0,0
diplomat,baseline,42,32,0,0,0,0,0,0,0
diplomat,baseline,42,33,0,0,0,0,0,0,0
diplomat,baseline,42,34,0,0,0,0,0,0,0
diplomat,baseline,42,35,0,0,0,0,0,0,0
diplomat,baseline,42,36,0,0,0,0,0,0,0
diplomat,baseline,42,37,0,0,0,0,0,0,0
diplomat,baseline,42,38,0,0,0,0,0,0,0
diplomat,baseline,42,39,0,0,0,0,0,0,0
diplomat,baseline,42,40,0,0,0,0,0,0,0
diplomat,baseline,42,41,0,0,0,0,0,0,0
diplomat,baseline,42,42,0,0,0,0,0,0,0
diplomat,baseline,42,43,0,0,0,0,0,0,0
diplomat,baseline,42,44,0,0,0,0,0,0,0
diplomat,baseline,42,45,0,0,0,0,0,0,0
diplomat,baseline,42,46,0,0,0,0,0,0,0
diplomat,baseline,42,47,0,0,0,0,0,0,0
diplomat,baseline,42,48,0,0,0,0,0,0,0
diplomat,baseline,42,49,0,0,0,0,0,0,0
diplomat,baseline,42,50,0,0,0,0,0,0,0
diplomat,baseline,42,51,0,0,0,0,0,0,0
diplomat,baseline,42,52,0,0,0,0,0,0,0
diplomat,baseline,42,53,0,0,0,0,0,0,0
diplomat,baseline,42,54,0,0,0,0,0,0,0
diplomat,baseline,42,55,0,0,0,0,0,0,0
diplomat,baseline,42,56,0,0,0,0,0,0,0
diplomat,baseline,42,57,0,0,0,0,0,0,0
diplomat,baseline,42,58,0,0,0,0,0,0,0
diplomat,baseline,42,59,0,0,0,0,0,0,0
diplomat,baseline,42,60,0,0,0,0,0,0,0
diplomat,baseline,42,61,0,0,0,0,0,0,0
diplomat,baseline,42,62,0,0,0,0,0,0,0
diplomat,baseline,42,63,0,0,0,0,0,0,0
diplomat,baseline,42,64,0,0,0,0,0,0,0
diplomat,baseline,42,65,0,0,0,0,0,0,0
diplomat,baseline,42,66,0,0,0,0,0,0,0
diplomat,baseline,42,67,0,0,0,0,0,0,0
diplomat,baseline,42,68,0,0,0,0,0,0,0
diplomat,baseline,42,69,0,0,0,0,0,0,0
diplomat,baseline,42,70,0,0,0,0,0,0,0
diplomat,baseline,42,71,0,0,0,0,0,0,0
diplomat,baseline,42,72,0,0,0,0,0,0,0
diplomat,baseline,42,73,0,0,0,0,0,0,0
diplomat,baseline,42,74,0,0,0,0,0,0,0
diplomat,baseline,42,75,0,0,0,0,0,0,0
diplomat,baseline,42,76,0,0,0,0,0,0,0
diplomat,baseline,42,77,0,0,0,0,0,0,0
diplomat,baseline,42,78,0,0,0,0,0,0,0
diplomat,baseline,42,79,0,0,0,0,0,0,0
diplomat,baseline,42,80,0,0,0,0,0,0,0
diplomat,baseline,42,81,0,0,0,0,0,0,0
diplomat,baseline,42,82,0,0,0,0,0,0,0
diplomat,baseline,42,83,0,0,0,0,0,0,0
diplomat,baseline,42,84,0,0,0,0,0,0,0
diplomat,baseline,42,85,0,0,0,0,0,0,0
diplomat,baseline,42,86,0,0,0,0,0,0,0
diplomat,baseline,42,87,0,0,0,0,0,0,0
diplomat,baseline,42,88,0,0,0,0,0,0,0
diplomat,baseline,42,89,0,0,0,0,0,0,0
diplomat,baseline,42,90,0,0,0,0,0,0,0
diplomat,baseline,42,91,0,0,0,0,0,0,0
diplomat,baseline,42,92,0,0,0,0,0,0,0
diplomat,baseline,42,93,0,0,0,0,0,0,0
diplomat,baseline,42,94,0,0,0,0,0,0,0
diplomat,baseline,42,95,0,0,0,0,0,0,0
diplomat,baseline,42,96,0,0,0,0,0,0,0
diplomat,baseline,42,97,0,0,0,0,0,0,0
diplomat,baseline,42,98,0,0,0,0,0,0,0
diplomat,baseline,42,99,0,0,0,0,0,0,0
diplomat,baseline,42,100,0,0,0,0,0,0,0
spymaster,baseline,7,1,27,0,0,0,0,0,0
spymaster,baseline,7,2,27,0,0,0,0,0,0
spymaster,baseline,7,3,3,0,0,0,0,0,0
spymaster,baseline,7,4,3,0,0,0,0,0,0
spymaster,baseline,7,5,3,0,0,0,0,0,0
spymaster,baseline,7,6,0,0,0,0,0,0,0
spymaster,baseline,7,7,0,0,0,0,0,0,0
spymaster,baseline,7,8,0,0,0,0,0,0,0
spymaster,baseline,7,9,0,0,0,0,0,0,0
spymaster,baseline,7,10,0,0,0,0,0,0,0
spymaster,baseline,7,11,0,0,0,0,0,0,0
spymaster,baseline,7,12,0,0,0,0,0,0,0
spymaster,baseline,7,13,0,0,0,0,0,0,0
spymaster,baseline,7,14,0,0,0,0,0,0,0
spymaster,baseline,7,15,0,0,0,0,0,0,0
spymaster,baseline,7,16,0,0,0,0,0,0,0
spymaster,baseline,7,17,0,0,0,0,0,0,0
spymaster,baseline,7,18,0,0,0,0,0,0,0
spymaster,baseline,7,19,0,0,0,0,0,0,0
spymaster,baseline,7,20,0,0,0,0,0,0,0
spymaster,baseline,7,21,0,0,0,0,0,0,0
spymaster,baseline,7,22,0,0,0,0,0,0,0
spymaster,baseline,7,23,0,0,0,0,0,0,0
spymaster,baseline,7,24,0,0,0,0,0,0,0
spymaster,baseline,7,25,0,0,0,0,0,0,0
spymaster,baseline,7,26,0,0,0,0,0,0,0
spymaster,baseline,7,27,0,0,0,0,0,0,0
spymaster,baseline,19,1,41,0,0,0,0,0,0
spymaster,baseline,19,2,41,0,0,0,0,0,0
spymaster,baseline,19,3,41,0,0,0,0,0,0
spymaster,baseline,19,4,41,0,0,0,0,0,0
spymaster,baseline,19,5,41,0,0,0,0,0,0
spymaster,baseline,19,6,39,0,0,0,0,0,0
spymaster,baseline,19,7,30,0,0,0,0,0,0
spymaster,baseline,19,8,26,0,0,0,0,0,0
spymaster,baseline,19,9,20,0,0,0,0,0,0
spymaster,baseline,19,10,19,0,0,0,0,0,0
spymaster,baseline,19,11,19,0,0,0,0,0,0
spymaster,baseline,19,12,19,0,0,0,0,0,0
spymaster,baseline,19,13,19,0,0,0,0,0,0
spymaster,baseline,19,14,19,0,0,0,0,0,0
spymaster,baseline,19,15,19,0,0,0,0,0,0
spymaster,baseline,19,16,19,0,0,0,0,0,0
spymaster,baseline,19,17,19,0,0,0,0,0,0
spymaster,baseline,19,18,19,0,0,0,0,0,0
spymaster,baseline,19,19,19,0,0,0,0,0,0
spymaster,baseline,19,20,19,0,0,0,0,0,0
spymaster,baseline,19,21,19,0,0,0,0,0,0
spymaster,baseline,19,22,19,0,0,0,0,0,0
spymaster,baseline,19,23,15,0,0,0,0,0,0
spymaster,baseline,19,24,15,0,0,0,0,0,0
spymaster,baseline,19,25,15,0,0,0,0,0,0
spymaster,baseline,19,26,15,0,0,0,0,0,0
spymaster,baseline,19,27,9,0,0,0,0,0,0
spymaster,baseline,19,28,9,0,0,0,0,0,0
spymaster,baseline,19,29,9,0,0,0,0,0,0
spymaster,baseline,19,30,9,0,0,0,0,0,0
spymaster,baseline,19,31,9,0,0,0,0,0,0
spymaster,baseline,19,32,9,0,0,0,0,0,0
spymaster,baseline,19,33,9,0,0,0,0,0,0
spymaster,baseline,19,34,9,0,0,0,0,0,0
spymaster,baseline,19,35,9,0,0,0,0,0,0
spymaster,baseline,19,36,9,0,0,0,0,0,0
spymaster,baseline,19,37,9,0,0,0,0,0,0
spymaster,baseline,19,38,9,0,0,0,0,0,0
spymaster,baseline,19,39,9,0,0,0,0,0,0
spymaster,baseline,19,40,9,0,0,0,0,0,0
spymaster,baseline,19,41,9,0,0,0,0,0,0
spymaster,baseline,19,42,9,0,0,0,0,0,0
spymaster,baseline,19,43,9,0,0,0,0,0,0
spymaster,baseline,19,44,9,0,0,0,0,0,0
spymaster,baseline,19,45,9,0,0,0,0,0,0
spymaster,baseline,19,46,9,0,0,0,0,0,0
spymaster,baseline,19,47,9,0,0,0,0,0,0
spymaster,baseline,19,48,9,0,0,0,0,0,0
spymaster,baseline,19,49,9,0,0,0,0,0,0
spymaster,baseline,19,50,9,0,0,0,0,0,0
spymaster,baseline,19,51,9,0,0,0,0,0,0
spymaster,baseline,19,52,9,0,0,0,0,0,0
spymaster,baseline,19,53,9,0,0,0,0,0,0
spymaster,baseline,19,54,9,0,0,0,0,0,0
spymaster,baseline,19,55,9,0,0,0,0,0,0
spymaster,baseline,19,56,9,0,0,0,0,0,0
spymaster,baseline,19,57,9,0,0,0,0,0,0
spymaster,baseline,19,58,9,0,0,0,0,0,0
spymaster,baseline,19,59,9,0,0,0,0,0,0
spymaster,baseline,19,60,9,0,0,0,0,0,0
spymaster,baseline,19,61,9,0,0,0,0,0,0
spymaster,baseline,19,62,9,0,0,0,0,0,0
spymaster,baseline,19,63,9,0,0,0,0,0,0
spymaster,baseline,19,64,9,0,0,0,0,0,0
spymaster,baseline,19,65,9,0,0,0,0,0,0
spymaster,baseline,19,66,9,0,0,0,0,0,0
spymaster,baseline,19,67,9,0,0,0,0,0,0
spymaster,baseline,19,68,9,0,0,0,0,0,0
spymaster,baseline,19,69,9,0,0,0,0,0,0
spymaster,baseline,19,70,9,0,0,0,0,0,0
spymaster,baseline,19,71,9,0,0,0,0,0,0
spymaster,baseline,19,72,9,0,0,0,0,0,0
spymaster,baseline,19,73,9,0,0,0,0,0,0
spymaster,baseline,19,74,9,0,0,0,0,0,0
spymaster,baseline,19,75,9,0,0,0,0,0,0
spymaster,baseline,19,76,9,0,0,0,0,0,0
spymaster,baseline,19,77,9,0,0,0,0,0,0
spymaster,baseline,19,78,9,0,0,0,0,0,0
spymaster,baseline,19,79,9,0,0,0,0,0,0
spymaster,baseline,19,80,9,0,0,0,0,0,0
spymaster,baseline,19,81,9,0,0,0,0,0,0
spymaster,baseline,19,82,9,0,0,0,0,0,0
spymaster,baseline,19,83,9,0,0,0,0,0,0
spymaster,baseline,19,84,9,0,0,0,0,0,0
spymaster,baseline,19,85,7,0,0,0,0,0,0
spymaster,baseline,19,86,7,0,0,0,0,0,0
spymaster,baseline,19,87,7,0,0,0,0,0,0
spymaster,baseline,19,88,7,0,0,0,0,0,0
spymaster,baseline,19,89,7,0,0,0,0,0,0
spymaster,baseline,19,90,7,0,0,0,0,0,0
spymaster,baseline,19,91,7,0,0,0,0,0,0
spymaster,baseline,19,92,7,0,0,0,0,0,0
spymaster,baseline,19,93,7,0,0,0,0,0,0
spymaster,baseline,19,94,7,0,0,0,0,0,0
spymaster,baseline,19,95,7,0,0,0,0,0,0
spymaster,baseline,19,96,7,0,0,0,0,0,0
spymaster,baseline,19,97,7,0,0,0,0,0,0
spymaster,baseline,19,98,7,0,0,0,0,0,0
spymaster,baseline,19,99,7,0,0,0,0,0,0
spymaster,baseline,19,100,7,0,0,0,0,0,0
spymaster,baseline,42,1,27,0,0,0,0,0,0
spymaster,baseline,42,2,27,0,0,0,0,0,0
spymaster,baseline,42,3,27,0,0,0,0,0,0
spymaster,baseline,42,4,27,0,0,0,0,0,0
spymaster,baseline,42,5,27,0,0,0,0,0,0
spymaster,baseline,42,6,27,0,0,0,0,0,0
spymaster,baseline,42,7,27,0,0,0,0,0,0
spymaster,baseline,42,8,27,0,0,0,0,0,0
spymaster,baseline,42,9,27,0,0,0,0,0,0
spymaster,baseline,42,10,27,0,0,0,0,0,0
spymaster,baseline,42,11,27,0,0,0,0,0,0
spymaster,baseline,42,12,27,0,0,0,0,0,0
spymaster,baseline,42,13,27,0,0,0,0,0,0
spymaster,baseline,42,14,27,0,0,0,0,0,0
spymaster,baseline,42,15,27,0,0,0,0,0,0
spymaster,baseline,42,16,16,0,0,0,0,0,0
spymaster,baseline,42,17,16,0,0,0,0,0,0
spymaster,baseline,42,18,12,0,0,0,0,0,0
spymaster,baseline,42,19,12,0,0,0,0,0,0
spymaster,baseline,42,20,1,0,0,0,0,0,0
spymaster,baseline,42,21,1,0,0,0,0,0,0
spymaster,baseline,42,22,1,0,0,0,0,0,0
spymaster,baseline,42,23,0,0,0,0,0,0,0
spymaster,baseline,42,24,0,0,0,0,0,0,0
spymaster,baseline,42,25,0,0,0,0,0,0,0
spymaster,baseline,42,26,0,0,0,0,0,0,0
spymaster,baseline,42,27,0,0,0,0,0,0,0
spymaster,baseline,42,28,0,0,0,0,0,0,0
spymaster,baseline,42,29,0,0,0,0,0,0,0
spymaster,baseline,42,30,0,0,0,0,0,0,0
spymaster,baseline,42,31,0,0,0,0,0,0,0
spymaster,baseline,42,32,0,0,0,0,0,0,0
spymaster,baseline,42,33,0,0,0,0,0,0,0
spymaster,baseline,42,34,0,0,0,0,0,0,0
spymaster,baseline,42,35,0,0,0,0,0,0,0
spymaster,baseline,42,36,0,0,0,0,0,0,0
spymaster,baseline,42,37,0,0,0,0,0,0,0
spymaster,baseline,42,38,0,0,0,0,0,0,0
spymaster,baseline,42,39,0,0,0,0,0,0,0
spymaster,baseline,42,40,0,0,0,0,0,0,0
spymaster,baseline,42,41,0,0,0,0,0,0,0
spymaster,baseline,42,42,0,0,0,0,0,0,0
spymaster,baseline,42,43,0,0,0,0,0,0,0
spymaster,baseline,42,44,0,0,0,0,0,0,0
spymaster,baseline,42,45,0,0,0,0,0,0,0
spymaster,baseline,42,46,0,0,0,0,0,0,0
spymaster,baseline,42,47,0,0,0,0,0,0,0
spymaster,baseline,42,48,0,0,0,0,0,0,0
spymaster,baseline,42,49,0,0,0,0,0,0,0
spymaster,baseline,42,50,0,0,0,0,0,0,0
spymaster,baseline,42,51,0,0,0,0,0,0,0
spymaster,baseline,42,52,0,0,0,0,0,0,0
spymaster,baseline,42,53,0,0,0,0,0,0,0
spymaster,baseline,42,54,0,0,0,0,0,0,0
spymaster,baseline,42,55,0,0,0,0,0,0,0
spymaster,baseline,42,56,0,0,0,0,0,0,0
spymaster,baseline,42,57,0,0,0,0,0,0,0
spymaster,baseline,42,58,0,0,0,0,0,0,0
spymaster,baseline,42,59,0,0,0,0,0,0,0
spymaster,baseline,42,60,0,0,0,0,0,0,0
spymaster,baseline,42,61,0,0,0,0,0,0,0
spymaster,baseline,42,62,0,0,0,0,0,0,0
spymaster,baseline,42,63,0,0,0,0,0,0,0
spymaster,baseline,42,64,0,0,0,0,0,0,0
spymaster,baseline,42,65,0,0,0,0,0,0,0
spymaster,baseline,42,66,0,0,0,0,0,0,0
spymaster,baseline,42,67,0,0,0,0,0,0,0
spymaster,baseline,42,68,0,0,0,0,0,0,0
spymaster,baseline,42,69,0,0,0,0,0,0,0
spymaster,baseline,42,70,0,0,0,0,0,0,0
spymaster,baseline,42,71,0,0,0,0,0,0,0
spymaster,baseline,42,72,0,0,0,0,0,0,0
spymaster,baseline,42,73,0,0,0,0,0,0,0
spymaster,baseline,42,74,0,0,0,0,0,0,0
spymaster,baseline,42,75,0,0,0,0,0,0,0
spymaster,baseline,42,76,0,0,0,0,0,0,0
spymaster,baseline,42,77,0,0,0,0,0,0,0
spymaster,baseline,42,78,0,0,0,0,0,0,0
spymaster,baseline,42,79,0,0,0,0,0,0,0
spymaster,baseline,42,80,0,0,0,0,0,0,0
spymaster,baseline,42,81,0,0,0,0,0,0,0
spymaster,baseline,42,82,0,0,0,0,0,0,0
spymaster,baseline,42,83,0,0,0,0,0,0,0
spymaster,baseline,42,84,0,0,0,0,0,0,0
spymaster,baseline,42,85,0,0,0,0,0,0,0
spymaster,baseline,42,86,0,0,0,0,0,0,0
spymaster,baseline,42,87,0,0,0,0,0,0,0
spymaster,baseline,42,88,0,0,0,0,0,0,0
spymaster,baseline,42,89,0,0,0,0,0,0,0
spymaster,baseline,42,90,0,0,0,0,0,0,0
spymaster,baseline,42,91,0,0,0,0,0,0,0
spymaster,baseline,42,92,0,0,0,0,0,0,0
spymaster,baseline,42,93,0,0,0,0,0,0,0
spymaster,baseline,42,94,0,0,0,0,0,0,0
spymaster,baseline,42,95,0,0,0,0,0,0,0
spymaster,baseline,42,96,0,0,0,0,0,0,0
spymaster,baseline,42,97,0,0,0,0,0,0,0
spymaster,baseline,42,98,0,0,0,0,0,0,0
spymaster,baseline,42,99,0,0,0,0,0,0,0
spymaster,baseline,42,100,0,0,0,0,0,0,0
thalassocrat,baseline,7,1,27,0,0,0,0,0,0
thalassocrat,baseline,7,2,26,0,0,0,0,0,0
thalassocrat,baseline,7,3,2,0,0,0,0,0,0
thalassocrat,baseline,7,4,2,0,0,0,0,0,0
thalassocrat,baseline,7,5,2,0,0,0,0,0,0
thalassocrat,baseline,7,6,0,0,0,0,0,0,0
thalassocrat,baseline,7,7,0,0,0,0,0,0,0
thalassocrat,baseline,7,8,0,0,0,0,0,0,0
thalassocrat,baseline,7,9,0,0,0,0,0,0,0
thalassocrat,baseline,7,10,0,0,0,0,0,0,0
thalassocrat,baseline,7,11,0,0,0,0,0,0,0
thalassocrat,baseline,7,12,0,0,0,0,0,0,0
thalassocrat,baseline,7,13,0,0,0,0,0,0,0
thalassocrat,baseline,7,14,0,0,0,0,0,0,0
thalassocrat,baseline,7,15,0,0,0,0,0,0,0
thalassocrat,baseline,7,16,0,0,0,0,0,0,0
thalassocrat,baseline,7,17,0,0,0,0,0,0,0
thalassocrat,baseline,7,18,0,0,0,0,0,0,0
thalassocrat,baseline,7,19,0,0,0,0,0,0,0
thalassocrat,baseline,7,20,0,0,0,0,0,0,0
thalassocrat,baseline,7,21,0,0,0,0,0,0,0
thalassocrat,baseline,7,22,0,0,0,0,0,0,0
thalassocrat,baseline,7,23,0,0,0,0,0,0,0
thalassocrat,baseline,7,24,0,0,0,0,0,0,0
thalassocrat,baseline,7,25,0,0,0,0,0,0,0
thalassocrat,baseline,7,26,0,0,0,0,0,0,0
thalassocrat,baseline,7,27,0,0,0,0,0,0,0
thalassocrat,baseline,7,28,0,0,0,0,0,0,0
thalassocrat,baseline,7,29,0,0,0,0,0,0,0
thalassocrat,baseline,7,30,0,0,0,0,0,0,0
thalassocrat,baseline,7,31,0,0,0,0,0,0,0
thalassocrat,baseline,7,32,0,0,0,0,0,0,0
thalassocrat,baseline,7,33,0,0,0,0,0,0,0
thalassocrat,baseline,7,34,0,0,0,0,0,0,0
thalassocrat,baseline,7,35,0,0,0,0,0,0,0
thalassocrat,baseline,7,36,0,0,0,0,0,0,0
thalassocrat,baseline,7,37,0,0,0,0,0,0,0
thalassocrat,baseline,7,38,0,0,0,0,0,0,0
thalassocrat,baseline,7,39,0,0,0,0,0,0,0
thalassocrat,baseline,7,40,0,0,0,0,0,0,0
thalassocrat,baseline,7,41,0,0,0,0,0,0,0
thalassocrat,baseline,7,42,0,0,0,0,0,0,0
thalassocrat,baseline,7,43,0,0,0,0,0,0,0
thalassocrat,baseline,7,44,0,0,0,0,0,0,0
thalassocrat,baseline,7,45,0,0,0,0,0,0,0
thalassocrat,baseline,7,46,0,0,0,0,0,0,0
thalassocrat,baseline,7,47,0,0,0,0,0,0,0
thalassocrat,baseline,7,48,0,0,0,0,0,0,0
thalassocrat,baseline,7,49,0,0,0,0,0,0,0
thalassocrat,baseline,7,50,0,0,0,0,0,0,0
thalassocrat,baseline,7,51,0,0,0,0,0,0,0
thalassocrat,baseline,7,52,0,0,0,0,0,0,0
thalassocrat,baseline,7,53,0,0,0,0,0,0,0
thalassocrat,baseline,7,54,0,0,0,0,0,0,0
thalassocrat,baseline,7,55,0,0,0,0,0,0,0
thalassocrat,baseline,7,56,0,0,0,0,0,0,0
thalassocrat,baseline,7,57,0,0,0,0,0,0,0
thalassocrat,baseline,7,58,0,0,0,0,0,0,0
thalassocrat,baseline,7,59,0,0,0,0,0,0,0
thalassocrat,baseline,7,60,0,0,0,0,0,0,0
thalassocrat,baseline,7,61,0,0,0,0,0,0,0
thalassocrat,baseline,7,62,0,0,0,0,0,0,0
thalassocrat,baseline,7,63,0,0,0,0,0,0,0
thalassocrat,baseline,7,64,0,0,0,0,0,0,0
thalassocrat,baseline,7,65,0,0,0,0,0,0,0
thalassocrat,baseline,7,66,0,0,0,0,0,0,0
thalassocrat,baseline,7,67,0,0,0,0,0,0,0
thalassocrat,baseline,7,68,0,0,0,0,0,0,0
thalassocrat,baseline,7,69,0,0,0,0,0,0,0
thalassocrat,baseline,7,70,0,0,0,0,0,0,0
thalassocrat,baseline,7,71,0,0,0,0,0,0,0
thalassocrat,baseline,7,72,0,0,0,0,0,0,0
thalassocrat,baseline,7,73,0,0,0,0,0,0,0
thalassocrat,baseline,7,74,0,0,0,0,0,0,0
thalassocrat,baseline,7,75,0,0,0,0,0,0,0
thalassocrat,baseline,7,76,0,0,0,0,0,0,0
thalassocrat,baseline,7,77,0,0,0,0,0,0,0
thalassocrat,baseline,7,78,0,0,0,0,0,0,0
thalassocrat,baseline,7,79,0,0,0,0,0,0,0
thalassocrat,baseline,7,80,0,0,0,0,0,0,0
thalassocrat,baseline,7,81,0,0,0,0,0,0,0
thalassocrat,baseline,7,82,0,0,0,0,0,0,0
thalassocrat,baseline,7,83,0,0,0,0,0,0,0
thalassocrat,baseline,7,84,0,0,0,0,0,0,0
thalassocrat,baseline,7,85,0,0,0,0,0,0,0
thalassocrat,baseline,7,86,0,0,0,0,0,0,0
thalassocrat,baseline,7,87,0,0,0,0,0,0,0
thalassocrat,baseline,7,88,0,0,0,0,0,0,0
thalassocrat,baseline,7,89,0,0,0,0,0,0,0
thalassocrat,baseline,7,90,0,0,0,0,0,0,0
thalassocrat,baseline,7,91,0,0,0,0,0,0,0
thalassocrat,baseline,7,92,0,0,0,0,0,0,0
thalassocrat,baseline,7,93,0,0,0,0,0,0,0
thalassocrat,baseline,7,94,0,0,0,0,0,0,0
thalassocrat,baseline,7,95,0,0,0,0,0,0,0
thalassocrat,baseline,7,96,0,0,0,0,0,0,0
thalassocrat,baseline,7,97,0,0,0,0,0,0,0
thalassocrat,baseline,7,98,0,0,0,0,0,0,0
thalassocrat,baseline,7,99,0,0,0,0,0,0,0
thalassocrat,baseline,7,100,0,0,0,0,0,0,0
thalassocrat,baseline,19,1,41,0,0,0,0,0,0
thalassocrat,baseline,19,2,40,0,0,0,0,0,0
thalassocrat,baseline,19,3,40,0,0,0,0,0,0
thalassocrat,baseline,19,4,36,0,0,0,0,0,0
thalassocrat,baseline,19,5,32,0,0,0,0,0,0
thalassocrat,baseline,19,6,28,0,0,0,0,0,0
thalassocrat,baseline,19,7,24,0,0,0,0,0,0
thalassocrat,baseline,19,8,3,0,0,0,0,0,0
thalassocrat,baseline,19,9,3,0,0,0,0,0,0
thalassocrat,baseline,19,10,0,0,0,0,0,0,0
thalassocrat,baseline,19,11,0,0,0,0,0,0,0
thalassocrat,baseline,19,12,0,0,0,0,0,0,0
thalassocrat,baseline,19,13,0,0,0,0,0,0,0
thalassocrat,baseline,19,14,0,0,0,0,0,0,0
thalassocrat,baseline,19,15,0,0,0,0,0,0,0
thalassocrat,baseline,19,16,0,0,0,0,0,0,0
thalassocrat,baseline,19,17,0,0,0,0,0,0,0
thalassocrat,baseline,19,18,0,0,0,0,0,0,0
thalassocrat,baseline,19,19,0,0,0,0,0,0,0
thalassocrat,baseline,19,20,0,0,0,0,0,0,0
thalassocrat,baseline,19,21,0,0,0,0,0,0,0
thalassocrat,baseline,19,22,0,0,0,0,0,0,0
thalassocrat,baseline,19,23,0,0,0,0,0,0,0
thalassocrat,baseline,19,24,0,0,0,0,0,0,0
thalassocrat,baseline,19,25,0,0,0,0,0,0,0
thalassocrat,baseline,19,26,0,0,0,0,0,0,0
thalassocrat,baseline,19,27,0,0,0,0,0,0,0
thalassocrat,baseline,19,28,0,0,0,0,0,0,0
thalassocrat,baseline,19,29,0,0,0,0,0,0,0
thalassocrat,baseline,19,30,0,0,0,0,0,0,0
thalassocrat,baseline,19,31,0,0,0,0,0,0,0
thalassocrat,baseline,19,32,0,0,0,0,0,0,0
thalassocrat,baseline,19,33,0,0,0,0,0,0,0
thalassocrat,baseline,19,34,0,0,0,0,0,0,0
thalassocrat,baseline,19,35,0,0,0,0,0,0,0
thalassocrat,baseline,19,36,0,0,0,0,0,0,0
thalassocrat,baseline,19,37,0,0,0,0,0,0,0
thalassocrat,baseline,19,38,0,0,0,0,0,0,0
thalassocrat,baseline,19,39,0,0,0,0,0,0,0
thalassocrat,baseline,19,40,0,0,0,0,0,0,0
thalassocrat,baseline,19,41,0,0,0,0,0,0,0
thalassocrat,baseline,19,42,0,0,0,0,0,0,0
thalassocrat,baseline,19,43,0,0,0,0,0,0,0
thalassocrat,baseline,19,44,0,0,0,0,0,0,0
thalassocrat,baseline,19,45,0,0,0,0,0,0,0
thalassocrat,baseline,19,46,0,0,0,0,0,0,0
thalassocrat,baseline,19,47,0,0,0,0,0,0,0
thalassocrat,baseline,19,48,0,0,0,0,0,0,0
thalassocrat,baseline,19,49,0,0,0,0,0,0,0
thalassocrat,baseline,19,50,0,0,0,0,0,0,0
thalassocrat,baseline,19,51,0,0,0,0,0,0,0
thalassocrat,baseline,19,52,0,0,0,0,0,0,0
thalassocrat,baseline,19,53,0,0,0,0,0,0,0
thalassocrat,baseline,19,54,0,0,0,0,0,0,0
thalassocrat,baseline,19,55,0,0,0,0,0,0,0
thalassocrat,baseline,19,56,0,0,0,0,0,0,0
thalassocrat,baseline,19,57,0,0,0,0,0,0,0
thalassocrat,baseline,19,58,0,0,0,0,0,0,0
thalassocrat,baseline,19,59,0,0,0,0,0,0,0
thalassocrat,baseline,19,60,0,0,0,0,0,0,0
thalassocrat,baseline,19,61,0,0,0,0,0,0,0
thalassocrat,baseline,19,62,0,0,0,0,0,0,0
thalassocrat,baseline,19,63,0,0,0,0,0,0,0
thalassocrat,baseline,19,64,0,0,0,0,0,0,0
thalassocrat,baseline,19,65,0,0,0,0,0,0,0
thalassocrat,baseline,19,66,0,0,0,0,0,0,0
thalassocrat,baseline,19,67,0,0,0,0,0,0,0
thalassocrat,baseline,19,68,0,0,0,0,0,0,0
thalassocrat,baseline,19,69,0,0,0,0,0,0,0
thalassocrat,baseline,19,70,0,0,0,0,0,0,0
thalassocrat,baseline,19,71,0,0,0,0,0,0,0
thalassocrat,baseline,19,72,0,0,0,0,0,0,0
thalassocrat,baseline,19,73,0,0,0,0,0,0,0
thalassocrat,baseline,19,74,0,0,0,0,0,0,0
thalassocrat,baseline,19,75,0,0,0,0,0,0,0
thalassocrat,baseline,19,76,0,0,0,0,0,0,0
thalassocrat,baseline,19,77,0,0,0,0,0,0,0
thalassocrat,baseline,19,78,0,0,0,0,0,0,0
thalassocrat,baseline,19,79,0,0,0,0,0,0,0
thalassocrat,baseline,19,80,0,0,0,0,0,0,0
thalassocrat,baseline,19,81,0,0,0,0,0,0,0
thalassocrat,baseline,19,82,0,0,0,0,0,0,0
thalassocrat,baseline,19,83,0,0,0,0,0,0,0
thalassocrat,baseline,19,84,0,0,0,0,0,0,0
thalassocrat,baseline,19,85,0,0,0,0,0,0,0
thalassocrat,baseline,19,86,0,0,0,0,0,0,0
thalassocrat,baseline,19,87,0,0,0,0,0,0,0
thalassocrat,baseline,19,88,0,0,0,0,0,0,0
thalassocrat,baseline,19,89,0,0,0,0,0,0,0
thalassocrat,baseline,19,90,0,0,0,0,0,0,0
thalassocrat,baseline,19,91,0,0,0,0,0,0,0
thalassocrat,baseline,19,92,0,0,0,0,0,0,0
thalassocrat,baseline,19,93,0,0,0,0,0,0,0
thalassocrat,baseline,19,94,0,0,0,0,0,0,0
thalassocrat,baseline,19,95,0,0,0,0,0,0,0
thalassocrat,baseline,19,96,0,0,0,0,0,0,0
thalassocrat,baseline,19,97,0,0,0,0,0,0,0
thalassocrat,baseline,19,98,0,0,0,0,0,0,0
thalassocrat,baseline,19,99,0,0,0,0,0,0,0
thalassocrat,baseline,19,100,0,0,0,0,0,0,0
thalassocrat,baseline,42,1,27,0,0,0,0,0,0
thalassocrat,baseline,42,2,27,0,0,0,0,0,0
thalassocrat,baseline,42,3,27,0,0,0,0,0,0
thalassocrat,baseline,42,4,27,0,0,0,0,0,0
thalassocrat,baseline,42,5,24,0,0,0,0,0,0
thalassocrat,baseline,42,6,22,0,0,0,0,0,0
thalassocrat,baseline,42,7,17,0,0,0,0,0,0
thalassocrat,baseline,42,8,17,0,0,0,0,0,0
thalassocrat,baseline,42,9,17,0,0,0,0,0,0
thalassocrat,baseline,42,10,17,0,0,0,0,0,0
thalassocrat,baseline,42,11,17,0,0,0,0,0,0
thalassocrat,baseline,42,12,16,0,0,0,0,0,0
thalassocrat,baseline,42,13,15,0,0,0,0,0,0
thalassocrat,baseline,42,14,2,0,0,0,0,0,0
thalassocrat,baseline,42,15,2,0,0,0,0,0,0
thalassocrat,baseline,42,16,0,0,0,0,0,0,0
thalassocrat,baseline,42,17,0,0,0,0,0,0,0
thalassocrat,baseline,42,18,0,0,0,0,0,0,0
thalassocrat,baseline,42,19,0,0,0,0,0,0,0
thalassocrat,baseline,42,20,0,0,0,0,0,0,0
thalassocrat,baseline,42,21,0,0,0,0,0,0,0
thalassocrat,baseline,42,22,0,0,0,0,0,0,0
thalassocrat,baseline,42,23,0,0,0,0,0,0,0
thalassocrat,baseline,42,24,0,0,0,0,0,0,0
thalassocrat,baseline,42,25,0,0,0,0,0,0,0
thalassocrat,baseline,42,26,0,0,0,0,0,0,0
thalassocrat,baseline,42,27,0,0,0,0,0,0,0
thalassocrat,baseline,42,28,0,0,0,0,0,0,0
thalassocrat,baseline,42,29,0,0,0,0,0,0,0
thalassocrat,baseline,42,30,0,0,0,0,0,0,0
thalassocrat,baseline,42,31,0,0,0,0,0,0,0
thalassocrat,baseline,42,32,0,0,0,0,0,0,0
thalassocrat,baseline,42,33,0,0,0,0,0,0,0
slaver,baseline,7,1,96,2,2,0,0,0,19
slaver,baseline,7,2,167,2,2,0,0,0,36
slaver,baseline,7,3,267,2,2,0,0,0,36
slaver,baseline,7,4,317,2,2,0,0,0,36
slaver,baseline,7,5,342,2,2,0,0,0,36
slaver,baseline,7,6,342,2,2,0,0,0,36
slaver,baseline,7,7,342,2,2,0,0,0,36
slaver,baseline,7,8,342,2,2,0,0,0,36
slaver,baseline,7,9,367,2,2,0,0,0,36
slaver,baseline,7,10,392,2,2,0,0,0,36
slaver,baseline,7,11,465,2,2,0,0,0,36
slaver,baseline,7,12,465,2,2,0,0,0,36
slaver,baseline,7,13,465,2,2,0,0,0,36
slaver,baseline,7,14,465,2,2,0,0,0,36
slaver,baseline,7,15,465,2,2,0,0,0,36
slaver,baseline,7,16,409,2,2,0,0,0,36
slaver,baseline,7,17,349,2,2,0,0,0,36
slaver,baseline,7,18,313,2,2,0,0,0,36
slaver,baseline,7,19,274,2,2,0,0,0,36
slaver,baseline,7,20,247,2,2,0,0,0,36
slaver,baseline,7,21,215,2,2,0,0,0,36
slaver,baseline,7,22,265,2,2,0,0,0,36
slaver,baseline,7,23,239,2,2,0,0,0,36
slaver,baseline,7,24,225,2,2,0,0,0,36
slaver,baseline,7,25,225,2,2,0,0,0,36
slaver,baseline,7,26,225,2,2,0,0,0,36
slaver,baseline,7,27,225,2,2,0,0,0,36
slaver,baseline,7,28,250,2,2,0,0,0,36
slaver,baseline,7,29,275,2,2,0,0,0,36
slaver,baseline,7,30,275,2,2,0,0,0,36
slaver,baseline,7,31,275,2,2,0,0,0,36
slaver,baseline,7,32,325,2,2,0,0,0,36
slaver,baseline,7,33,425,2,2,0,0,0,36
slaver,baseline,7,34,525,2,2,0,0,0,36
slaver,baseline,7,35,625,2,2,0,0,0,36
slaver,baseline,7,36,700,2,2,0,0,0,36
slaver,baseline,7,37,750,2,2,0,0,0,36
slaver,baseline,7,38,800,2,2,0,0,0,36
slaver,baseline,7,39,825,2,2,0,0,0,36
slaver,baseline,7,40,875,2,2,0,0,0,36
slaver,baseline,7,41,925,2,2,0,0,0,36
slaver,baseline,7,42,1000,2,2,0,0,0,36
slaver,baseline,7,43,977,2,2,0,0,0,36
slaver,baseline,7,44,998,2,2,0,0,0,36
slaver,baseline,7,45,1048,2,2,0,0,0,36
slaver,baseline,7,46,1123,2,2,0,0,0,36
slaver,baseline,7,47,1198,2,2,0,0,0,36
slaver,baseline,7,48,1298,2,2,0,0,0,36
slaver,baseline,7,49,1348,2,2,0,0,0,36
slaver,baseline,7,50,1398,2,2,0,0,0,36
slaver,baseline,7,51,1423,2,2,0,0,0,36
slaver,baseline,7,52,1473,2,2,0,0,0,36
slaver,baseline,7,53,1523,2,2,0,0,0,36
slaver,baseline,7,54,1548,2,2,0,0,0,36
slaver,baseline,7,55,1598,2,2,0,0,0,36
slaver,baseline,7,56,1673,2,2,0,0,0,36
slaver,baseline,7,57,1773,2,2,0,0,0,36
slaver,baseline,7,58,1873,2,2,0,0,0,36
slaver,baseline,7,59,1923,2,2,0,0,0,36
slaver,baseline,7,60,1973,2,2,0,0,0,36
slaver,baseline,7,61,2023,2,2,0,0,0,36
slaver,baseline,7,62,2073,2,2,0,0,0,36
slaver,baseline,7,63,2173,2,2,0,0,0,36
slaver,baseline,7,64,2273,2,2,0,0,0,36
slaver,baseline,7,65,2373,2,2,0,0,0,36
slaver,baseline,7,66,2473,2,2,0,0,0,36
slaver,baseline,7,67,2560,2,2,0,0,0,36
slaver,baseline,7,68,2580,2,2,0,0,0,36
slaver,baseline,7,69,2580,2,2,0,0,0,36
slaver,baseline,7,70,2580,2,2,0,0,0,36
slaver,baseline,7,71,2580,2,2,0,0,0,36
slaver,baseline,7,72,2281,2,2,0,0,0,36
slaver,baseline,7,73,2281,2,2,0,0,0,36
slaver,baseline,7,74,2097,2,2,0,0,0,36
slaver,baseline,7,75,2034,2,2,0,0,0,36
slaver,baseline,7,76,1776,2,2,0,0,0,36
slaver,baseline,7,77,1256,2,2,0,0,0,36
slaver,baseline,7,78,1178,2,2,0,0,0,36
slaver,baseline,7,79,1198,2,2,0,0,0,36
slaver,baseline,7,80,1258,2,2,0,0,0,36
slaver,baseline,7,81,1298,2,2,0,0,0,36
slaver,baseline,7,82,1318,2,2,0,0,0,36
slaver,baseline,7,83,1318,2,2,0,0,0,36
slaver,baseline,7,84,1358,2,2,0,0,0,36
slaver,baseline,7,85,1358,2,2,0,0,0,36
slaver,baseline,7,86,1197,2,2,0,0,0,36
slaver,baseline,7,87,842,2,2,0,0,0,36
slaver,baseline,7,88,691,2,2,0,0,0,36
slaver,baseline,7,89,691,2,2,0,0,0,36
slaver,baseline,7,90,611,2,2,0,0,0,36
slaver,baseline,7,91,537,2,2,0,0,0,36
slaver,baseline,7,92,470,2,2,0,0,0,36
slaver,baseline,7,93,470,2,2,0,0,0,36
slaver,baseline,7,94,470,2,2,0,0,0,36
slaver,baseline,7,95,495,2,2,0,0,0,36
slaver,baseline,7,96,595,2,2,0,0,0,36
slaver,baseline,7,97,595,2,2,0,0,0,36
slaver,baseline,7,98,595,2,2,0,0,0,36
slaver,baseline,7,99,595,2,2,0,0,0,36
slaver,baseline,7,100,595,2,2,0,0,0,36
slaver,baseline,19,1,136,2,2,0,0,0,21
slaver,baseline,19,2,77,2,2,0,0,0,21
slaver,baseline,19,3,51,1,1,0,0,0,21
slaver,baseline,19,4,6,1,1,0,0,0,21
slaver,baseline,19,5,0,0,0,0,0,0,21
slaver,baseline,19,6,0,0,0,0,0,0,21
slaver,baseline,19,7,0,0,0,0,0,0,21
slaver,baseline,19,8,0,0,0,0,0,0,21
slaver,baseline,19,9,0,0,0,0,0,0,21
slaver,baseline,19,10,50,0,0,0,0,0,21
slaver,baseline,19,11,75,1,1,0,0,0,21
slaver,baseline,19,12,83,1,1,0,0,0,21
slaver,baseline,19,13,98,2,2,0,0,0,21
slaver,baseline,19,14,77,2,2,0,0,0,21
slaver,baseline,19,15,56,2,2,0,0,0,21
slaver,baseline,19,16,52,2,2,0,0,0,21
slaver,baseline,19,17,2,1,1,0,0,0,21
slaver,baseline,19,18,0,0,0,0,0,0,21
slaver,baseline,19,19,0,0,0,0,0,0,21
slaver,baseline,19,20,0,0,0,0,0,0,21
slaver,baseline,19,21,0,0,0,0,0,0,21
slaver,baseline,19,22,39,0,0,0,0,0,21
slaver,baseline,19,23,39,0,0,0,0,0,21
slaver,baseline,19,24,39,0,0,0,0,0,21
slaver,baseline,19,25,36,0,0,0,0,0,21
slaver,baseline,19,26,15,0,0,0,0,0,21
slaver,baseline,19,27,12,0,0,0,0,0,21
slaver,baseline,19,28,59,1,1,0,0,0,23
slaver,baseline,19,29,84,1,1,0,0,0,23
slaver,baseline,19,30,106,2,2,0,0,0,24
slaver,baseline,19,31,181,2,2,0,0,0,24
slaver,baseline,19,32,181,2,2,0,0,0,24
slaver,baseline,19,33,206,2,2,0,0,0,24
slaver,baseline,19,34,206,2,2,0,0,0,24
slaver,baseline,19,35,256,2,2,0,0,0,24
slaver,baseline,19,36,356,2,2,0,0,0,24
slaver,baseline,19,37,456,2,2,0,0,0,24
slaver,baseline,19,38,556,2,2,0,0,0,24
slaver,baseline,19,39,656,2,2,0,0,0,24
slaver,baseline,19,40,756,2,2,0,0,0,24
slaver,baseline,19,41,856,2,2,0,0,0,24
slaver,baseline,19,42,906,2,2,0,0,0,24
slaver,baseline,19,43,906,2,2,0,0,0,24
slaver,baseline,19,44,906,2,2,0,0,0,24
slaver,baseline,19,45,906,2,2,0,0,0,24
slaver,baseline,19,46,906,2,2,0,0,0,24
slaver,baseline,19,47,906,2,2,0,0,0,24
slaver,baseline,19,48,956,2,2,0,0,0,24
slaver,baseline,19,49,1056,2,2,0,0,0,24
slaver,baseline,19,50,1156,2,2,0,0,0,24
slaver,baseline,19,51,1181,2,2,0,0,0,24
slaver,baseline,19,52,1206,2,2,0,0,0,24
slaver,baseline,19,53,1231,2,2,0,0,0,24
slaver,baseline,19,54,1281,2,2,0,0,0,24
slaver,baseline,19,55,1306,2,2,0,0,0,24
slaver,baseline,19,56,1331,2,2,0,0,0,24
slaver,baseline,19,57,1381,2,2,0,0,0,24
slaver,baseline,19,58,1431,2,2,0,0,0,24
slaver,baseline,19,59,1531,2,2,0,0,0,24
slaver,baseline,19,60,1631,2,2,0,0,0,24
slaver,baseline,19,61,1731,2,2,0,0,0,24
slaver,baseline,19,62,1806,2,2,0,0,0,24
slaver,baseline,19,63,1856,2,2,0,0,0,24
slaver,baseline,19,64,1906,2,2,0,0,0,24
slaver,baseline,19,65,1931,2,2,0,0,0,24
slaver,baseline,19,66,1956,2,2,0,0,0,24
slaver,baseline,19,67,1981,2,2,0,0,0,24
slaver,baseline,19,68,2056,2,2,0,0,0,24
slaver,baseline,19,69,2156,2,2,0,0,0,24
slaver,baseline,19,70,2256,2,2,0,0,0,24
slaver,baseline,19,71,2306,2,2,0,0,0,24
slaver,baseline,19,72,2306,2,2,0,0,0,24
slaver,baseline,19,73,2306,2,2,0,0,0,24
slaver,baseline,19,74,2356,2,2,0,0,0,24
slaver,baseline,19,75,2356,2,2,0,0,0,24
slaver,baseline,19,76,2381,2,2,0,0,0,24
slaver,baseline,19,77,2456,2,2,0,0,0,24
slaver,baseline,19,78,2556,2,2,0,0,0,24
slaver,baseline,19,79,2656,2,2,0,0,0,24
slaver,baseline,19,80,2756,2,2,0,0,0,24
slaver,baseline,19,81,2856,2,2,0,0,0,24
slaver,baseline,19,82,2956,2,2,0,0,0,24
slaver,baseline,19,83,3056,2,2,0,0,0,24
slaver,baseline,19,84,3156,2,2,0,0,0,24
slaver,baseline,19,85,3256,2,2,0,0,0,24
slaver,baseline,19,86,3356,2,2,0,0,0,24
slaver,baseline,19,87,3456,2,2,0,0,0,24
slaver,baseline,19,88,3556,2,2,0,0,0,24
slaver,baseline,19,89,3656,2,2,0,0,0,24
slaver,baseline,19,90,3756,2,2,0,0,0,24
slaver,baseline,19,91,3856,2,2,0,0,0,24
slaver,baseline,19,92,3956,2,2,0,0,0,24
slaver,baseline,19,93,4056,2,2,0,0,0,24
slaver,baseline,19,94,4156,2,2,0,0,0,24
slaver,baseline,19,95,4256,2,2,0,0,0,24
slaver,baseline,19,96,4336,2,2,0,0,0,24
slaver,baseline,19,97,4416,2,2,0,0,0,24
slaver,baseline,19,98,4496,2,2,0,0,0,24
slaver,baseline,19,99,4556,2,2,0,0,0,24
slaver,baseline,19,100,4198,2,2,0,0,0,24
slaver,baseline,42,1,117,2,2,0,0,0,0
slaver,baseline,42,2,126,2,2,0,0,0,10
slaver,baseline,42,3,200,2,2,0,0,0,10
slaver,baseline,42,4,289,2,2,0,0,0,13
slaver,baseline,42,5,389,2,2,0,0,0,13
slaver,baseline,42,6,459,2,2,0,0,0,13
slaver,baseline,42,7,459,2,2,0,0,0,13
slaver,baseline,42,8,499,2,2,0,0,0,13
slaver,baseline,42,9,499,2,2,0,0,0,13
slaver,baseline,42,10,499,2,2,0,0,0,13
slaver,baseline,42,11,477,2,2,0,0,0,13
slaver,baseline,42,12,438,2,2,0,0,0,13
slaver,baseline,42,13,389,2,2,0,0,0,13
slaver,baseline,42,14,387,2,2,0,0,0,13
slaver,baseline,42,15,373,2,2,0,0,0,13
slaver,baseline,42,16,348,2,2,0,0,0,13
slaver,baseline,42,17,328,2,2,0,0,0,13
slaver,baseline,42,18,309,2,2,0,0,0,13
slaver,baseline,42,19,299,2,2,0,0,0,13
slaver,baseline,42,20,349,2,2,0,0,0,13
slaver,baseline,42,21,449,2,2,0,0,0,13
slaver,baseline,42,22,474,2,2,0,0,0,13
slaver,baseline,42,23,474,2,2,0,0,0,13
slaver,baseline,42,24,549,2,2,0,0,0,13
slaver,baseline,42,25,599,2,2,0,0,0,13
slaver,baseline,42,26,599,2,2,0,0,0,13
slaver,baseline,42,27,624,2,2,0,0,0,13
slaver,baseline,42,28,624,2,2,0,0,0,13
slaver,baseline,42,29,624,2,2,0,0,0,13
slaver,baseline,42,30,704,2,2,0,0,0,13
slaver,baseline,42,31,784,2,2,0,0,0,13
slaver,baseline,42,32,824,2,2,0,0,0,13
slaver,baseline,42,33,824,2,2,0,0,0,13
slaver,baseline,42,34,824,2,2,0,0,0,13
slaver,baseline,42,35,824,2,2,0,0,0,13
slaver,baseline,42,36,824,2,2,0,0,0,13
slaver,baseline,42,37,824,2,2,0,0,0,13
slaver,baseline,42,38,864,2,2,0,0,0,13
slaver,baseline,42,39,944,2,2,0,0,0,13
slaver,baseline,42,40,964,2,2,0,0,0,13
slaver,baseline,42,41,964,2,2,0,0,0,13
slaver,baseline,42,42,924,2,2,0,0,0,13
slaver,baseline,42,43,762,2,2,0,0,0,13
slaver,baseline,42,44,680,2,2,0,0,0,13
slaver,baseline,42,45,626,2,2,0,0,0,13
slaver,baseline,42,46,598,2,2,0,0,0,13
slaver,baseline,42,47,623,2,2,0,0,0,13
slaver,baseline,42,48,673,2,2,0,0,0,13
slaver,baseline,42,49,673,2,2,0,0,0,13
slaver,baseline,42,50,698,2,2,0,0,0,13
slaver,baseline,42,51,723,2,2,0,0,0,13
slaver,baseline,42,52,748,2,2,0,0,0,13
slaver,baseline,42,53,798,2,2,0,0,0,13
slaver,baseline,42,54,823,2,2,0,0,0,13
slaver,baseline,42,55,873,2,2,0,0,0,13
slaver,baseline,42,56,923,2,2,0,0,0,13
slaver,baseline,42,57,1023,2,2,0,0,0,13
slaver,baseline,42,58,1023,2,2,0,0,0,13
slaver,baseline,42,59,1023,2,2,0,0,0,13
slaver,baseline,42,60,1123,2,2,0,0,0,13
slaver,baseline,42,61,1173,2,2,0,0,0,13
slaver,baseline,42,62,1198,2,2,0,0,0,13
slaver,baseline,42,63,1223,2,2,0,0,0,13
slaver,baseline,42,64,1248,2,2,0,0,0,13
slaver,baseline,42,65,1248,2,2,0,0,0,13
slaver,baseline,42,66,1273,2,2,0,0,0,13
slaver,baseline,42,67,1348,2,2,0,0,0,13
slaver,baseline,42,68,1348,2,2,0,0,0,13
slaver,baseline,42,69,1373,2,2,0,0,0,13
slaver,baseline,42,70,1373,2,2,0,0,0,13
slaver,baseline,42,71,1448,2,2,0,0,0,13
slaver,baseline,42,72,1473,2,2,0,0,0,13
slaver,baseline,42,73,1473,2,2,0,0,0,13
slaver,baseline,42,74,1498,2,2,0,0,0,13
slaver,baseline,42,75,1548,2,2,0,0,0,13
slaver,baseline,42,76,1573,2,2,0,0,0,13
slaver,baseline,42,77,1623,2,2,0,0,0,13
slaver,baseline,42,78,1723,2,2,0,0,0,13
slaver,baseline,42,79,1773,2,2,0,0,0,13
slaver,baseline,42,80,1848,2,2,0,0,0,13
slaver,baseline,42,81,1898,2,2,0,0,0,13
slaver,baseline,42,82,1998,2,2,0,0,0,13
slaver,baseline,42,83,2048,2,2,0,0,0,13
slaver,baseline,42,84,2088,2,2,0,0,0,13
slaver,baseline,42,85,2108,2,2,0,0,0,13
slaver,baseline,42,86,2188,2,2,0,0,0,13
slaver,baseline,42,87,2268,2,2,0,0,0,13
slaver,baseline,42,88,2288,2,2,0,0,0,13
slaver,baseline,42,89,2288,2,2,0,0,0,13
slaver,baseline,42,90,2239,2,2,0,0,0,13
slaver,baseline,42,91,2116,2,2,0,0,0,13
slaver,baseline,42,92,1855,2,2,0,0,0,13
slaver,baseline,42,93,1650,2,2,0,0,0,13
slaver,baseline,42,94,1588,2,2,0,0,0,13
slaver,baseline,42,95,1588,2,2,0,0,0,13
slaver,baseline,42,96,1608,2,2,0,0,0,13
slaver,baseline,42,97,1668,2,2,0,0,0,13
slaver,baseline,42,98,1728,2,2,0,0,0,13
slaver,baseline,42,99,1728,2,2,0,0,0,13
slaver,baseline,42,100,1728,2,2,0,0,0,13
techlord,baseline,7,1,27,0,0,0,0,0,0
techlord,baseline,7,2,27,0,0,0,0,0,0
techlord,baseline,7,3,3,0,0,0,0,0,0
techlord,baseline,7,4,3,0,0,0,0,0,0
techlord,baseline,7,5,3,0,0,0,0,0,0
techlord,baseline,7,6,0,0,0,0,0,0,0
techlord,baseline,7,7,0,0,0,0,0,0,0
techlord,baseline,7,8,0,0,0,0,0,0,0
techlord,baseline,7,9,0,0,0,0,0,0,0
techlord,baseline,7,10,0,0,0,0,0,0,0
techlord,baseline,7,11,0,0,0,0,0,0,0
techlord,baseline,7,12,0,0,0,0,0,0,0
techlord,baseline,7,13,0,0,0,0,0,0,0
techlord,baseline,7,14,0,0,0,0,0,0,0
techlord,baseline,7,15,0,0,0,0,0,0,0
techlord,baseline,7,16,0,0,0,0,0,0,0
techlord,baseline,7,17,0,0,0,0,0,0,0
techlord,baseline,7,18,0,0,0,0,0,0,0
techlord,baseline,7,19,0,0,0,0,0,0,0
techlord,baseline,7,20,0,0,0,0,0,0,0
techlord,baseline,7,21,0,0,0,0,0,0,0
techlord,baseline,7,22,0,0,0,0,0,0,0
techlord,baseline,7,23,0,0,0,0,0,0,0
techlord,baseline,7,24,0,0,0,0,0,0,0
techlord,baseline,7,25,0,0,0,0,0,0,0
techlord,baseline,7,26,0,0,0,0,0,0,0
techlord,baseline,7,27,0,0,0,0,0,0,0
techlord,baseline,7,28,0,0,0,0,0,0,0
techlord,baseline,7,29,0,0,0,0,0,0,0
techlord,baseline,7,30,0,0,0,0,0,0,0
techlord,baseline,7,31,0,0,0,0,0,0,0
techlord,baseline,7,32,0,0,0,0,0,0,0
techlord,baseline,7,33,0,0,0,0,0,0,0
techlord,baseline,7,34,0,0,0,0,0,0,0
techlord,baseline,7,35,0,0,0,0,0,0,0
techlord,baseline,7,36,0,0,0,0,0,0,0
techlord,baseline,7,37,0,0,0,0,0,0,0
techlord,baseline,7,38,0,0,0,0,0,0,0
techlord,baseline,7,39,0,0,0,0,0,0,0
techlord,baseline,7,40,0,0,0,0,0,0,0
techlord,baseline,7,41,0,0,0,0,0,0,0
techlord,baseline,7,42,0,0,0,0,0,0,0
techlord,baseline,7,43,0,0,0,0,0,0,0
techlord,baseline,7,44,0,0,0,0,0,0,0
techlord,baseline,7,45,0,0,0,0,0,0,0
techlord,baseline,7,46,0,0,0,0,0,0,0
techlord,baseline,7,47,0,0,0,0,0,0,0
techlord,baseline,7,48,0,0,0,0,0,0,0
techlord,baseline,7,49,0,0,0,0,0,0,0
techlord,baseline,7,50,0,0,0,0,0,0,0
techlord,baseline,7,51,0,0,0,0,0,0,0
techlord,baseline,7,52,0,0,0,0,0,0,0
techlord,baseline,7,53,0,0,0,0,0,0,0
techlord,baseline,7,54,0,0,0,0,0,0,0
techlord,baseline,7,55,0,0,0,0,0,0,0
techlord,baseline,7,56,0,0,0,0,0,0,0
techlord,baseline,7,57,0,0,0,0,0,0,0
techlord,baseline,7,58,0,0,0,0,0,0,0
techlord,baseline,7,59,0,0,0,0,0,0,0
techlord,baseline,7,60,0,0,0,0,0,0,0
techlord,baseline,7,61,0,0,0,0,0,0,0
techlord,baseline,7,62,0,0,0,0,0,0,0
techlord,baseline,7,63,0,0,0,0,0,0,0
techlord,baseline,7,64,0,0,0,0,0,0,0
techlord,baseline,7,65,0,0,0,0,0,0,0
techlord,baseline,7,66,0,0,0,0,0,0,0
techlord,baseline,7,67,0,0,0,0,0,0,0
techlord,baseline,7,68,0,0,0,0,0,0,0
techlord,baseline,7,69,0,0,0,0,0,0,0
techlord,baseline,7,70,0,0,0,0,0,0,0
techlord,baseline,7,71,0,0,0,0,0,0,0
techlord,baseline,7,72,0,0,0,0,0,0,0
techlord,baseline,7,73,0,0,0,0,0,0,0
techlord,baseline,7,74,0,0,0,0,0,0,0
techlord,baseline,7,75,0,0,0,0,0,0,0
techlord,baseline,7,76,0,0,0,0,0,0,0
techlord,baseline,7,77,0,0,0,0,0,0,0
techlord,baseline,7,78,0,0,0,0,0,0,0
techlord,baseline,7,79,0,0,0,0,0,0,0
techlord,baseline,7,80,0,0,0,0,0,0,0
techlord,baseline,7,81,0,0,0,0,0,0,0
techlord,baseline,7,82,0,0,0,0,0,0,0
techlord,baseline,7,83,0,0,0,0,0,0,0
techlord,baseline,7,84,0,0,0,0,0,0,0
techlord,baseline,7,85,0,0,0,0,0,0,0
techlord,baseline,7,86,0,0,0,0,0,0,0
techlord,baseline,7,87,0,0,0,0,0,0,0
techlord,baseline,7,88,0,0,0,0,0,0,0
techlord,baseline,7,89,0,0,0,0,0,0,0
techlord,baseline,7,90,0,0,0,0,0,0,0
techlord,baseline,7,91,0,0,0,0,0,0,0
techlord,baseline,7,92,0,0,0,0,0,0,0
techlord,baseline,7,93,0,0,0,0,0,0,0
techlord,baseline,7,94,0,0,0,0,0,0,0
techlord,baseline,7,95,0,0,0,0,0,0,0
techlord,baseline,7,96,0,0,0,0,0,0,0
techlord,baseline,7,97,0,0,0,0,0,0,0
techlord,baseline,7,98,0,0,0,0,0,0,0
techlord,baseline,7,99,0,0,0,0,0,0,0
techlord,baseline,7,100,0,0,0,0,0,0,0
techlord,baseline,19,1,41,0,0,0,0,0,0
techlord,baseline,19,2,41,0,0,0,0,0,0
techlord,baseline,19,3,41,0,0,0,0,0,0
techlord,baseline,19,4,41,0,0,0,0,0,0
techlord,baseline,19,5,41,0,0,0,0,0,0
techlord,baseline,19,6,41,0,0,0,0,0,0
techlord,baseline,19,7,41,0,0,0,0,0,0
techlord,baseline,19,8,41,0,0,0,0,0,0
techlord,baseline,19,9,41,0,0,0,0,0,0
techlord,baseline,19,10,41,0,0,0,0,0,0
techlord,baseline,19,11,41,0,0,0,0,0,0
techlord,baseline,19,12,41,0,0,0,0,0,0
techlord,baseline,19,13,41,0,0,0,0,0,0
techlord,baseline,19,14,41,0,0,0,0,0,0
techlord,baseline,19,15,41,0,0,0,0,0,0
techlord,baseline,19,16,41,0,0,0,0,0,0
techlord,baseline,19,17,41,0,0,0,0,0,0
techlord,baseline,19,18,41,0,0,0,0,0,0
techlord,baseline,19,19,41,0,0,0,0,0,0
techlord,baseline,19,20,41,0,0,0,0,0,0
techlord,baseline,19,21,41,0,0,0,0,0,0
techlord,baseline,19,22,41,0,0,0,0,0,0
techlord,baseline,19,23,41,0,0,0,0,0,0
techlord,baseline,19,24,41,0,0,0,0,0,0
techlord,baseline,19,25,41,0,0,0,0,0,0
techlord,baseline,19,26,41,0,0,0,0,0,0
techlord,baseline,19,27,41,0,0,0,0,0,0
techlord,baseline,19,28,41,0,0,0,0,0,0
techlord,baseline,19,29,41,0,0,0,0,0,0
techlord,baseline,19,30,41,0,0,0,0,0,0
techlord,baseline,19,31,41,0,0,0,0,0,0
techlord,baseline,19,32,41,0,0,0,0,0,0
techlord,baseline,19,33,41,0,0,0,0,0,0
techlord,baseline,19,34,41,0,0,0,0,0,0
techlord,baseline,19,35,41,0,0,0,0,0,0
techlord,baseline,19,36,41,0,0,0,0,0,0
techlord,baseline,19,37,41,0,0,0,0,0,0
techlord,baseline,19,38,41,0,0,0,0,0,0
techlord,baseline,19,39,41,0,0,0,0,0,0
techlord,baseline,19,40,41,0,0,0,0,0,0
techlord,baseline,19,41,41,0,0,0,0,0,0
techlord,baseline,19,42,41,0,0,0,0,0,0
techlord,baseline,19,43,41,0,0,0,0,0,0
techlord,baseline,19,44,41,0,0,0,0,0,0
techlord,baseline,19,45,41,0,0,0,0,0,0
techlord,baseline,19,46,41,0,0,0,0,0,0
techlord,baseline,19,47,41,0,0,0,0,0,0
techlord,baseline,19,48,41,0,0,0,0,0,0
techlord,baseline,19,49,41,0,0,0,0,0,0
techlord,baseline,19,50,41,0,0,0,0,0,0
techlord,baseline,19,51,41,0,0,0,0,0,0
techlord,baseline,19,52,41,0,0,0,0,0,0
techlord,baseline,19,53,41,0,0,0,0,0,0
techlord,baseline,19,54,41,0,0,0,0,0,0
techlord,baseline,19,55,41,0,0,0,0,0,0
techlord,baseline,19,56,41,0,0,0,0,0,0
techlord,baseline,19,57,41,0,0,0,0,0,0
techlord,baseline,19,58,41,0,0,0,0,0,0
techlord,baseline,19,59,41,0,0,0,0,0,0
techlord,baseline,19,60,41,0,0,0,0,0,0
techlord,baseline,19,61,41,0,0,0,0,0,0
techlord,baseline,19,62,41,0,0,0,0,0,0
techlord,baseline,19,63,41,0,0,0,0,0,0
techlord,baseline,19,64,41,0,0,0,0,0,0
techlord,baseline,19,65,41,0,0,0,0,0,0
techlord,baseline,19,66,41,0,0,0,0,0,0
techlord,baseline,19,67,41,0,0,0,0,0,0
techlord,baseline,19,68,41,0,0,0,0,0,0
techlord,baseline,19,69,41,0,0,0,0,0,0
techlord,baseline,19,70,41,0,0,0,0,0,0
techlord,baseline,19,71,41,0,0,0,0,0,0
techlord,baseline,19,72,41,0,0,0,0,0,0
techlord,baseline,19,73,41,0,0,0,0,0,0
techlord,baseline,19,74,41,0,0,0,0,0,0
techlord,baseline,19,75,41,0,0,0,0,0,0
techlord,baseline,19,76,41,0,0,0,0,0,0
techlord,baseline,19,77,41,0,0,0,0,0,0
techlord,baseline,19,78,41,0,0,0,0,0,0
techlord,baseline,19,79,41,0,0,0,0,0,0
techlord,baseline,19,80,41,0,0,0,0,0,0
techlord,baseline,19,81,41,0,0,0,0,0,0
techlord,baseline,19,82,41,0,0,0,0,0,0
techlord,baseline,19,83,41,0,0,0,0,0,0
techlord,baseline,19,84,41,0,0,0,0,0,0
techlord,baseline,19,85,41,0,0,0,0,0,0
techlord,baseline,19,86,41,0,0,0,0,0,0
techlord,baseline,19,87,41,0,0,0,0,0,0
techlord,baseline,19,88,41,0,0,0,0,0,0
techlord,baseline,19,89,41,0,0,0,0,0,0
techlord,baseline,19,90,41,0,0,0,0,0,0
techlord,baseline,19,91,41,0,0,0,0,0,0
techlord,baseline,19,92,41,0,0,0,0,0,0
techlord,baseline,19,93,41,0,0,0,0,0,0
techlord,baseline,19,94,41,0,0,0,0,0,0
techlord,baseline,19,95,41,0,0,0,0,0,0
techlord,baseline,19,96,41,0,0,0,0,0,0
techlord,baseline,19,97,41,0,0,0,0,0,0
techlord,baseline,19,98,41,0,0,0,0,0,0
techlord,baseline,19,99,41,0,0,0,0,0,0
techlord,baseline,19,100,41,0,0,0,0,0,0
techlord,baseline,42,1,27,0,0,0,0,0,0
techlord,baseline,42,2,27,0,0,0,0,0,0
techlord,baseline,42,3,27,0,0,0,0,0,0
techlord,baseline,42,4,27,0,0,0,0,0,0
techlord,baseline,42,5,27,0,0,0,0,0,0
techlord,baseline,42,6,27,0,0,0,0,0,0
techlord,baseline,42,7,27,0,0,0,0,0,0
techlord,baseline,42,8,27,0,0,0,0,0,0
techlord,baseline,42,9,27,0,0,0,0,0,0
techlord,baseline,42,10,27,0,0,0,0,0,0
techlord,baseline,42,11,27,0,0,0,0,0,0
techlord,baseline,42,12,27,0,0,0,0,0,0
techlord,baseline,42,13,27,0,0,0,0,0,0
techlord,baseline,42,14,27,0,0,0,0,0,0
techlord,baseline,42,15,27,0,0,0,0,0,0
techlord,baseline,42,16,16,0,0,0,0,0,0
techlord,baseline,42,17,16,0,0,0,0,0,0
techlord,baseline,42,18,12,0,0,0,0,0,0
techlord,baseline,42,19,12,0,0,0,0,0,0
techlord,baseline,42,20,1,0,0,0,0,0,0
techlord,baseline,42,21,1,0,0,0,0,0,0
techlord,baseline,42,22,1,0,0,0,0,0,0
techlord,baseline,42,23,0,0,0,0,0,0,0
techlord,baseline,42,24,0,0,0,0,0,0,0
techlord,baseline,42,25,0,0,0,0,0,0,0
techlord,baseline,42,26,0,0,0,0,0,0,0
techlord,baseline,42,27,0,0,0,0,0,0,0
techlord,baseline,42,28,0,0,0,0,0,0,0
techlord,baseline,42,29,0,0,0,0,0,0,0
techlord,baseline,42,30,0,0,0,0,0,0,0
techlord,baseline,42,31,0,0,0,0,0,0,0
techlord,baseline,42,32,0,0,0,0,0,0,0
techlord,baseline,42,33,0,0,0,0,0,0,0
techlord,baseline,42,34,0,0,0,0,0,0,0
techlord,baseline,42,35,0,0,0,0,0,0,0
techlord,baseline,42,36,0,0,0,0,0,0,0
techlord,baseline,42,37,0,0,0,0,0,0,0
techlord,baseline,42,38,0,0,0,0,0,0,0
survivor,baseline,7,1,27,0,0,0,0,0,0
survivor,baseline,7,2,27,0,0,0,0,0,0
survivor,baseline,7,3,3,0,0,0,0,0,0
survivor,baseline,7,4,3,0,0,0,0,0,0
survivor,baseline,7,5,3,0,0,0,0,0,0
survivor,baseline,7,6,0,0,0,0,0,0,0
survivor,baseline,7,7,0,0,0,0,0,0,0
survivor,baseline,7,8,0,0,0,0,0,0,0
survivor,baseline,7,9,0,0,0,0,0,0,0
survivor,baseline,7,10,0,0,0,0,0,0,0
survivor,baseline,7,11,0,0,0,0,0,0,0
survivor,baseline,7,12,0,0,0,0,0,0,0
survivor,baseline,7,13,0,0,0,0,0,0,0
survivor,baseline,7,14,0,0,0,0,0,0,0
survivor,baseline,7,15,0,0,0,0,0,0,0
survivor,baseline,7,16,0,0,0,0,0,0,0
survivor,baseline,7,17,0,0,0,0,0,0,0
survivor,baseline,7,18,0,0,0,0,0,0,0
survivor,baseline,7,19,0,0,0,0,0,0,0
survivor,baseline,7,20,0,0,0,0,0,0,0
survivor,baseline,7,21,0,0,0,0,0,0,0
survivor,baseline,7,22,0,0,0,0,0,0,0
survivor,baseline,7,23,0,0,0,0,0,0,0
survivor,baseline,7,24,0,0,0,0,0,0,0
survivor,baseline,7,25,0,0,0,0,0,0,0
survivor,baseline,7,26,0,0,0,0,0,0,0
survivor,baseline,7,27,0,0,0,0,0,0,0
survivor,baseline,7,28,0,0,0,0,0,0,0
survivor,baseline,7,29,0,0,0,0,0,0,0
survivor,baseline,19,1,41,0,0,0,0,0,0
survivor,baseline,19,2,41,0,0,0,0,0,0
survivor,baseline,19,3,41,0,0,0,0,0,0
survivor,baseline,19,4,41,0,0,0,0,0,0
survivor,baseline,19,5,41,0,0,0,0,0,0
survivor,baseline,19,6,41,0,0,0,0,0,0
survivor,baseline,19,7,41,0,0,0,0,0,0
survivor,baseline,19,8,41,0,0,0,0,0,0
survivor,baseline,19,9,41,0,0,0,0,0,0
survivor,baseline,19,10,40,0,0,0,0,0,0
survivor,baseline,19,11,40,0,0,0,0,0,0
survivor,baseline,19,12,40,0,0,0,0,0,0
survivor,baseline,19,13,40,0,0,0,0,0,0
survivor,baseline,19,14,40,0,0,0,0,0,0
survivor,baseline,19,15,40,0,0,0,0,0,0
survivor,baseline,19,16,40,0,0,0,0,0,0
survivor,baseline,19,17,40,0,0,0,0,0,0
survivor,baseline,19,18,40,0,0,0,0,0,0
survivor,baseline,19,19,40,0,0,0,0,0,0
survivor,baseline,19,20,40,0,0,0,0,0,0
survivor,baseline,19,21,40,0,0,0,0,0,0
survivor,baseline,19,22,40,0,0,0,0,0,0
survivor,baseline,19,23,40,0,0,0,0,0,0
survivor,baseline,19,24,40,0,0,0,0,0,0
survivor,baseline,19,25,40,0,0,0,0,0,0
survivor,baseline,19,26,40,0,0,0,0,0,0
survivor,baseline,19,27,40,0,0,0,0,0,0
survivor,baseline,19,28,40,0,0,0,0,0,0
survivor,baseline,19,29,40,0,0,0,0,0,0
survivor,baseline,19,30,40,0,0,0,0,0,0
survivor,baseline,19,31,40,0,0,0,0,0,0
survivor,baseline,19,32,40,0,0,0,0,0,0
survivor,baseline,19,33,40,0,0,0,0,0,0
survivor,baseline,19,34,40,0,0,0,0,0,0
survivor,baseline,19,35,40,0,0,0,0,0,0
survivor,baseline,19,36,40,0,0,0,0,0,0
survivor,baseline,19,37,40,0,0,0,0,0,0
survivor,baseline,19,38,40,0,0,0,0,0,0
survivor,baseline,19,39,40,0,0,0,0,0,0
survivor,baseline,19,40,40,0,0,0,0,0,0
survivor,baseline,19,41,40,0,0,0,0,0,0
survivor,baseline,19,42,40,0,0,0,0,0,0
survivor,baseline,19,43,40,0,0,0,0,0,0
survivor,baseline,19,44,40,0,0,0,0,0,0
survivor,baseline,19,45,40,0,0,0,0,0,0
survivor,baseline,19,46,40,0,0,0,0,0,0
survivor,baseline,19,47,40,0,0,0,0,0,0
survivor,baseline,19,48,40,0,0,0,0,0,0
survivor,baseline,19,49,40,0,0,0,0,0,0
survivor,baseline,19,50,40,0,0,0,0,0,0
survivor,baseline,19,51,60,0,0,0,0,0,0
survivor,baseline,19,52,60,0,0,0,0,0,0
survivor,baseline,19,53,60,0,0,0,0,0,0
survivor,baseline,19,54,60,0,0,0,0,0,0
survivor,baseline,19,55,60,0,0,0,0,0,0
survivor,baseline,19,56,60,0,0,0,0,0,0
survivor,baseline,19,57,60,0,0,0,0,0,0
survivor,baseline,19,58,60,0,0,0,0,0,0
survivor,baseline,19,59,60,0,0,0,0,0,0
survivor,baseline,19,60,60,0,0,0,0,0,0
survivor,baseline,19,61,60,0,0,0,0,0,0
survivor,baseline,19,62,60,0,0,0,0,0,0
survivor,baseline,19,63,80,0,0,0,0,0,0
survivor,baseline,19,64,80,0,0,0,0,0,0
survivor,baseline,19,65,80,0,0,0,0,0,0
survivor,baseline,19,66,80,0,0,0,0,0,0
survivor,baseline,19,67,80,0,0,0,0,0,0
survivor,baseline,19,68,80,0,0,0,0,0,0
survivor,baseline,19,69,80,0,0,0,0,0,0
survivor,baseline,19,70,80,0,0,0,0,0,0
survivor,baseline,19,71,80,0,0,0,0,0,0
survivor,baseline,19,72,80,0,0,0,0,0,0
survivor,baseline,19,73,80,0,0,0,0,0,0
survivor,baseline,19,74,80,0,0,0,0,0,0
survivor,baseline,19,75,80,0,0,0,0,0,0
survivor,baseline,19,76,80,0,0,0,0,0,0
survivor,baseline,19,77,80,0,0,0,0,0,0
survivor,baseline,19,78,80,0,0,0,0,0,0
survivor,baseline,19,79,80,0,0,0,0,0,0
survivor,baseline,19,80,80,0,0,0,0,0,0
survivor,baseline,19,81,100,0,0,0,0,0,0
survivor,baseline,19,82,100,0,0,0,0,0,0
survivor,baseline,19,83,100,0,0,0,0,0,0
survivor,baseline,19,84,100,0,0,0,0,0,0
survivor,baseline,19,85,100,0,0,0,0,0,0
survivor,baseline,19,86,100,0,0,0,0,0,0
survivor,baseline,19,87,100,0,0,0,0,0,0
survivor,baseline,19,88,100,0,0,0,0,0,0
survivor,baseline,19,89,100,0,0,0,0,0,0
survivor,baseline,19,90,10,0,0,0,0,0,0
survivor,baseline,19,91,90,0,0,0,0,0,0
survivor,baseline,19,92,90,0,0,0,0,0,0
survivor,baseline,19,93,90,0,0,0,0,0,0
survivor,baseline,19,94,110,0,0,0,0,0,0
survivor,baseline,19,95,110,0,0,0,0,0,0
survivor,baseline,19,96,33,0,0,0,0,0,0
survivor,baseline,19,97,93,0,0,0,0,0,0
survivor,baseline,19,98,93,0,0,0,0,0,0
survivor,baseline,19,99,113,0,0,0,0,0,0
survivor,baseline,19,100,113,0,0,0,0,0,0
survivor,baseline,42,1,27,0,0,0,0,0,0
survivor,baseline,42,2,27,0,0,0,0,0,0
survivor,baseline,42,3,27,0,0,0,0,0,0
survivor,baseline,42,4,27,0,0,0,0,0,0
survivor,baseline,42,5,27,0,0,0,0,0,0
survivor,baseline,42,6,27,0,0,0,0,0,0
survivor,baseline,42,7,27,0,0,0,0,0,0
survivor,baseline,42,8,27,0,0,0,0,0,0
survivor,baseline,42,9,27,0,0,0,0,0,0
survivor,baseline,42,10,27,0,0,0,0,0,0
survivor,baseline,42,11,27,0,0,0,0,0,0
survivor,baseline,42,12,27,0,0,0,0,0,0
survivor,baseline,42,13,27,0,0,0,0,0,0
survivor,baseline,42,14,27,0,0,0,0,0,0
survivor,baseline,42,15,27,0,0,0,0,0,0
survivor,baseline,42,16,16,0,0,0,0,0,0
survivor,baseline,42,17,16,0,0,0,0,0,0
survivor,baseline,42,18,12,0,0,0,0,0,0
survivor,baseline,42,19,12,0,0,0,0,0,0
survivor,baseline,42,20,1,0,0,0,0,0,0
survivor,baseline,42,21,17,0,0,0,0,0,0
survivor,baseline,42,22,17,0,0,0,0,0,0
survivor,baseline,42,23,13,0,0,0,0,0,0
survivor,baseline,42,24,10,0,0,0,0,0,0
survivor,baseline,42,25,10,0,0,0,0,0,0
survivor,baseline,42,26,10,0,0,0,0,0,0
survivor,baseline,42,27,21,0,0,0,0,0,0
survivor,baseline,42,28,21,0,0,0,0,0,0
survivor,baseline,42,29,13,0,0,0,0,0,0
survivor,baseline,42,30,13,0,0,0,0,0,0
survivor,baseline,42,31,10,0,0,0,0,0,0
survivor,baseline,42,32,10,0,0,0,0,0,0
survivor,baseline,42,33,6,0,0,0,0,0,0
survivor,baseline,42,34,26,0,0,0,0,0,0
survivor,baseline,42,35,26,0,0,0,0,0,0
survivor,baseline,42,36,26,0,0,0,0,0,0
survivor,baseline,42,37,26,0,0,0,0,0,0
survivor,baseline,42,38,26,0,0,0,0,0,0
survivor,baseline,42,39,26,0,0,0,0,0,0
survivor,baseline,42,40,26,0,0,0,0,0,0
survivor,baseline,42,41,26,0,0,0,0,0,0
survivor,baseline,42,42,26,0,0,0,0,0,0
survivor,baseline,42,43,26,0,0,0,0,0,0
survivor,baseline,42,44,26,0,0,0,0,0,0
survivor,baseline,42,45,26,0,0,0,0,0,0
survivor,baseline,42,46,26,0,0,0,0,0,0
survivor,baseline,42,47,26,0,0,0,0,0,0
survivor,baseline,42,48,26,0,0,0,0,0,0
survivor,baseline,42,49,26,0,0,0,0,0,0
survivor,baseline,42,50,26,0,0,0,0,0,0
survivor,baseline,42,51,26,0,0,0,0,0,0
survivor,baseline,42,52,23,0,0,0,0,0,0
survivor,baseline,42,53,17,0,0,0,0,0,0
survivor,baseline,42,54,17,0,0,0,0,0,0
survivor,baseline,42,55,28,0,0,0,0,0,0
survivor,baseline,42,56,23,0,0,0,0,0,0
survivor,baseline,42,57,23,0,0,0,0,0,0
survivor,baseline,42,58,23,0,0,0,0,0,0
survivor,baseline,42,59,38,0,0,0,0,0,0
survivor,baseline,42,60,38,0,0,0,0,0,0
survivor,baseline,42,61,29,0,0,0,0,0,0
survivor,baseline,42,62,29,0,0,0,0,0,0
survivor,baseline,42,63,29,0,0,0,0,0,0
survivor,baseline,42,64,29,0,0,0,0,0,0
survivor,baseline,42,65,29,0,0,0,0,0,0
survivor,baseline,42,66,29,0,0,0,0,0,0
survivor,baseline,42,67,29,0,0,0,0,0,0
survivor,baseline,42,68,29,0,0,0,0,0,0
survivor,baseline,42,69,29,0,0,0,0,0,0
survivor,baseline,42,70,29,0,0,0,0,0,0
survivor,baseline,42,71,29,0,0,0,0,0,0
survivor,baseline,42,72,29,0,0,0,0,0,0
survivor,baseline,42,73,29,0,0,0,0,0,0
survivor,baseline,42,74,29,0,0,0,0,0,0
survivor,baseline,42,75,29,0,0,0,0,0,0
survivor,baseline,42,76,29,0,0,0,0,0,0
survivor,baseline,42,77,49,0,0,0,0,0,0
survivor,baseline,42,78,49,0,0,0,0,0,0
survivor,baseline,42,79,49,0,0,0,0,0,0
survivor,baseline,42,80,49,0,0,0,0,0,0
survivor,baseline,42,81,49,0,0,0,0,0,0
survivor,baseline,42,82,49,0,0,0,0,0,0
survivor,baseline,42,83,49,0,0,0,0,0,0
survivor,baseline,42,84,49,0,0,0,0,0,0
survivor,baseline,42,85,49,0,0,0,0,0,0
survivor,baseline,42,86,49,0,0,0,0,0,0
survivor,baseline,42,87,49,0,0,0,0,0,0
survivor,baseline,42,88,49,0,0,0,0,0,0
survivor,baseline,42,89,49,0,0,0,0,0,0
survivor,baseline,42,90,49,0,0,0,0,0,0
survivor,baseline,42,91,49,0,0,0,0,0,0
survivor,baseline,42,92,49,0,0,0,0,0,0
survivor,baseline,42,93,49,0,0,0,0,0,0
survivor,baseline,42,94,49,0,0,0,0,0,0
survivor,baseline,42,95,49,0,0,0,0,0,0
survivor,baseline,42,96,49,0,0,0,0,0,0
survivor,baseline,42,97,69,0,0,0,0,0,0
survivor,baseline,42,98,69,0,0,0,0,0,0
survivor,baseline,42,99,69,0,0,0,0,0,0
survivor,baseline,42,100,69,0,0,0,0,0,0
passive,archipelago,7,1,4,0,0,0,0,0,0
passive,archipelago,7,2,0,0,0,0,0,0,0
passive,archipelago,7,3,0,0,0,0,0,0,0
passive,archipelago,7,4,0,0,0,0,0,0,0
passive,archipelago,7,5,0,0,0,0,0,0,0
passive,archipelago,7,6,0,0,0,0,0,0,0
passive,archipelago,7,7,0,0,0,0,0,0,0
passive,archipelago,7,8,0,0,0,0,0,0,0
passive,archipelago,7,9,0,0,0,0,0,0,0
passive,archipelago,7,10,0,0,0,0,0,0,0
passive,archipelago,7,11,0,0,0,0,0,0,0
passive,archipelago,7,12,0,0,0,0,0,0,0
passive,archipelago,7,13,0,0,0,0,0,0,0
passive,archipelago,7,14,0,0,0,0,0,0,0
passive,archipelago,7,15,0,0,0,0,0,0,0
passive,archipelago,7,16,0,0,0,0,0,0,0
passive,archipelago,7,17,0,0,0,0,0,0,0
passive,archipelago,7,18,0,0,0,0,0,0,0
passive,archipelago,7,19,0,0,0,0,0,0,0
passive,archipelago,7,20,0,0,0,0,0,0,0
passive,archipelago,7,21,0,0,0,0,0,0,0
passive,archipelago,7,22,0,0,0,0,0,0,0
passive,archipelago,7,23,0,0,0,0,0,0,0
passive,archipelago,7,24,0,0,0,0,0,0,0
passive,archipelago,7,25,0,0,0,0,0,0,0
passive,archipelago,19,1,32,0,0,0,0,0,0
passive,archipelago,19,2,32,0,0,0,0,0,0
passive,archipelago,19,3,32,0,0,0,0,0,0
passive,archipelago,19,4,32,0,0,0,0,0,0
passive,archipelago,19,5,32,0,0,0,0,0,0
passive,archipelago,19,6,3,0,0,0,0,0,0
passive,archipelago,19,7,3,0,0,0,0,0,0
passive,archipelago,19,8,3,0,0,0,0,0,0
passive,archipelago,19,9,3,0,0,0,0,0,0
passive,archipelago,19,10,0,0,0,0,0,0,0
passive,archipelago,19,11,0,0,0,0,0,0,0
passive,archipelago,19,12,0,0,0,0,0,0,0
passive,archipelago,19,13,0,0,0,0,0,0,0
passive,archipelago,19,14,0,0,0,0,0,0,0
passive,archipelago,19,15,0,0,0,0,0,0,0
passive,archipelago,19,16,0,0,0,0,0,0,0
passive,archipelago,19,17,0,0,0,0,0,0,0
passive,archipelago,19,18,0,0,0,0,0,0,0
passive,archipelago,19,19,0,0,0,0,0,0,0
passive,archipelago,19,20,0,0,0,0,0,0,0
passive,archipelago,19,21,0,0,0,0,0,0,0
passive,archipelago,19,22,0,0,0,0,0,0,0
passive,archipelago,19,23,0,0,0,0,0,0,0
passive,archipelago,19,24,0,0,0,0,0,0,0
passive,archipelago,19,25,0,0,0,0,0,0,0
passive,archipelago,19,26,0,0,0,0,0,0,0
passive,archipelago,19,27,0,0,0,0,0,0,0
passive,archipelago,19,28,0,0,0,0,0,0,0
passive,archipelago,19,29,0,0,0,0,0,0,0
passive,archipelago,19,30,0,0,0,0,0,0,0
passive,archipelago,19,31,0,0,0,0,0,0,0
passive,archipelago,19,32,0,0,0,0,0,0,0
passive,archipelago,42,1,33,0,0,0,0,0,0
passive,archipelago,42,2,33,0,0,0,0,0,0
passive,archipelago,42,3,33,0,0,0,0,0,0
passive,archipelago,42,4,3,0,0,0,0,0,0
passive,archipelago,42,5,3,0,0,0,0,0,0
passive,archipelago,42,6,0,0,0,0,0,0,0
passive,archipelago,42,7,0,0,0,0,0,0,0
passive,archipelago,42,8,0,0,0,0,0,0,0
passive,archipelago,42,9,0,0,0,0,0,0,0
passive,archipelago,42,10,0,0,0,0,0,0,0
passive,archipelago,42,11,0,0,0,0,0,0,0
passive,archipelago,42,12,0,0,0,0,0,0,0
passive,archipelago,42,13,0,0,0,0,0,0,0
passive,archipelago,42,14,0,0,0,0,0,0,0
passive,archipelago,42,15,0,0,0,0,0,0,0
passive,archipelago,42,16,0,0,0,0,0,0,0
passive,archipelago,42,17,0,0,0,0,0,0,0
passive,archipelago,42,18,0,0,0,0,0,0,0
passive,archipelago,42,19,0,0,0,0,0,0,0
passive,archipelago,42,20,0,0,0,0,0,0,0
passive,archipelago,42,21,0,0,0,0,0,0,0
passive,archipelago,42,22,0,0,0,0,0,0,0
passive,archipelago,42,23,0,0,0,0,0,0,0
passive,archipelago,42,24,0,0,0,0,0,0,0
passive,archipelago,42,25,0,0,0,0,0,0,0
passive,archipelago,42,26,0,0,0,0,0,0,0
passive,archipelago,42,27,0,0,0,0,0,0,0
passive,archipelago,42,28,0,0,0,0,0,0,0
passive,archipelago,42,29,0,0,0,0,0,0,0
passive,archipelago,42,30,0,0,0,0,0,0,0
passive,archipelago,42,31,0,0,0,0,0,0,0
passive,archipelago,42,32,0,0,0,0,0,0,0
passive,archipelago,42,33,0,0,0,0,0,0,0
passive,archipelago,42,34,0,0,0,0,0,0,0
passive,archipelago,42,35,0,0,0,0,0,0,0
passive,archipelago,42,36,0,0,0,0,0,0,0
passive,archipelago,42,37,0,0,0,0,0,0,0
passive,archipelago,42,38,0,0,0,0,0,0,0
passive,archipelago,42,39,0,0,0,0,0,0,0
passive,archipelago,42,40,0,0,0,0,0,0,0
passive,archipelago,42,41,0,0,0,0,0,0,0
passive,archipelago,42,42,0,0,0,0,0,0,0
passive,archipelago,42,43,0,0,0,0,0,0,0
passive,archipelago,42,44,0,0,0,0,0,0,0
passive,archipelago,42,45,0,0,0,0,0,0,0
passive,archipelago,42,46,0,0,0,0,0,0,0
passive,archipelago,42,47,0,0,0,0,0,0,0
passive,archipelago,42,48,0,0,0,0,0,0,0
passive,archipelago,42,49,0,0,0,0,0,0,0
passive,archipelago,42,50,0,0,0,0,0,0,0
passive,archipelago,42,51,0,0,0,0,0,0,0
passive,archipelago,42,52,0,0,0,0,0,0,0
passive,archipelago,42,53,0,0,0,0,0,0,0
passive,archipelago,42,54,0,0,0,0,0,0,0
passive,archipelago,42,55,0,0,0,0,0,0,0
passive,archipelago,42,56,0,0,0,0,0,0,0
passive,archipelago,42,57,0,0,0,0,0,0,0
passive,archipelago,42,58,0,0,0,0,0,0,0
passive,archipelago,42,59,0,0,0,0,0,0,0
passive,archipelago,42,60,0,0,0,0,0,0,0
passive,archipelago,42,61,0,0,0,0,0,0,0
passive,archipelago,42,62,0,0,0,0,0,0,0
passive,archipelago,42,63,0,0,0,0,0,0,0
passive,archipelago,42,64,0,0,0,0,0,0,0
passive,archipelago,42,65,0,0,0,0,0,0,0
passive,archipelago,42,66,0,0,0,0,0,0,0
passive,archipelago,42,67,0,0,0,0,0,0,0
passive,archipelago,42,68,0,0,0,0,0,0,0
passive,archipelago,42,69,0,0,0,0,0,0,0
passive,archipelago,42,70,0,0,0,0,0,0,0
passive,archipelago,42,71,0,0,0,0,0,0,0
passive,archipelago,42,72,0,0,0,0,0,0,0
passive,archipelago,42,73,0,0,0,0,0,0,0
passive,archipelago,42,74,0,0,0,0,0,0,0
passive,archipelago,42,75,0,0,0,0,0,0,0
passive,archipelago,42,76,0,0,0,0,0,0,0
passive,archipelago,42,77,0,0,0,0,0,0,0
passive,archipelago,42,78,0,0,0,0,0,0,0
passive,archipelago,42,79,0,0,0,0,0,0,0
passive,archipelago,42,80,0,0,0,0,0,0,0
passive,archipelago,42,81,0,0,0,0,0,0,0
passive,archipelago,42,82,0,0,0,0,0,0,0
passive,archipelago,42,83,0,0,0,0,0,0,0
passive,archipelago,42,84,0,0,0,0,0,0,0
passive,archipelago,42,85,0,0,0,0,0,0,0
passive,archipelago,42,86,0,0,0,0,0,0,0
passive,archipelago,42,87,0,0,0,0,0,0,0
passive,archipelago,42,88,0,0,0,0,0,0,0
passive,archipelago,42,89,0,0,0,0,0,0,0
passive,archipelago,42,90,0,0,0,0,0,0,0
passive,archipelago,42,91,0,0,0,0,0,0,0
passive,archipelago,42,92,0,0,0,0,0,0,0
passive,archipelago,42,93,0,0,0,0,0,0,0
passive,archipelago,42,94,0,0,0,0,0,0,0
passive,archipelago,42,95,0,0,0,0,0,0,0
passive,archipelago,42,96,0,0,0,0,0,0,0
passive,archipelago,42,97,0,0,0,0,0,0,0
passive,archipelago,42,98,0,0,0,0,0,0,0
passive,archipelago,42,99,0,0,0,0,0,0,0
passive,archipelago,42,100,0,0,0,0,0,0,0
conquest,archipelago,7,1,139,2,2,0,0,0,14
conquest,archipelago,7,2,87,2,2,0,0,0,27
conquest,archipelago,7,3,0,0,0,0,0,0,27
conquest,archipelago,7,4,0,0,0,0,0,0,27
conquest,archipelago,7,5,0,0,0,0,0,0,27
conquest,archipelago,7,6,0,0,0,0,0,0,27
conquest,archipelago,7,7,0,0,0,0,0,0,27
conquest,archipelago,7,8,0,0,0,0,0,0,27
conquest,archipelago,7,9,0,0,0,0,0,0,27
conquest,archipelago,7,10,0,0,0,0,0,0,27
conquest,archipelago,7,11,0,0,0,0,0,0,27
conquest,archipelago,7,12,0,0,0,0,0,0,27
conquest,archipelago,7,13,0,0,0,0,0,0,27
conquest,archipelago,7,14,0,0,0,0,0,0,27
conquest,archipelago,7,15,0,0,0,0,0,0,27
conquest,archipelago,7,16,0,0,0,0,0,0,27
conquest,archipelago,7,17,0,0,0,0,0,0,27
conquest,archipelago,7,18,0,0,0,0,0,0,27
conquest,archipelago,7,19,0,0,0,0,0,0,27
conquest,archipelago,7,20,0,0,0,0,0,0,27
conquest,archipelago,7,21,0,0,0,0,0,0,27
conquest,archipelago,7,22,16,0,0,0,0,0,27
conquest,archipelago,7,23,0,0,0,0,0,0,27
conquest,archipelago,7,24,0,0,0,0,0,0,27
conquest,archipelago,19,1,108,1,1,0,0,0,20
conquest,archipelago,19,2,184,2,2,0,0,0,39
conquest,archipelago,19,3,203,2,2,0,0,0,39
conquest,archipelago,19,4,182,2,2,0,0,0,39
conquest,archipelago,19,5,164,2,2,0,0,0,39
conquest,archipelago,19,6,84,2,2,0,0,0,39
conquest,archipelago,19,7,41,1,1,0,0,0,39
conquest,archipelago,19,8,4,1,1,0,0,0,39
conquest,archipelago,19,9,3,0,0,0,0,0,39
conquest,archipelago,19,10,67,1,1,0,0,0,39
conquest,archipelago,19,11,61,1,1,0,0,0,48
conquest,archipelago,19,12,2,1,1,0,0,0,48
conquest,archipelago,19,13,79,1,1,0,0,0,48
conquest,archipelago,19,14,13,0,0,0,1,1,48
conquest,archipelago,19,15,13,0,0,0,1,1,48
conquest,archipelago,19,16,9,0,0,0,1,1,48
conquest,archipelago,19,17,7,0,0,0,1,1,48
conquest,archipelago,19,18,1,0,0,0,1,1,48
conquest,archipelago,19,19,1,0,0,0,1,1,48
conquest,archipelago,19,20,0,0,0,0,1,1,48
conquest,archipelago,19,21,0,0,0,0,1,1,48
conquest,archipelago,19,22,40,0,0,0,1,1,48
conquest,archipelago,19,23,4,0,0,0,1,1,48
conquest,archipelago,42,1,134,2,2,0,0,0,0
conquest,archipelago,42,2,127,2,2,0,0,0,32
conquest,archipelago,42,3,162,2,2,0,0,0,32
conquest,archipelago,42,4,157,2,2,0,0,0,32
conquest,archipelago,42,5,153,2,2,0,0,0,32
conquest,archipelago,42,6,150,2,2,0,0,0,32
conquest,archipelago,42,7,80,2,2,0,0,0,32
conquest,archipelago,42,8,24,1,1,0,0,0,32
conquest,archipelago,42,9,0,0,0,0,0,0,32
conquest,archipelago,42,10,0,0,0,0,0,0,32
conquest,archipelago,42,11,0,0,0,0,0,0,32
conquest,archipelago,42,12,0,0,0,0,0,0,32
conquest,archipelago,42,13,0,0,0,0,0,0,32
conquest,archipelago,42,14,40,0,0,0,0,0,32
conquest,archipelago,42,15,32,0,0,0,0,0,32
conquest,archipelago,42,16,23,0,0,0,0,0,32
conquest,archipelago,42,17,16,0,0,0,0,0,32
conquest,archipelago,42,18,11,0,0,0,0,0,32
conquest,archipelago,42,19,7,0,0,0,0,0,32
conquest,archipelago,42,20,86,1,1,0,0,0,32
conquest,archipelago,42,21,64,1,1,0,0,0,32
conquest,archipelago,42,22,60,1,1,0,0,0,32
conquest,archipelago,42,23,56,1,1,0,0,0,32
conquest,archipelago,42,24,96,1,1,0,0,0,32
conquest,archipelago,42,25,96,1,1,0,0,0,32
conquest,archipelago,42,26,89,1,1,0,0,0,32
conquest,archipelago,42,27,75,1,1,0,0,0,32
conquest,archipelago,42,28,67,1,1,0,0,0,32
conquest,archipelago,42,29,63,1,1,0,0,0,32
conquest,archipelago,42,30,127,2,2,0,0,0,32
conquest,archipelago,42,31,127,2,2,0,0,0,32
conquest,archipelago,42,32,124,2,2,0,0,0,32
conquest,archipelago,42,33,119,2,2,0,0,0,32
conquest,archipelago,42,34,115,2,2,0,0,0,32
faith,archipelago,7,1,4,0,0,0,0,0,0
faith,archipelago,7,2,0,0,0,0,0,0,0
faith,archipelago,7,3,0,0,0,0,0,0,0
faith,archipelago,7,4,0,0,0,0,0,0,0
faith,archipelago,7,5,0,0,0,0,0,0,0
faith,archipelago,7,6,0,0,0,0,0,0,0
faith,archipelago,7,7,0,0,0,0,0,0,0
faith,archipelago,7,8,0,0,0,0,0,0,0
faith,archipelago,7,9,0,0,0,0,0,0,0
faith,archipelago,7,10,0,0,0,0,0,0,0
faith,archipelago,7,11,0,0,0,0,0,0,0
faith,archipelago,7,12,0,0,0,0,0,0,0
faith,archipelago,7,13,0,0,0,0,0,0,0
faith,archipelago,7,14,0,0,0,0,0,0,0
faith,archipelago,7,15,0,0,0,0,0,0,0
faith,archipelago,7,16,0,0,0,0,0,0,0
faith,archipelago,7,17,0,0,0,0,0,0,0
faith,archipelago,19,1,30,0,0,0,0,0,0
faith,archipelago,19,2,26,0,0,0,0,0,0
faith,archipelago,19,3,22,0,0,0,0,0,0
faith,archipelago,19,4,17,0,0,0,0,0,0
faith,archipelago,19,5,13,0,0,0,0,0,0
faith,archipelago,19,6,0,0,0,0,0,0,0
faith,archipelago,19,7,0,0,0,0,0,0,0
faith,archipelago,19,8,0,0,0,0,0,0,0
faith,archipelago,19,9,0,0,0,0,0,0,0
faith,archipelago,19,10,0,0,0,0,0,0,0
faith,archipelago,19,11,0,0,0,0,0,0,0
faith,archipelago,19,12,0,0,0,0,0,0,0
faith,archipelago,19,13,0,0,0,0,0,0,0
faith,archipelago,19,14,0,0,0,0,0,0,0
faith,archipelago,19,15,0,0,0,0,0,0,0
faith,archipelago,19,16,0,0,0,0,0,0,0
faith,archipelago,19,17,0,0,0,0,0,0,0
faith,archipelago,42,1,33,0,0,0,0,0,0
faith,archipelago,42,2,33,0,0,0,0,0,0
faith,archipelago,42,3,27,0,0,0,0,0,0
faith,archipelago,42,4,3,0,0,0,0,0,0
faith,archipelago,42,5,3,0,0,0,0,0,0
faith,archipelago,42,6,0,0,0,0,0,0,0
faith,archipelago,42,7,0,0,0,0,0,0,0
faith,archipelago,42,8,0,0,0,0,0,0,0
faith,archipelago,42,9,0,0,0,0,0,0,0
faith,archipelago,42,10,0,0,0,0,0,0,0
faith,archipelago,42,11,0,0,0,0,0,0,0
faith,archipelago,42,12,0,0,0,0,0,0,0
faith,archipelago,42,13,0,0,0,0,0,0,0
faith,archipelago,42,14,0,0,0,0,0,0,0
faith,archipelago,42,15,0,0,0,0,0,0,0
faith,archipelago,42,16,0,0,0,0,0,0,0
faith,archipelago,42,17,0,0,0,0,0,0,0
faith,archipelago,42,18,0,0,0,0,0,0,0
faith,archipelago,42,19,0,0,0,0,0,0,0
faith,archipelago,42,20,0,0,0,0,0,0,0
faith,archipelago,42,21,0,0,0,0,0,0,0
faith,archipelago,42,22,0,0,0,0,0,0,0
faith,archipelago,42,23,0,0,0,0,0,0,0
faith,archipelago,42,24,0,0,0,0,0,0,0
faith,archipelago,42,25,0,0,0,0,0,0,0
faith,archipelago,42,26,0,0,0,0,0,0,0
merchant,archipelago,7,1,4,0,0,0,0,0,0
merchant,archipelago,7,2,0,0,0,0,0,0,0
merchant,archipelago,7,3,0,0,0,0,0,0,0
merchant,archipelago,7,4,0,0,0,0,0,0,0
merchant,archipelago,7,5,0,0,0,0,0,0,0
merchant,archipelago,7,6,0,0,0,0,0,0,0
merchant,archipelago,7,7,0,0,0,0,0,0,0
merchant,archipelago,7,8,0,0,0,0,0,0,0
merchant,archipelago,7,9,0,0,0,0,0,0,0
merchant,archipelago,7,10,0,0,0,0,0,0,0
merchant,archipelago,7,11,0,0,0,0,0,0,0
merchant,archipelago,7,12,0,0,0,0,0,0,0
merchant,archipelago,7,13,0,0,0,0,0,0,0
merchant,archipelago,7,14,0,0,0,0,0,0,0
merchant,archipelago,7,15,0,0,0,0,0,0,0
merchant,archipelago,7,16,0,0,0,0,0,0,0
merchant,archipelago,7,17,0,0,0,0,0,0,0
merchant,archipelago,7,18,0,0,0,0,0,0,0
merchant,archipelago,7,19,0,0,0,0,0,0,0
merchant,archipelago,7,20,0,0,0,0,0,0,0
merchant,archipelago,7,21,0,0,0,0,0,0,0
merchant,archipelago,7,22,0,0,0,0,0,0,0
merchant,archipelago,7,23,0,0,0,0,0,0,0
merchant,archipelago,7,24,0,0,0,0,0,0,0
merchant,archipelago,7,25,0,0,0,0,0,0,0
merchant,archipelago,7,26,0,0,0,0,0,0,0
merchant,archipelago,7,27,0,0,0,0,0,0,0
merchant,archipelago,7,28,0,0,0,0,0,0,0
merchant,archipelago,7,29,0,0,0,0,0,0,0
merchant,archipelago,7,30,0,0,0,0,0,0,0
merchant,archipelago,7,31,0,0,0,0,0,0,0
merchant,archipelago,7,32,0,0,0,0,0,0,0
merchant,archipelago,7,33,0,0,0,0,0,0,0
merchant,archipelago,7,34,0,0,0,0,0,0,0
merchant,archipelago,7,35,0,0,0,0,0,0,0
merchant,archipelago,7,36,0,0,0,0,0,0,0
merchant,archipelago,7,37,0,0,0,0,0,0,0
merchant,archipelago,7,38,0,0,0,0,0,0,0
merchant,archipelago,7,39,0,0,0,0,0,0,0
merchant,archipelago,7,40,0,0,0,0,0,0,0
merchant,archipelago,7,41,0,0,0,0,0,0,0
merchant,archipelago,7,42,0,0,0,0,0,0,0
merchant,archipelago,7,43,0,0,0,0,0,0,0
merchant,archipelago,7,44,0,0,0,0,0,0,0
merchant,archipelago,7,45,0,0,0,0,0,0,0
merchant,archipelago,7,46,0,0,0,0,0,0,0
merchant,archipelago,7,47,0,0,0,0,0,0,0
merchant,archipelago,7,48,0,0,0,0,0,0,0
merchant,archipelago,7,49,0,0,0,0,0,0,0
merchant,archipelago,7,50,0,0,0,0,0,0,0
merchant,archipelago,7,51,0,0,0,0,0,0,0
merchant,archipelago,7,52,0,0,0,0,0,0,0
merchant,archipelago,7,53,0,0,0,0,0,0,0
merchant,archipelago,7,54,0,0,0,0,0,0,0
merchant,archipelago,7,55,0,0,0,0,0,0,0
merchant,archipelago,7,56,0,0,0,0,0,0,0
merchant,archipelago,7,57,0,0,0,0,0,0,0
merchant,archipelago,7,58,0,0,0,0,0,0,0
merchant,archipelago,7,59,0,0,0,0,0,0,0
merchant,archipelago,7,60,0,0,0,0,0,0,0
merchant,archipelago,7,61,0,0,0,0,0,0,0
merchant,archipelago,7,62,0,0,0,0,0,0,0
merchant,archipelago,7,63,0,0,0,0,0,0,0
merchant,archipelago,7,64,0,0,0,0,0,0,0
merchant,archipelago,7,65,0,0,0,0,0,0,0
merchant,archipelago,7,66,0,0,0,0,0,0,0
merchant,archipelago,7,67,0,0,0,0,0,0,0
merchant,archipelago,7,68,0,0,0,0,0,0,0
merchant,archipelago,7,69,0,0,0,0,0,0,0
merchant,archipelago,7,70,0,0,0,0,0,0,0
merchant,archipelago,7,71,0,0,0,0,0,0,0
merchant,archipelago,7,72,0,0,0,0,0,0,0
merchant,archipelago,7,73,0,0,0,0,0,0,0
merchant,archipelago,7,74,0,0,0,0,0,0,0
merchant,archipelago,7,75,0,0,0,0,0,0,0
merchant,archipelago,7,76,0,0,0,0,0,0,0
merchant,archipelago,7,77,0,0,0,0,0,0,0
merchant,archipelago,7,78,0,0,0,0,0,0,0
merchant,archipelago,7,79,0,0,0,0,0,0,0
merchant,archipelago,7,80,0,0,0,0,0,0,0
merchant,archipelago,7,81,0,0,0,0,0,0,0
merchant,archipelago,7,82,0,0,0,0,0,0,0
merchant,archipelago,7,83,0,0,0,0,0,0,0
merchant,archipelago,7,84,0,0,0,0,0,0,0
merchant,archipelago,7,85,0,0,0,0,0,0,0
merchant,archipelago,7,86,0,0,0,0,0,0,0
merchant,archipelago,7,87,0,0,0,0,0,0,0
merchant,archipelago,7,88,0,0,0,0,0,0,0
merchant,archipelago,7,89,0,0,0,0,0,0,0
merchant,archipelago,7,90,0,0,0,0,0,0,0
merchant,archipelago,7,91,0,0,0,0,0,0,0
merchant,archipelago,7,92,0,0,0,0,0,0,0
merchant,archipelago,7,93,0,0,0,0,0,0,0
merchant,archipelago,7,94,0,0,0,0,0,0,0
merchant,archipelago,7,95,0,0,0,0,0,0,0
merchant,archipelago,7,96,0,0,0,0,0,0,0
merchant,archipelago,7,97,0,0,0,0,0,0,0
merchant,archipelago,7,98,0,0,0,0,0,0,0
merchant,archipelago,7,99,0,0,0,0,0,0,0
merchant,archipelago,7,100,0,0,0,0,0,0,0
merchant,archipelago,19,1,32,0,0,0,0,0,0
merchant,archipelago,19,2,32,0,0,0,0,0,0
merchant,archipelago,19,3,32,0,0,0,0,0,0
merchant,archipelago,19,4,32,0,0,0,0,0,0
merchant,archipelago,19,5,32,0,0,0,0,0,0
merchant,archipelago,19,6,3,0,0,0,0,0,0
merchant,archipelago,19,7,3,0,0,0,0,0,0
merchant,archipelago,19,8,3,0,0,0,0,0,0
merchant,archipelago,19,9,3,0,0,0,0,0,0
merchant,archipelago,19,10,0,0,0,0,0,0,0
merchant,archipelago,19,11,0,0,0,0,0,0,0
merchant,archipelago,19,12,0,0,0,0,0,0,0
merchant,archipelago,19,13,0,0,0,0,0,0,0
merchant,archipelago,19,14,0,0,0,0,0,0,0
merchant,archipelago,19,15,0,0,0,0,0,0,0
merchant,archipelago,19,16,0,0,0,0,0,0,0
merchant,archipelago,19,17,0,0,0,0,0,0,0
merchant,archipelago,19,18,0,0,0,0,0,0,0
merchant,archipelago,19,19,0,0,0,0,0,0,0
merchant,archipelago,19,20,0,0,0,0,0,0,0
merchant,archipelago,19,21,0,0,0,0,0,0,0
merchant,archipelago,19,22,0,0,0,0,0,0,0
merchant,archipelago,19,23,0,0,0,0,0,0,0
merchant,archipelago,19,24,0,0,0,0,0,0,0
merchant,archipelago,19,25,0,0,0,0,0,0,0
merchant,archipelago,19,26,0,0,0,0,0,0,0
merchant,archipelago,19,27,0,0,0,0,0,0,0
merchant,archipelago,19,28,0,0,0,0,0,0,0
merchant,archipelago,19,29,0,0,0,0,0,0,0
merchant,archipelago,19,30,0,0,0,0,0,0,0
merchant,archipelago,19,31,0,0,0,0,0,0,0
merchant,archipelago,19,32,0,0,0,0,0,0,0
merchant,archipelago,42,1,33,0,0,0,0,0,0
merchant,archipelago,42,2,33,0,0,0,0,0,0
merchant,archipelago,42,3,33,0,0,0,0,0,0
merchant,archipelago,42,4,3,0,0,0,0,0,0
merchant,archipelago,42,5,3,0,0,0,0,0,0
merchant,archipelago,42,6,0,0,0,0,0,0,0
merchant,archipelago,42,7,0,0,0,0,0,0,0
merchant,archipelago,42,8,0,0,0,0,0,0,0
merchant,archipelago,42,9,0,0,0,0,0,0,0
merchant,archipelago,42,10,0,0,0,0,0,0,0
merchant,archipelago,42,11,0,0,0,0,0,0,0
merchant,archipelago,42,12,0,0,0,0,0,0,0
merchant,archipelago,42,13,0,0,0,0,0,0,0
merchant,archipelago,42,14,0,0,0,0,0,0,0
merchant,archipelago,42,15,0,0,0,0,0,0,0
merchant,archipelago,42,16,0,0,0,0,0,0,0
merchant,archipelago,42,17,0,0,0,0,0,0,0
merchant,archipelago,42,18,0,0,0,0,0,0,0
merchant,archipelago,42,19,0,0,0,0,0,0,0
merchant,archipelago,42,20,0,0,0,0,0,0,0
merchant,archipelago,42,21,0,0,0,0,0,0,0
merchant,archipelago,42,22,0,0,0,0,0,0,0
merchant,archipelago,42,23,0,0,0,0,0,0,0
merchant,archipelago,42,24,0,0,0,0,0,0,0
merchant,archipelago,42,25,0,0,0,0,0,0,0
merchant,archipelago,42,26,0,0,0,0,0,0,0
merchant,archipelago,42,27,0,0,0,0,0,0,0
merchant,archipelago,42,28,0,0,0,0,0,0,0
merchant,archipelago,42,29,0,0,0,0,0,0,0
merchant,archipelago,42,30,0,0,0,0,0,0,0
merchant,archipelago,42,31,0,0,0,0,0,0,0
merchant,archipelago,42,32,0,0,0,0,0,0,0
merchant,archipelago,42,33,0,0,0,0,0,0,0
merchant,archipelago,42,34,0,0,0,0,0,0,0
merchant,archipelago,42,35,0,0,0,0,0,0,0
merchant,archipelago,42,36,0,0,0,0,0,0,0
merchant,archipelago,42,37,0,0,0,0,0,0,0
merchant,archipelago,42,38,0,0,0,0,0,0,0
merchant,archipelago,42,39,0,0,0,0,0,0,0
merchant,archipelago,42,40,0,0,0,0,0,0,0
merchant,archipelago,42,41,0,0,0,0,0,0,0
merchant,archipelago,42,42,0,0,0,0,0,0,0
merchant,archipelago,42,43,0,0,0,0,0,0,0
merchant,archipelago,42,44,0,0,0,0,0,0,0
merchant,archipelago,42,45,0,0,0,0,0,0,0
merchant,archipelago,42,46,0,0,0,0,0,0,0
merchant,archipelago,42,47,0,0,0,0,0,0,0
merchant,archipelago,42,48,0,0,0,0,0,0,0
merchant,archipelago,42,49,0,0,0,0,0,0,0
merchant,archipelago,42,50,0,0,0,0,0,0,0
merchant,archipelago,42,51,0,0,0,0,0,0,0
merchant,archipelago,42,52,0,0,0,0,0,0,0
merchant,archipelago,42,53,0,0,0,0,0,0,0
merchant,archipelago,42,54,0,0,0,0,0,0,0
merchant,archipelago,42,55,0,0,0,0,0,0,0
merchant,archipelago,42,56,0,0,0,0,0,0,0
merchant,archipelago,42,57,0,0,0,0,0,0,0
merchant,archipelago,42,58,0,0,0,0,0,0,0
merchant,archipelago,42,59,0,0,0,0,0,0,0
merchant,archipelago,42,60,0,0,0,0,0,0,0
merchant,archipelago,42,61,0,0,0,0,0,0,0
merchant,archipelago,42,62,0,0,0,0,0,0,0
merchant,archipelago,42,63,0,0,0,0,0,0,0
merchant,archipelago,42,64,0,0,0,0,0,0,0
merchant,archipelago,42,65,0,0,0,0,0,0,0
merchant,archipelago,42,66,0,0,0,0,0,0,0
merchant,archipelago,42,67,0,0,0,0,0,0,0
merchant,archipelago,42,68,0,0,0,0,0,0,0
merchant,archipelago,42,69,0,0,0,0,0,0,0
merchant,archipelago,42,70,0,0,0,0,0,0,0
merchant,archipelago,42,71,0,0,0,0,0,0,0
merchant,archipelago,42,72,0,0,0,0,0,0,0
merchant,archipelago,42,73,0,0,0,0,0,0,0
merchant,archipelago,42,74,0,0,0,0,0,0,0
merchant,archipelago,42,75,0,0,0,0,0,0,0
merchant,archipelago,42,76,0,0,0,0,0,0,0
merchant,archipelago,42,77,0,0,0,0,0,0,0
merchant,archipelago,42,78,0,0,0,0,0,0,0
merchant,archipelago,42,79,0,0,0,0,0,0,0
merchant,archipelago,42,80,0,0,0,0,0,0,0
merchant,archipelago,42,81,0,0,0,0,0,0,0
merchant,archipelago,42,82,0,0,0,0,0,0,0
merchant,archipelago,42,83,0,0,0,0,0,0,0
merchant,archipelago,42,84,0,0,0,0,0,0,0
merchant,archipelago,42,85,0,0,0,0,0,0,0
merchant,archipelago,42,86,0,0,0,0,0,0,0
merchant,archipelago,42,87,0,0,0,0,0,0,0
merchant,archipelago,42,88,0,0,0,0,0,0,0
merchant,archipelago,42,89,0,0,0,0,0,0,0
merchant,archipelago,42,90,0,0,0,0,0,0,0
merchant,archipelago,42,91,0,0,0,0,0,0,0
merchant,archipelago,42,92,0,0,0,0,0,0,0
merchant,archipelago,42,93,0,0,0,0,0,0,0
merchant,archipelago,42,94,0,0,0,0,0,0,0
merchant,archipelago,42,95,0,0,0,0,0,0,0
merchant,archipelago,42,96,0,0,0,0,0,0,0
merchant,archipelago,42,97,0,0,0,0,0,0,0
merchant,archipelago,42,98,0,0,0,0,0,0,0
merchant,archipelago,42,99,0,0,0,0,0,0,0
merchant,archipelago,42,100,0,0,0,0,0,0,0
nomad,archipelago,7,1,113,2,2,0,0,0,14
nomad,archipelago,7,2,67,2,2,0,0,0,27
nomad,archipelago,7,3,0,0,0,0,0,0,27
nomad,archipelago,7,4,0,0,0,0,0,0,27
nomad,archipelago,7,5,0,0,0,0,0,0,27
nomad,archipelago,7,6,0,0,0,0,0,0,27
nomad,archipelago,7,7,0,0,0,0,0,0,27
nomad,archipelago,7,8,0,0,0,0,0,0,27
nomad,archipelago,7,9,0,0,0,0,0,0,27
nomad,archipelago,7,10,0,0,0,0,0,0,27
nomad,archipelago,7,11,0,0,0,0,0,0,27
nomad,archipelago,7,12,0,0,0,0,0,0,27
nomad,archipelago,7,13,0,0,0,0,0,0,27
nomad,archipelago,7,14,0,0,0,0,0,0,27
nomad,archipelago,7,15,0,0,0,0,0,0,27
nomad,archipelago,7,16,0,0,0,0,0,0,27
nomad,archipelago,7,17,0,0,0,0,0,0,27
nomad,archipelago,7,18,0,0,0,0,0,0,27
nomad,archipelago,7,19,0,0,0,0,0,0,27
nomad,archipelago,7,20,0,0,0,0,0,0,27
nomad,archipelago,7,21,0,0,0,0,0,0,27
nomad,archipelago,7,22,1,0,0,0,0,0,27
nomad,archipelago,7,23,0,0,0,0,0,0,27
nomad,archipelago,19,1,118,2,2,0,0,0,20
nomad,archipelago,19,2,220,2,2,0,0,0,20
nomad,archipelago,19,3,192,2,2,0,0,0,20
nomad,archipelago,19,4,162,2,2,0,0,0,20
nomad,archipelago,19,5,139,2,2,0,0,0,20
nomad,archipelago,19,6,51,2,2,0,0,0,20
nomad,archipelago,19,7,22,1,1,0,0,0,20
nomad,archipelago,19,8,4,0,0,0,0,0,20
nomad,archipelago,19,9,4,0,0,0,0,0,20
nomad,archipelago,19,10,52,1,1,0,0,0,20
nomad,archipelago,19,11,47,1,1,0,0,0,29
nomad,archipelago,19,12,1,1,1,0,0,0,29
nomad,archipelago,19,13,88,1,1,0,0,0,29
nomad,archipelago,19,14,81,1,1,0,0,0,35
nomad,archipelago,19,15,74,1,1,0,0,0,35
nomad,archipelago,19,16,65,1,1,0,0,0,35
nomad,archipelago,19,17,58,1,1,0,0,0,35
nomad,archipelago,19,18,19,1,1,0,0,0,35
nomad,archipelago,19,19,5,0,0,0,0,0,35
nomad,archipelago,19,20,1,0,0,0,0,0,35
nomad,archipelago,19,21,0,0,0,0,0,0,35
nomad,archipelago,19,22,30,0,0,0,0,0,35
nomad,archipelago,42,1,108,2,2,0,0,0,0
nomad,archipelago,42,2,103,2,2,0,0,0,32
nomad,archipelago,42,3,130,2,2,0,0,0,32
nomad,archipelago,42,4,123,2,2,0,0,0,32
nomad,archipelago,42,5,120,2,2,0,0,0,32
nomad,archipelago,42,6,118,2,2,0,0,0,32
nomad,archipelago,42,7,61,2,2,0,0,0,32
nomad,archipelago,42,8,23,1,1,0,0,0,32
nomad,archipelago,42,9,9,0,0,0,0,0,32
nomad,archipelago,42,10,6,0,0,0,0,0,32
nomad,archipelago,42,11,5,0,0,0,0,0,32
nomad,archipelago,42,12,4,0,0,0,0,0,32
nomad,archipelago,42,13,0,0,0,0,0,0,32
nomad,archipelago,42,14,30,0,0,0,0,0,32
nomad,archipelago,42,15,42,1,1,0,0,0,32
nomad,archipelago,42,16,20,1,1,0,0,0,32
nomad,archipelago,42,17,10,1,1,0,0,0,32
nomad,archipelago,42,18,4,0,0,0,0,0,32
nomad,archipelago,42,19,4,0,0,0,0,0,32
nomad,archipelago,42,20,64,1,1,0,0,0,32
nomad,archipelago,42,21,74,1,1,0,0,0,32
nomad,archipelago,42,22,64,1,1,0,0,0,32
nomad,archipelago,42,23,58,1,1,0,0,0,32
nomad,archipelago,42,24,115,2,2,0,0,0,41
nomad,archipelago,42,25,143,2,2,0,0,0,41
nomad,archipelago,42,26,136,2,2,0,0,0,41
nomad,archipelago,42,27,123,2,2,0,0,0,41
nomad,archipelago,42,28,116,2,2,0,0,0,41
nomad,archipelago,42,29,113,2,2,0,0,0,41
nomad,archipelago,42,30,203,2,2,0,0,0,41
nomad,archipelago,42,31,189,2,2,0,0,0,41
builder,archipelago,7,1,4,0,0,0,0,0,0
builder,archipelago,7,2,0,0,0,0,0,0,0
builder,archipelago,7,3,0,0,0,0,0,0,0
builder,archipelago,7,4,0,0,0,0,0,0,0
builder,archipelago,7,5,0,0,0,0,0,0,0
builder,archipelago,7,6,0,0,0,0,0,0,0
builder,archipelago,7,7,0,0,0,0,0,0,0
builder,archipelago,7,8,0,0,0,0,0,0,0
builder,archipelago,7,9,0,0,0,0,0,0,0
builder,archipelago,7,10,0,0,0,0,0,0,0
builder,archipelago,7,11,0,0,0,0,0,0,0
builder,archipelago,7,12,0,0,0,0,0,0,0
builder,archipelago,7,13,0,0,0,0,0,0,0
builder,archipelago,7,14,0,0,0,0,0,0,0
builder,archipelago,7,15,0,0,0,0,0,0,0
builder,archipelago,7,16,0,0,0,0,0,0,0
builder,archipelago,7,17,0,0,0,0,0,0,0
builder,archipelago,7,18,0,0,0,0,0,0,0
builder,archipelago,7,19,0,0,0,0,0,0,0
builder,archipelago,7,20,0,0,0,0,0,0,0
builder,archipelago,7,21,0,0,0,0,0,0,0
builder,archipelago,7,22,0,0,0,0,0,0,0
builder,archipelago,7,23,0,0,0,0,0,0,0
builder,archipelago,7,24,0,0,0,0,0,0,0
builder,archipelago,7,25,0,0,0,0,0,0,0
builder,archipelago,7,26,0,0,0,0,0,0,0
builder,archipelago,7,27,0,0,0,0,0,0,0
builder,archipelago,7,28,0,0,0,0,0,0,0
builder,archipelago,7,29,0,0,0,0,0,0,0
builder,archipelago,7,30,0,0,0,0,0,0,0
builder,archipelago,19,1,32,0,0,0,0,0,0
builder,archipelago,19,2,32,0,0,0,0,0,0
builder,archipelago,19,3,32,0,0,0,0,0,0
builder,archipelago,19,4,32,0,0,0,0,0,0
builder,archipelago,19,5,32,0,0,0,0,0,0
builder,archipelago,19,6,3,0,0,0,0,0,0
builder,archipelago,19,7,3,0,0,0,0,0,0
builder,archipelago,19,8,3,0,0,0,0,0,0
builder,archipelago,19,9,3,0,0,0,0,0,0
builder,archipelago,19,10,0,0,0,0,0,0,0
builder,archipelago,19,11,0,0,0,0,0,0,0
builder,archipelago,19,12,0,0,0,0,0,0,0
builder,archipelago,19,13,0,0,0,0,0,0,0
builder,archipelago,19,14,0,0,0,0,0,0,0
builder,archipelago,19,15,0,0,0,0,0,0,0
builder,archipelago,19,16,0,0,0,0,0,0,0
builder,archipelago,19,17,0,0,0,0,0,0,0
builder,archipelago,19,18,0,0,0,0,0,0,0
builder,archipelago,19,19,0,0,0,0,0,0,0
builder,archipelago,19,20,0,0,0,0,0,0,0
builder,archipelago,19,21,0,0,0,0,0,0,0
builder,archipelago,19,22,0,0,0,0,0,0,0
builder,archipelago,19,23,0,0,0,0,0,0,0
builder,archipelago,19,24,0,0,0,0,0,0,0
builder,archipelago,19,25,0,0,0,0,0,0,0
builder,archipelago,19,26,0,0,0,0,0,0,0
builder,archipelago,19,27,0,0,0,0,0,0,0
builder,archipelago,19,28,0,0,0,0,0,0,0
builder,archipelago,19,29,0,0,0,0,0,0,0
builder,archipelago,19,30,0,0,0,0,0,0,0
builder,archipelago,19,31,0,0,0,0,0,0,0
builder,archipelago,19,32,0,0,0,0,0,0,0
builder,archipelago,42,1,33,0,0,0,0,0,0
builder,archipelago,42,2,33,0,0,0,0,0,0
builder,archipelago,42,3,33,0,0,0,0,0,0
builder,archipelago,42,4,3,0,0,0,0,0,0
builder,archipelago,42,5,3,0,0,0,0,0,0
builder,archipelago,42,6,0,0,0,0,0,0,0
builder,archipelago,42,7,0,0,0,0,0,0,0
builder,archipelago,42,8,0,0,0,0,0,0,0
builder,archipelago,42,9,0,0,0,0,0,0,0
builder,archipelago,42,10,0,0,0,0,0,0,0
builder,archipelago,42,11,0,0,0,0,0,0,0
builder,archipelago,42,12,0,0,0,0,0,0,0
builder,archipelago,42,13,0,0,0,0,0,0,0
builder,archipelago,42,14,0,0,0,0,0,0,0
builder,archipelago,42,15,0,0,0,0,0,0,0
builder,archipelago,42,16,0,0,0,0,0,0,0
builder,archipelago,42,17,0,0,0,0,0,0,0
builder,archipelago,42,18,0,0,0,0,0,0,0
builder,archipelago,42,19,0,0,0,0,0,0,0
builder,archipelago,42,20,0,0,0,0,0,0,0
builder,archipelago,42,21,0,0,0,0,0,0,0
builder,archipelago,42,22,0,0,0,0,0,0,0
builder,archipelago,42,23,0,0,0,0,0,0,0
builder,archipelago,42,24,0,0,0,0,0,0,0
builder,archipelago,42,25,0,0,0,0,0,0,0
builder,archipelago,42,26,0,0,0,0,0,0,0
builder,archipelago,42,27,0,0,0,0,0,0,0
builder,archipelago,42,28,0,0,0,0,0,0,0
builder,archipelago,42,29,0,0,0,0,0,0,0
builder,archipelago,42,30,0,0,0,0,0,0,0
builder,archipelago,42,31,0,0,0,0,0,0,0
builder,archipelago,42,32,0,0,0,0,0,0,0
builder,archipelago,42,33,0,0,0,0,0,0,0
builder,archipelago,42,34,0,0,0,0,0,0,0
builder,archipelago,42,35,0,0,0,0,0,0,0
builder,archipelago,42,36,0,0,0,0,0,0,0
builder,archipelago,42,37,0,0,0,0,0,0,0
builder,archipelago,42,38,0,0,0,0,0,0,0
builder,archipelago,42,39,0,0,0,0,0,0,0
builder,archipelago,42,40,0,0,0,0,0,0,0
builder,archipelago,42,41,0,0,0,0,0,0,0
builder,archipelago,42,42,0,0,0,0,0,0,0
builder,archipelago,42,43,0,0,0,0,0,0,0
builder,archipelago,42,44,0,0,0,0,0,0,0
builder,archipelago,42,45,0,0,0,0,0,0,0
builder,archipelago,42,46,0,0,0,0,0,0,0
builder,archipelago,42,47,0,0,0,0,0,0,0
builder,archipelago,42,48,0,0,0,0,0,0,0
builder,archipelago,42,49,0,0,0,0,0,0,0
builder,archipelago,42,50,0,0,0,0,0,0,0
builder,archipelago,42,51,0,0,0,0,0,0,0
builder,archipelago,42,52,0,0,0,0,0,0,0
builder,archipelago,42,53,0,0,0,0,0,0,0
builder,archipelago,42,54,0,0,0,0,0,0,0
builder,archipelago,42,55,0,0,0,0,0,0,0
builder,archipelago,42,56,0,0,0,0,0,0,0
builder,archipelago,42,57,0,0,0,0,0,0,0
builder,archipelago,42,58,0,0,0,0,0,0,0
builder,archipelago,42,59,0,0,0,0,0,0,0
builder,archipelago,42,60,0,0,0,0,0,0,0
builder,archipelago,42,61,0,0,0,0,0,0,0
builder,archipelago,42,62,0,0,0,0,0,0,0
builder,archipelago,42,63,0,0,0,0,0,0,0
builder,archipelago,42,64,0,0,0,0,0,0,0
builder,archipelago,42,65,0,0,0,0,0,0,0
builder,archipelago,42,66,0,0,0,0,0,0,0
builder,archipelago,42,67,0,0,0,0,0,0,0
builder,archipelago,42,68,0,0,0,0,0,0,0
builder,archipelago,42,69,0,0,0,0,0,0,0
builder,archipelago,42,70,0,0,0,0,0,0,0
builder,archipelago,42,71,0,0,0,0,0,0,0
builder,archipelago,42,72,0,0,0,0,0,0,0
builder,archipelago,42,73,0,0,0,0,0,0,0
builder,archipelago,42,74,0,0,0,0,0,0,0
builder,archipelago,42,75,0,0,0,0,0,0,0
builder,archipelago,42,76,0,0,0,0,0,0,0
builder,archipelago,42,77,0,0,0,0,0,0,0
builder,archipelago,42,78,0,0,0,0,0,0,0
builder,archipelago,42,79,0,0,0,0,0,0,0
builder,archipelago,42,80,0,0,0,0,0,0,0
builder,archipelago,42,81,0,0,0,0,0,0,0
builder,archipelago,42,82,0,0,0,0,0,0,0
builder,archipelago,42,83,0,0,0,0,0,0,0
builder,archipelago,42,84,0,0,0,0,0,0,0
builder,archipelago,42,85,0,0,0,0,0,0,0
builder,archipelago,42,86,0,0,0,0,0,0,0
builder,archipelago,42,87,0,0,0,0,0,0,0
builder,archipelago,42,88,0,0,0,0,0,0,0
builder,archipelago,42,89,0,0,0,0,0,0,0
builder,archipelago,42,90,0,0,0,0,0,0,0
builder,archipelago,42,91,0,0,0,0,0,0,0
builder,archipelago,42,92,0,0,0,0,0,0,0
builder,archipelago,42,93,0,0,0,0,0,0,0
builder,archipelago,42,94,0,0,0,0,0,0,0
builder,archipelago,42,95,0,0,0,0,0,0,0
builder,archipelago,42,96,0,0,0,0,0,0,0
builder,archipelago,42,97,0,0,0,0,0,0,0
builder,archipelago,42,98,0,0,0,0,0,0,0
builder,archipelago,42,99,0,0,0,0,0,0,0
builder,archipelago,42,100,0,0,0,0,0,0,0
isolationist,archipelago,7,1,4,0,0,0,0,0,0
isolationist,archipelago,7,2,0,0,0,0,0,0,0
isolationist,archipelago,7,3,0,0,0,0,0,0,0
isolationist,archipelago,7,4,0,0,0,0,0,0,0
isolationist,archipelago,7,5,0,0,0,0,0,0,0
isolationist,archipelago,7,6,0,0,0,0,0,0,0
isolationist,archipelago,7,7,0,0,0,0,0,0,0
isolationist,archipelago,7,8,0,0,0,0,0,0,0
isolationist,archipelago,7,9,0,0,0,0,0,0,0
isolationist,archipelago,7,10,0,0,0,0,0,0,0
isolationist,archipelago,7,11,0,0,0,0,0,0,0
isolationist,archipelago,7,12,0,0,0,0,0,0,0
isolationist,archipelago,7,13,0,0,0,0,0,0,0
isolationist,archipelago,7,14,0,0,0,0,0,0,0
isolationist,archipelago,7,15,0,0,0,0,0,0,0
isolationist,archipelago,7,16,0,0,0,0,0,0,0
isolationist,archipelago,7,17,0,0,0,0,0,0,0
isolationist,archipelago,7,18,0,0,0,0,0,0,0
isolationist,archipelago,7,19,0,0,0,0,0,0,0
isolationist,archipelago,7,20,0,0,0,0,0,0,0
isolationist,archipelago,7,21,0,0,0,0,0,0,0
isolationist,archipelago,7,22,0,0,0,0,0,0,0
isolationist,archipelago,19,1,32,0,0,0,0,0,0
isolationist,archipelago,19,2,29,0,0,0,0,0,0
isolationist,archipelago,19,3,24,0,0,0,0,0,0
isolationist,archipelago,19,4,18,0,0,0,0,0,0
isolationist,archipelago,19,5,14,0,0,0,0,0,0
isolationist,archipelago,19,6,0,0,0,0,0,0,0
isolationist,archipelago,19,7,0,0,0,0,0,0,0
isolationist,archipelago,19,8,0,0,0,0,0,0,0
isolationist,archipelago,19,9,0,0,0,0,0,0,0
isolationist,archipelago,19,10,0,0,0,0,0,0,0
isolationist,archipelago,19,11,0,0,0,0,0,0,0
isolationist,archipelago,19,12,0,0,0,0,0,0,0
isolationist,archipelago,19,13,0,0,0,0,0,0,0
isolationist,archipelago,19,14,0,0,0,0,0,0,0
isolationist,archipelago,19,15,0,0,0,0,0,0,0
isolationist,archipelago,19,16,0,0,0,0,0,0,0
isolationist,archipelago,19,17,0,0,0,0,0,0,0
isolationist,archipelago,19,18,0,0,0,0,0,0,0
isolationist,archipelago,19,19,0,0,0,0,0,0,0
isolationist,archipelago,42,1,30,0,0,0,0,0,0
isolationist,archipelago,42,2,25,0,0,0,0,0,0
isolationist,archipelago,42,3,18,0,0,0,0,0,0
isolationist,archipelago,42,4,2,0,0,0,0,0,0
isolationist,archipelago,42,5,2,0,0,0,0,0,0
isolationist,archipelago,42,6,0,0,0,0,0,0,0
isolationist,archipelago,42,7,0,0,0,0,0,0,0
isolationist,archipelago,42,8,2,0,0,0,0,0,0
isolationist,archipelago,42,9,0,0,0,0,0,0,0
isolationist,archipelago,42,10,0,0,0,0,0,0,0
isolationist,archipelago,42,11,0,0,0,0,0,0,0
isolationist,archipelago,42,12,0,0,0,0,0,0,0
isolationist,archipelago,42,13,0,0,0,0,0,0,0
isolationist,archipelago,42,14,3,0,0,0,0,0,0
isolationist,archipelago,42,15,0,0,0,0,0,0,0
isolationist,archipelago,42,16,0,0,0,0,0,0,0
isolationist,archipelago,42,17,0,0,0,0,0,0,0
isolationist,archipelago,42,18,0,0,0,0,0,0,0
isolationist,archipelago,42,19,0,0,0,0,0,0,0
isolationist,archipelago,42,20,0,0,0,0,0,0,0
isolationist,archipelago,42,21,0,0,0,0,0,0,0
expansionist,archipelago,7,1,4,0,0,0,0,0,0
expansionist,archipelago,7,2,0,0,0,0,0,0,0
expansionist,archipelago,7,3,0,0,0,0,0,0,0
expansionist,archipelago,7,4,0,0,0,0,0,0,0
expansionist,archipelago,7,5,0,0,0,0,0,0,0
expansionist,archipelago,7,6,0,0,0,0,0,0,0
expansionist,archipelago,7,7,0,0,0,0,0,0,0
expansionist,archipelago,7,8,0,0,0,0,0,0,0
expansionist,archipelago,7,9,0,0,0,0,0,0,0
expansionist,archipelago,7,10,0,0,0,0,0,0,0
expansionist,archipelago,7,11,0,0,0,0,0,0,0
expansionist,archipelago,7,12,0,0,0,0,0,0,0
expansionist,archipelago,7,13,0,0,0,0,0,0,0
expansionist,archipelago,7,14,0,0,0,0,0,0,0
expansionist,archipelago,7,15,0,0,0,0,0,0,0
expansionist,archipelago,7,16,0,0,0,0,0,0,0
expansionist,archipelago,7,17,0,0,0,0,0,0,0
expansionist,archipelago,7,18,0,0,0,0,0,0,0
expansionist,archipelago,7,19,0,0,0,0,0,0,0
expansionist,archipelago,7,20,0,0,0,0,0,0,0
expansionist,archipelago,7,21,0,0,0,0,0,0,0
expansionist,archipelago,7,22,0,0,0,0,0,0,0
expansionist,archipelago,7,23,0,0,0,0,0,0,0
expansionist,archipelago,19,1,32,0,0,0,0,0,0
expansionist,archipelago,19,2,32,0,0,0,0,0,0
expansionist,archipelago,19,3,29,0,0,0,0,0,0
expansionist,archipelago,19,4,23,0,0,0,0,0,0
expansionist,archipelago,19,5,18,0,0,0,0,0,0
expansionist,archipelago,19,6,0,0,0,0,0,0,0
expansionist,archipelago,19,7,0,0,0,0,0,0,0
expansionist,archipelago,19,8,0,0,0,0,0,0,0
expansionist,archipelago,19,9,0,0,0,0,0,0,0
expansionist,archipelago,19,10,320,1,0,0,0,0,0
expansionist,archipelago,19,11,0,0,0,0,0,0,0
expansionist,archipelago,19,12,0,0,0,0,0,0,0
expansionist,archipelago,19,13,0,0,0,0,0,0,0
expansionist,archipelago,19,14,0,0,0,0,0,0,0
expansionist,archipelago,19,15,0,0,0,0,0,0,0
expansionist,archipelago,19,16,0,0,0,0,0,0,0
expansionist,archipelago,19,17,0,0,0,0,0,0,0
expansionist,archipelago,19,18,0,0,0,0,0,0,0
expansionist,archipelago,19,19,0,0,0,0,0,0,0
expansionist,archipelago,19,20,0,0,0,0,0,0,0
expansionist,archipelago,19,21,0,0,0,0,0,0,0
expansionist,archipelago,42,1,30,0,0,0,0,0,0
expansionist,archipelago,42,2,24,0,0,0,0,0,0
expansionist,archipelago,42,3,17,0,0,0,0,0,0
expansionist,archipelago,42,4,1,0,0,0,0,0,0
expansionist,archipelago,42,5,1,0,0,0,0,0,0
expansionist,archipelago,42,6,0,0,0,0,0,0,0
expansionist,archipelago,42,7,0,0,0,0,0,0,0
expansionist,archipelago,42,8,0,0,0,0,0,0,0
expansionist,archipelago,42,9,0,0,0,0,0,0,0
expansionist,archipelago,42,10,0,0,0,0,0,0,0
expansionist,archipelago,42,11,0,0,0,0,0,0,0
expansionist,archipelago,42,12,0,0,0,0,0,0,0
expansionist,archipelago,42,13,0,0,0,0,0,0,0
expansionist,archipelago,42,14,0,0,0,0,0,0,0
expansionist,archipelago,42,15,0,0,0,0,0,0,0
expansionist,archipelago,42,16,0,0,0,0,0,0,0
expansionist,archipelago,42,17,0,0,0,0,0,0,0
expansionist,archipelago,42,18,0,0,0,0,0,0,0
expansionist,archipelago,42,19,0,0,0,0,0,0,0
expansionist,archipelago,42,20,0,0,0,0,0,0,0
expansionist,archipelago,42,21,0,0,0,0,0,0,0
expansionist,archipelago,42,22,0,0,0,0,0,0,0
balanced,archipelago,7,1,4,0,0,0,0,0,0
balanced,archipelago,7,2,0,0,0,0,0,0,0
balanced,archipelago,7,3,0,0,0,0,0,0,0
balanced,archipelago,7,4,0,0,0,0,0,0,0
balanced,archipelago,7,5,0,0,0,0,0,0,0
balanced,archipelago,7,6,0,0,0,0,0,0,0
balanced,archipelago,7,7,0,0,0,0,0,0,0
balanced,archipelago,7,8,0,0,0,0,0,0,0
balanced,archipelago,7,9,0,0,0,0,0,0,0
balanced,archipelago,7,10,0,0,0,0,0,0,0
balanced,archipelago,7,11,0,0,0,0,0,0,0
balanced,archipelago,7,12,0,0,0,0,0,0,0
balanced,archipelago,7,13,0,0,0,0,0,0,0
balanced,archipelago,7,14,0,0,0,0,0,0,0
balanced,archipelago,7,15,0,0,0,0,0,0,0
balanced,archipelago,7,16,0,0,0,0,0,0,0
balanced,archipelago,7,17,0,0,0,0,0,0,0
balanced,archipelago,7,18,0,0,0,0,0,0,0
balanced,archipelago,7,19,0,0,0,0,0,0,0
balanced,archipelago,7,20,0,0,0,0,0,0,0
balanced,archipelago,7,21,0,0,0,0,0,0,0
balanced,archipelago,7,22,0,0,0,0,0,0,0
balanced,archipelago,7,23,0,0,0,0,0,0,0
balanced,archipelago,7,24,0,0,0,0,0,0,0
balanced,archipelago,7,25,0,0,0,0,0,0,0
balanced,archipelago,7,26,0,0,0,0,0,0,0
balanced,archipelago,7,27,0,0,0,0,0,0,0
balanced,archipelago,7,28,0,0,0,0,0,0,0
balanced,archipelago,7,29,0,0,0,0,0,0,0
balanced,archipelago,7,30,0,0,0,0,0,0,0
balanced,archipelago,7,31,0,0,0,0,0,0,0
balanced,archipelago,7,32,0,0,0,0,0,0,0
balanced,archipelago,7,33,0,0,0,0,0,0,0
balanced,archipelago,7,34,0,0,0,0,0,0,0
balanced,archipelago,7,35,25,0,0,0,0,0,0
balanced,archipelago,7,36,45,0,0,0,0,0,0
balanced,archipelago,7,37,45,0,0,0,0,0,0
balanced,archipelago,7,38,70,0,0,0,0,0,0
balanced,archipelago,7,39,95,0,0,0,0,0,0
balanced,archipelago,7,40,120,0,0,0,0,0,0
balanced,archipelago,7,41,145,0,0,0,0,0,0
balanced,archipelago,7,42,145,0,0,0,0,0,0
balanced,archipelago,7,43,160,0,0,0,0,0,0
balanced,archipelago,7,44,153,0,0,0,0,0,0
balanced,archipelago,7,45,178,0,0,0,0,0,0
balanced,archipelago,7,46,203,0,0,0,0,0,0
balanced,archipelago,7,47,203,0,0,0,0,0,0
balanced,archipelago,7,48,228,0,0,0,0,0,0
balanced,archipelago,7,49,253,0,0,0,0,0,0
balanced,archipelago,7,50,278,0,0,0,0,0,0
balanced,archipelago,7,51,303,0,0,0,0,0,0
balanced,archipelago,7,52,303,0,0,0,0,0,0
balanced,archipelago,7,53,328,0,0,0,0,0,0
balanced,archipelago,7,54,353,0,0,0,0,0,0
balanced,archipelago,7,55,341,0,0,0,0,0,0
balanced,archipelago,7,56,366,0,0,0,0,0,0
balanced,archipelago,7,57,366,0,0,0,0,0,0
balanced,archipelago,7,58,391,0,0,0,0,0,0
balanced,archipelago,7,59,416,0,0,0,0,0,0
balanced,archipelago,7,60,416,0,0,0,0,0,0
balanced,archipelago,7,61,400,0,0,0,0,0,0
balanced,archipelago,7,62,389,0,0,0,0,0,0
balanced,archipelago,7,63,414,0,0,0,0,0,0
balanced,archipelago,7,64,439,0,0,0,0,0,0
balanced,archipelago,7,65,464,0,0,0,0,0,0
balanced,archipelago,7,66,489,0,0,0,0,0,0
balanced,archipelago,7,67,489,0,0,0,0,0,0
balanced,archipelago,7,68,514,0,0,0,0,0,0
balanced,archipelago,7,69,539,0,0,0,0,0,0
balanced,archipelago,7,70,564,0,0,0,0,0,0
balanced,archipelago,7,71,589,0,0,0,0,0,0
balanced,archipelago,7,72,589,0,0,0,0,0,0
balanced,archipelago,7,73,614,0,0,0,0,0,0
balanced,archipelago,7,74,639,0,0,0,0,0,0
balanced,archipelago,7,75,664,0,0,0,0,0,0
balanced,archipelago,7,76,689,0,0,0,0,0,0
balanced,archipelago,7,77,689,0,0,0,0,0,0
balanced,archipelago,7,78,714,0,0,0,0,0,0
balanced,archipelago,7,79,739,0,0,0,0,0,0
balanced,archipelago,7,80,764,0,0,0,0,0,0
balanced,archipelago,7,81,789,0,0,0,0,0,0
balanced,archipelago,7,82,789,0,0,0,0,0,0
balanced,archipelago,7,83,814,0,0,0,0,0,0
balanced,archipelago,7,84,839,0,0,0,0,0,0
balanced,archipelago,7,85,864,0,0,0,0,0,0
balanced,archipelago,7,86,889,0,0,0,0,0,0
balanced,archipelago,7,87,889,0,0,0,0,0,0
balanced,archipelago,7,88,914,0,0,0,0,0,0
balanced,archipelago,7,89,939,0,0,0,0,0,0
balanced,archipelago,7,90,964,0,0,0,0,0,0
balanced,archipelago,7,91,989,0,0,0,0,0,0
balanced,archipelago,7,92,989,0,0,0,0,0,0
balanced,archipelago,7,93,1014,0,0,0,0,0,0
balanced,archipelago,7,94,1039,0,0,0,0,0,0
balanced,archipelago,7,95,1064,0,0,0,0,0,0
balanced,archipelago,7,96,1089,0,0,0,0,0,0
balanced,archipelago,7,97,1089,0,0,0,0,0,0
balanced,archipelago,7,98,1114,0,0,0,0,0,0
balanced,archipelago,7,99,1139,0,0,0,0,0,0
balanced,archipelago,7,100,1164,0,0,0,0,0,0
balanced,archipelago,19,1,57,0,0,0,0,0,0
balanced,archipelago,19,2,57,0,0,0,0,0,0
balanced,archipelago,19,3,79,0,0,0,0,0,0
balanced,archipelago,19,4,77,0,0,0,0,0,0
balanced,archipelago,19,5,77,0,0,0,0,0,0
balanced,archipelago,19,6,7,0,0,0,0,0,0
balanced,archipelago,19,7,7,0,0,0,0,0,0
balanced,archipelago,19,8,32,0,0,0,0,0,0
balanced,archipelago,19,9,32,0,0,0,0,0,0
balanced,archipelago,19,10,4,0,0,0,0,0,0
balanced,archipelago,19,11,3,0,0,0,0,0,0
balanced,archipelago,19,12,3,0,0,0,0,0,0
balanced,archipelago,19,13,3,0,0,0,0,0,0
balanced,archipelago,19,14,28,0,0,0,0,0,0
balanced,archipelago,19,15,53,0,0,0,0,0,0
balanced,archipelago,19,16,78,0,0,0,0,0,0
balanced,archipelago,19,17,78,0,0,0,0,0,0
balanced,archipelago,19,18,12,0,0,0,0,0,0
balanced,archipelago,19,19,37,0,0,0,0,0,0
balanced,archipelago,19,20,4,0,0,0,0,0,0
balanced,archipelago,19,21,0,0,0,0,0,0,0
balanced,archipelago,19,22,0,0,0,0,0,0,0
balanced,archipelago,19,23,2,0,0,0,0,0,0
balanced,archipelago,19,24,2,0,0,0,0,0,0
balanced,archipelago,19,25,2,0,0,0,0,0,0
balanced,archipelago,19,26,2,0,0,0,0,0,0
balanced,archipelago,19,27,2,0,0,0,0,0,0
balanced,archipelago,19,28,2,0,0,0,0,0,0
balanced,archipelago,19,29,27,0,0,0,0,0,0
balanced,archipelago,19,30,52,0,0,0,0,0,0
balanced,archipelago,19,31,77,0,0,0,0,0,0
balanced,archipelago,19,32,6,0,0,0,0,0,0
balanced,archipelago,42,1,58,0,0,0,0,0,0
balanced,archipelago,42,2,58,0,0,0,0,0,0
balanced,archipelago,42,3,48,0,0,0,0,0,0
balanced,archipelago,42,4,37,0,0,0,0,0,0
balanced,archipelago,42,5,32,0,0,0,0,0,0
balanced,archipelago,42,6,28,0,0,0,0,0,0
balanced,archipelago,42,7,23,0,0,0,0,0,0
balanced,archipelago,42,8,23,0,0,0,0,0,0
balanced,archipelago,42,9,15,0,0,0,0,0,0
balanced,archipelago,42,10,13,0,0,0,0,0,0
balanced,archipelago,42,11,11,0,0,0,0,0,0
balanced,archipelago,42,12,10,0,0,0,0,0,0
balanced,archipelago,42,13,10,0,0,0,0,0,0
balanced,archipelago,42,14,10,0,0,0,0,0,0
balanced,archipelago,42,15,10,0,0,0,0,0,0
balanced,archipelago,42,16,10,0,0,0,0,0,0
balanced,archipelago,42,17,10,0,0,0,0,0,0
balanced,archipelago,42,18,10,0,0,0,0,0,0
balanced,archipelago,42,19,10,0,0,0,0,0,0
balanced,archipelago,42,20,35,0,0,0,0,0,0
balanced,archipelago,42,21,35,0,0,0,0,0,0
balanced,archipelago,42,22,27,0,0,0,0,0,0
exploit-hunter,archipelago,7,1,132,2,2,0,0,0,14
exploit-hunter,archipelago,7,2,148,2,2,0,0,0,14
exploit-hunter,archipelago,7,3,163,2,2,0,0,0,26
exploit-hunter,archipelago,7,4,102,2,2,0,0,0,26
exploit-hunter,archipelago,7,5,73,1,1,0,0,0,26
exploit-hunter,archipelago,7,6,23,1,1,0,0,0,26
exploit-hunter,archipelago,7,7,19,1,1,0,0,0,26
exploit-hunter,archipelago,7,8,15,1,1,0,0,0,26
exploit-hunter,archipelago,7,9,11,1,1,0,0,0,26
exploit-hunter,archipelago,7,10,7,1,1,0,0,0,26
exploit-hunter,archipelago,7,11,3,1,1,0,0,0,26
exploit-hunter,archipelago,7,12,0,0,0,0,0,0,26
exploit-hunter,archipelago,7,13,70,1,1,0,0,0,26
exploit-hunter,archipelago,7,14,108,2,2,0,0,0,26
exploit-hunter,archipelago,7,15,9,1,1,0,0,0,39
exploit-hunter,archipelago,7,16,0,0,0,0,0,0,39
exploit-hunter,archipelago,7,17,0,0,0,0,0,0,39
exploit-hunter,archipelago,7,18,0,0,0,0,0,0,39
exploit-hunter,archipelago,7,19,0,0,0,0,0,0,39
exploit-hunter,archipelago,7,20,0,0,0,0,0,0,39
exploit-hunter,archipelago,7,21,57,1,1,0,0,0,39
exploit-hunter,archipelago,7,22,143,2,2,0,0,0,49
exploit-hunter,archipelago,7,23,250,2,2,0,0,0,59
exploit-hunter,archipelago,7,24,320,2,2,0,0,0,59
exploit-hunter,archipelago,7,25,390,2,2,0,0,0,59
exploit-hunter,archipelago,7,26,460,2,2,0,0,0,59
exploit-hunter,archipelago,7,27,530,2,2,0,0,0,59
exploit-hunter,archipelago,7,28,600,2,2,0,0,0,59
exploit-hunter,archipelago,7,29,670,2,2,0,0,0,59
exploit-hunter,archipelago,7,30,670,2,2,0,0,0,59
exploit-hunter,archipelago,7,31,705,2,2,0,0,0,59
exploit-hunter,archipelago,7,32,775,2,2,0,0,0,59
exploit-hunter,archipelago,7,33,898,2,2,0,0,0,59
exploit-hunter,archipelago,7,34,1011,2,2,0,0,0,59
exploit-hunter,archipelago,7,35,1091,2,2,0,0,0,59
exploit-hunter,archipelago,7,36,1171,2,2,0,0,0,59
exploit-hunter,archipelago,7,37,1251,2,2,0,0,0,59
exploit-hunter,archipelago,7,38,1331,2,2,0,0,0,59
exploit-hunter,archipelago,7,39,1411,2,2,0,0,0,59
exploit-hunter,archipelago,7,40,1491,2,2,0,0,0,59
exploit-hunter,archipelago,7,41,1571,2,2,0,0,0,59
exploit-hunter,archipelago,7,42,1651,2,2,0,0,0,59
exploit-hunter,archipelago,7,43,1592,2,2,0,0,0,59
exploit-hunter,archipelago,7,44,1566,2,2,0,0,0,59
exploit-hunter,archipelago,7,45,1626,2,2,0,0,0,59
exploit-hunter,archipelago,7,46,1646,2,2,0,0,0,59
exploit-hunter,archipelago,7,47,1706,2,2,0,0,0,59
exploit-hunter,archipelago,7,48,1766,2,2,0,0,0,59
exploit-hunter,archipelago,7,49,1786,2,2,0,0,0,59
exploit-hunter,archipelago,7,50,1806,2,2,0,0,0,59
exploit-hunter,archipelago,7,51,1742,2,2,0,0,0,59
exploit-hunter,archipelago,7,52,1615,2,2,0,0,0,59
exploit-hunter,archipelago,7,53,1409,2,2,0,0,0,59
exploit-hunter,archipelago,7,54,1005,2,2,0,0,0,59
exploit-hunter,archipelago,7,55,865,2,2,0,0,0,59
exploit-hunter,archipelago,7,56,925,2,2,0,0,0,59
exploit-hunter,archipelago,7,57,945,2,2,0,0,0,59
exploit-hunter,archipelago,7,58,924,2,2,0,0,0,59
exploit-hunter,archipelago,7,59,824,2,2,0,0,0,59
exploit-hunter,archipelago,7,60,743,2,2,0,0,0,59
exploit-hunter,archipelago,7,61,624,2,2,0,0,0,59
exploit-hunter,archipelago,7,62,607,2,2,0,0,0,59
exploit-hunter,archipelago,7,63,687,2,2,0,0,0,59
exploit-hunter,archipelago,7,64,767,2,2,0,0,0,59
exploit-hunter,archipelago,7,65,847,2,2,0,0,0,59
exploit-hunter,archipelago,7,66,927,2,2,0,0,0,59
exploit-hunter,archipelago,7,67,1007,2,2,0,0,0,59
exploit-hunter,archipelago,7,68,1087,2,2,0,0,0,59
exploit-hunter,archipelago,7,69,1167,2,2,0,0,0,59
exploit-hunter,archipelago,7,70,1247,2,2,0,0,0,59
exploit-hunter,archipelago,7,71,1247,2,2,0,0,0,59
exploit-hunter,archipelago,7,72,1247,2,2,0,0,0,59
exploit-hunter,archipelago,7,73,1307,2,2,0,0,0,59
exploit-hunter,archipelago,7,74,1307,2,2,0,0,0,59
exploit-hunter,archipelago,7,75,1347,2,2,0,0,0,59
exploit-hunter,archipelago,7,76,1335,2,2,0,0,0,59
exploit-hunter,archipelago,7,77,1168,2,2,0,0,0,59
exploit-hunter,archipelago,7,78,1178,2,2,0,0,0,59
exploit-hunter,archipelago,7,79,1258,2,2,0,0,0,59
exploit-hunter,archipelago,7,80,1318,2,2,0,0,0,59
exploit-hunter,archipelago,7,81,1398,2,2,0,0,0,59
exploit-hunter,archipelago,7,82,1478,2,2,0,0,0,59
exploit-hunter,archipelago,7,83,1498,2,2,0,0,0,59
exploit-hunter,archipelago,7,84,1558,2,2,0,0,0,59
exploit-hunter,archipelago,7,85,1546,2,2,0,0,0,59
exploit-hunter,archipelago,7,86,1230,2,2,0,0,0,59
exploit-hunter,archipelago,7,87,990,2,2,0,0,0,59
exploit-hunter,archipelago,7,88,858,2,2,0,0,0,59
exploit-hunter,archipelago,7,89,918,2,2,0,0,0,59
exploit-hunter,archipelago,7,90,891,2,2,0,0,0,59
exploit-hunter,archipelago,7,91,891,2,2,0,0,0,59
exploit-hunter,archipelago,7,92,891,2,2,0,0,0,59
exploit-hunter,archipelago,7,93,971,2,2,0,0,0,59
exploit-hunter,archipelago,7,94,1051,2,2,0,0,0,59
exploit-hunter,archipelago,7,95,1091,2,2,0,0,0,59
exploit-hunter,archipelago,7,96,1171,2,2,0,0,0,59
exploit-hunter,archipelago,7,97,1231,2,2,0,0,0,59
exploit-hunter,archipelago,7,98,1231,2,2,0,0,0,59
exploit-hunter,archipelago,7,99,1167,2,2,0,0,0,59
exploit-hunter,archipelago,7,100,1009,2,2,0,0,0,59
exploit-hunter,archipelago,19,1,170,2,2,0,0,0,20
exploit-hunter,archipelago,19,2,306,2,2,0,0,0,39
exploit-hunter,archipelago,19,3,414,2,2,0,0,0,39
exploit-hunter,archipelago,19,4,494,2,2,0,0,0,39
exploit-hunter,archipelago,19,5,574,2,2,0,0,0,39
exploit-hunter,archipelago,19,6,502,2,2,0,0,0,39
exploit-hunter,archipelago,19,7,544,2,2,0,0,0,39
exploit-hunter,archipelago,19,8,633,2,2,0,0,0,52
exploit-hunter,archipelago,19,9,646,2,2,0,0,0,52
exploit-hunter,archipelago,19,10,418,2,2,0,0,0,61
exploit-hunter,archipelago,19,11,374,2,2,0,0,0,61
exploit-hunter,archipelago,19,12,502,1,1,0,0,0,61
exploit-hunter,archipelago,19,13,399,2,2,0,0,0,67
exploit-hunter,archipelago,19,14,528,2,2,0,0,0,67
exploit-hunter,archipelago,19,15,668,2,2,0,0,0,67
exploit-hunter,archipelago,19,16,808,2,2,0,0,0,67
exploit-hunter,archipelago,19,17,948,2,2,0,0,0,67
exploit-hunter,archipelago,19,18,1060,2,2,0,0,0,67
exploit-hunter,archipelago,19,19,1140,2,2,0,0,0,67
exploit-hunter,archipelago,19,20,1220,2,2,0,0,0,67
exploit-hunter,archipelago,19,21,1300,2,2,0,0,0,67
exploit-hunter,archipelago,19,22,1380,2,2,0,0,0,67
exploit-hunter,archipelago,19,23,1460,2,2,0,0,0,67
exploit-hunter,archipelago,19,24,1540,2,2,0,0,0,67
exploit-hunter,archipelago,19,25,1620,2,2,0,0,0,67
exploit-hunter,archipelago,19,26,1700,2,2,0,0,0,67
exploit-hunter,archipelago,19,27,1780,2,2,0,0,0,67
exploit-hunter,archipelago,19,28,1860,2,2,0,0,0,67
exploit-hunter,archipelago,19,29,1940,2,2,0,0,0,67
exploit-hunter,archipelago,19,30,2020,2,2,0,0,0,67
exploit-hunter,archipelago,19,31,2100,2,2,0,0,0,67
exploit-hunter,archipelago,19,32,2160,2,2,0,0,0,67
exploit-hunter,archipelago,19,33,2180,2,2,0,0,0,67
exploit-hunter,archipelago,19,34,2200,2,2,0,0,0,67
exploit-hunter,archipelago,19,35,2260,2,2,0,0,0,67
exploit-hunter,archipelago,19,36,2340,2,2,0,0,0,67
exploit-hunter,archipelago,19,37,2420,2,2,0,0,0,67
exploit-hunter,archipelago,19,38,2500,2,2,0,0,0,67
exploit-hunter,archipelago,19,39,2580,2,2,0,0,0,67
exploit-hunter,archipelago,19,40,2660,2,2,0,0,0,67
exploit-hunter,archipelago,19,41,2740,2,2,0,0,0,67
exploit-hunter,archipelago,19,42,2820,2,2,0,0,0,67
exploit-hunter,archipelago,19,43,2900,2,2,0,0,0,67
exploit-hunter,archipelago,19,44,2980,2,2,0,0,0,67
exploit-hunter,archipelago,19,45,2872,2,2,0,0,0,67
exploit-hunter,archipelago,19,46,2444,2,2,0,0,0,67
exploit-hunter,archipelago,19,47,2166,2,2,0,0,0,67
exploit-hunter,archipelago,19,48,2165,2,2,0,0,0,67
exploit-hunter,archipelago,19,49,2225,2,2,0,0,0,67
exploit-hunter,archipelago,19,50,2305,2,2,0,0,0,67
exploit-hunter,archipelago,19,51,2305,2,2,0,0,0,67
exploit-hunter,archipelago,19,52,2325,2,2,0,0,0,67
exploit-hunter,archipelago,19,53,2325,2,2,0,0,0,67
exploit-hunter,archipelago,19,54,2345,2,2,0,0,0,67
exploit-hunter,archipelago,19,55,2345,2,2,0,0,0,67
exploit-hunter,archipelago,19,56,2345,2,2,0,0,0,67
exploit-hunter,archipelago,19,57,2345,2,2,0,0,0,67
exploit-hunter,archipelago,19,58,2345,2,2,0,0,0,67
exploit-hunter,archipelago,19,59,2405,2,2,0,0,0,67
exploit-hunter,archipelago,19,60,2465,2,2,0,0,0,67
exploit-hunter,archipelago,19,61,2525,2,2,0,0,0,67
exploit-hunter,archipelago,19,62,2413,2,2,0,0,0,67
exploit-hunter,archipelago,19,63,2124,2,2,0,0,0,67
exploit-hunter,archipelago,42,1,173,2,2,0,0,0,0
exploit-hunter,archipelago,42,2,305,2,2,0,0,0,32
exploit-hunter,archipelago,42,3,417,2,2,0,0,0,32
exploit-hunter,archipelago,42,4,497,2,2,0,0,0,32
exploit-hunter,archipelago,42,5,577,2,2,0,0,0,32
exploit-hunter,archipelago,42,6,657,2,2,0,0,0,32
exploit-hunter,archipelago,42,7,697,2,2,0,0,0,32
exploit-hunter,archipelago,42,8,757,2,2,0,0,0,32
exploit-hunter,archipelago,42,9,837,2,2,0,0,0,32
exploit-hunter,archipelago,42,10,877,2,2,0,0,0,32
exploit-hunter,archipelago,42,11,917,2,2,0,0,0,32
exploit-hunter,archipelago,42,12,957,2,2,0,0,0,32
exploit-hunter,archipelago,42,13,977,2,2,0,0,0,32
exploit-hunter,archipelago,42,14,1017,2,2,0,0,0,32
exploit-hunter,archipelago,42,15,1097,2,2,0,0,0,32
exploit-hunter,archipelago,42,16,1117,2,2,0,0,0,32
exploit-hunter,archipelago,42,17,1177,2,2,0,0,0,32
exploit-hunter,archipelago,42,18,1197,2,2,0,0,0,32
exploit-hunter,archipelago,42,19,1217,2,2,0,0,0,32
exploit-hunter,archipelago,42,20,1257,2,2,0,0,0,32
exploit-hunter,archipelago,42,21,1337,2,2,0,0,0,32
exploit-hunter,archipelago,42,22,1377,2,2,0,0,0,32
exploit-hunter,archipelago,42,23,1377,2,2,0,0,0,32
exploit-hunter,archipelago,42,24,1437,2,2,0,0,0,32
exploit-hunter,archipelago,42,25,1497,2,2,0,0,0,32
exploit-hunter,archipelago,42,26,1497,2,2,0,0,0,32
exploit-hunter,archipelago,42,27,1497,2,2,0,0,0,32
exploit-hunter,archipelago,42,28,1557,2,2,0,0,0,32
exploit-hunter,archipelago,42,29,1577,2,2,0,0,0,32
exploit-hunter,archipelago,42,30,1657,2,2,0,0,0,32
exploit-hunter,archipelago,42,31,1737,2,2,0,0,0,32
exploit-hunter,archipelago,42,32,1757,2,2,0,0,0,32
exploit-hunter,archipelago,42,33,1757,2,2,0,0,0,32
exploit-hunter,archipelago,42,34,1632,2,2,0,0,0,32
exploit-hunter,archipelago,42,35,1459,2,2,0,0,0,32
exploit-hunter,archipelago,42,36,1261,2,2,0,0,0,32
exploit-hunter,archipelago,42,37,1103,2,2,0,0,0,32
exploit-hunter,archipelago,42,38,1105,2,2,0,0,0,32
exploit-hunter,archipelago,42,39,1145,2,2,0,0,0,32
exploit-hunter,archipelago,42,40,1145,2,2,0,0,0,32
exploit-hunter,archipelago,42,41,995,2,2,0,0,0,32
exploit-hunter,archipelago,42,42,848,2,2,0,0,0,32
exploit-hunter,archipelago,42,43,686,2,2,0,0,0,32
exploit-hunter,archipelago,42,44,604,2,2,0,0,0,32
exploit-hunter,archipelago,42,45,593,2,2,0,0,0,32
exploit-hunter,archipelago,42,46,593,2,2,0,0,0,32
exploit-hunter,archipelago,42,47,613,2,2,0,0,0,32
exploit-hunter,archipelago,42,48,693,2,2,0,0,0,32
exploit-hunter,archipelago,42,49,713,2,2,0,0,0,32
exploit-hunter,archipelago,42,50,733,2,2,0,0,0,32
exploit-hunter,archipelago,42,51,733,2,2,0,0,0,32
exploit-hunter,archipelago,42,52,733,2,2,0,0,0,32
exploit-hunter,archipelago,42,53,773,2,2,0,0,0,32
exploit-hunter,archipelago,42,54,793,2,2,0,0,0,32
exploit-hunter,archipelago,42,55,813,2,2,0,0,0,32
diplomat,archipelago,7,1,4,0,0,0,0,0,0
diplomat,archipelago,7,2,0,0,0,0,0,0,0
diplomat,archipelago,7,3,0,0,0,0,0,0,0
diplomat,archipelago,7,4,0,0,0,0,0,0,0
diplomat,archipelago,7,5,0,0,0,0,0,0,0
diplomat,archipelago,7,6,0,0,0,0,0,0,0
diplomat,archipelago,7,7,0,0,0,0,0,0,0
diplomat,archipelago,7,8,0,0,0,0,0,0,0
diplomat,archipelago,7,9,0,0,0,0,0,0,0
diplomat,archipelago,7,10,0,0,0,0,0,0,0
diplomat,archipelago,7,11,0,0,0,0,0,0,0
diplomat,archipelago,7,12,0,0,0,0,0,0,0
diplomat,archipelago,7,13,0,0,0,0,0,0,0
diplomat,archipelago,7,14,0,0,0,0,0,0,0
diplomat,archipelago,7,15,0,0,0,0,0,0,0
diplomat,archipelago,7,16,0,0,0,0,0,0,0
diplomat,archipelago,7,17,0,0,0,0,0,0,0
diplomat,archipelago,7,18,0,0,0,0,0,0,0
diplomat,archipelago,7,19,0,0,0,0,0,0,0
diplomat,archipelago,7,20,0,0,0,0,0,0,0
diplomat,archipelago,7,21,0,0,0,0,0,0,0
diplomat,archipelago,7,22,0,0,0,0,0,0,0
diplomat,archipelago,7,23,0,0,0,0,0,0,0
diplomat,archipelago,7,24,0,0,0,0,0,0,0
diplomat,archipelago,7,25,0,0,0,0,0,0,0
diplomat,archipelago,19,1,32,0,0,0,0,0,0
diplomat,archipelago,19,2,32,0,0,0,0,0,0
diplomat,archipelago,19,3,32,0,0,0,0,0,0
diplomat,archipelago,19,4,32,0,0,0,0,0,0
diplomat,archipelago,19,5,32,0,0,0,0,0,0
diplomat,archipelago,19,6,32,0,0,0,0,0,0
diplomat,archipelago,19,7,32,0,0,0,0,0,0
diplomat,archipelago,19,8,32,0,0,0,0,0,0
diplomat,archipelago,19,9,32,0,0,0,0,0,0
diplomat,archipelago,19,10,3,0,0,0,0,0,0
diplomat,archipelago,19,11,3,0,0,0,0,0,0
diplomat,archipelago,19,12,3,0,0,0,0,0,0
diplomat,archipelago,19,13,3,0,0,0,0,0,0
diplomat,archipelago,19,14,3,0,0,0,0,0,0
diplomat,archipelago,19,15,3,0,0,0,0,0,0
diplomat,archipelago,19,16,3,0,0,0,0,0,0
diplomat,archipelago,19,17,3,0,0,0,0,0,0
diplomat,archipelago,19,18,3,0,0,0,0,0,0
diplomat,archipelago,19,19,3,0,0,0,0,0,0
diplomat,archipelago,19,20,3,0,0,0,0,0,0
diplomat,archipelago,19,21,3,0,0,0,0,0,0
diplomat,archipelago,19,22,3,0,0,0,0,0,0
diplomat,archipelago,19,23,3,0,0,0,0,0,0
diplomat,archipelago,19,24,3,0,0,0,0,0,0
diplomat,archipelago,19,25,3,0,0,0,0,0,0
diplomat,archipelago,19,26,3,0,0,0,0,0,0
diplomat,archipelago,19,27,3,0,0,0,0,0,0
diplomat,archipelago,19,28,3,0,0,0,0,0,0
diplomat,archipelago,19,29,3,0,0,0,0,0,0
diplomat,archipelago,19,30,3,0,0,0,0,0,0
diplomat,archipelago,19,31,3,0,0,0,0,0,0
diplomat,archipelago,19,32,3,0,0,0,0,0,0
diplomat,archipelago,19,33,3,0,0,0,0,0,0
diplomat,archipelago,19,34,3,0,0,0,0,0,0
diplomat,archipelago,19,35,3,0,0,0,0,0,0
diplomat,archipelago,19,36,3,0,0,0,0,0,0
diplomat,archipelago,19,37,3,0,0,0,0,0,0
diplomat,archipelago,19,38,3,0,0,0,0,0,0
diplomat,archipelago,19,39,3,0,0,0,0,0,0
diplomat,archipelago,19,40,3,0,0,0,0,0,0
diplomat,archipelago,19,41,3,0,0,0,0,0,0
diplomat,archipelago,19,42,3,0,0,0,0,0,0
diplomat,archipelago,19,43,3,0,0,0,0,0,0
diplomat,archipelago,19,44,3,0,0,0,0,0,0
diplomat,archipelago,19,45,3,0,0,0,0,0,0
diplomat,archipelago,19,46,0,0,0,0,0,0,0
diplomat,archipelago,19,47,0,0,0,0,0,0,0
diplomat,archipelago,19,48,0,0,0,0,0,0,0
diplomat,archipelago,19,49,0,0,0,0,0,0,0
diplomat,archipelago,19,50,0,0,0,0,0,0,0
diplomat,archipelago,19,51,0,0,0,0,0,0,0
diplomat,archipelago,19,52,0,0,0,0,0,0,0
diplomat,archipelago,19,53,0,0,0,0,0,0,0
diplomat,archipelago,19,54,0,0,0,0,0,0,0
diplomat,archipelago,19,55,0,0,0,0,0,0,0
diplomat,archipelago,19,56,0,0,0,0,0,0,0
diplomat,archipelago,19,57,0,0,0,0,0,0,0
diplomat,archipelago,19,58,0,0,0,0,0,0,0
diplomat,archipelago,19,59,0,0,0,0,0,0,0
diplomat,archipelago,19,60,0,0,0,0,0,0,0
diplomat,archipelago,19,61,0,0,0,0,0,0,0
diplomat,archipelago,19,62,0,0,0,0,0,0,0
diplomat,archipelago,19,63,0,0,0,0,0,0,0
diplomat,archipelago,19,64,0,0,0,0,0,0,0
diplomat,archipelago,19,65,0,0,0,0,0,0,0
diplomat,archipelago,19,66,0,0,0,0,0,0,0
diplomat,archipelago,19,67,0,0,0,0,0,0,0
diplomat,archipelago,19,68,0,0,0,0,0,0,0
diplomat,archipelago,19,69,0,0,0,0,0,0,0
diplomat,archipelago,19,70,0,0,0,0,0,0,0
diplomat,archipelago,19,71,0,0,0,0,0,0,0
diplomat,archipelago,19,72,0,0,0,0,0,0,0
diplomat,archipelago,19,73,0,0,0,0,0,0,0
diplomat,archipelago,19,74,0,0,0,0,0,0,0
diplomat,archipelago,19,75,0,0,0,0,0,0,0
diplomat,archipelago,19,76,0,0,0,0,0,0,0
diplomat,archipelago,19,77,0,0,0,0,0,0,0
diplomat,archipelago,19,78,0,0,0,0,0,0,0
diplomat,archipelago,19,79,0,0,0,0,0,0,0
diplomat,archipelago,19,80,0,0,0,0,0,0,0
diplomat,archipelago,19,81,0,0,0,0,0,0,0
diplomat,archipelago,19,82,0,0,0,0,0,0,0
diplomat,archipelago,19,83,0,0,0,0,0,0,0
diplomat,archipelago,19,84,0,0,0,0,0,0,0
diplomat,archipelago,19,85,0,0,0,0,0,0,0
diplomat,archipelago,19,86,0,0,0,0,0,0,0
diplomat,archipelago,42,1,33,0,0,0,0,0,0
diplomat,archipelago,42,2,33,0,0,0,0,0,0
diplomat,archipelago,42,3,33,0,0,0,0,0,0
diplomat,archipelago,42,4,33,0,0,0,0,0,0
diplomat,archipelago,42,5,33,0,0,0,0,0,0
diplomat,archipelago,42,6,3,0,0,0,0,0,0
diplomat,archipelago,42,7,0,0,0,0,0,0,0
diplomat,archipelago,42,8,0,0,0,0,0,0,0
diplomat,archipelago,42,9,0,0,0,0,0,0,0
diplomat,archipelago,42,10,0,0,0,0,0,0,0
diplomat,archipelago,42,11,0,0,0,0,0,0,0
diplomat,archipelago,42,12,0,0,0,0,0,0,0
diplomat,archipelago,42,13,0,0,0,0,0,0,0
diplomat,archipelago,42,14,0,0,0,0,0,0,0
diplomat,archipelago,42,15,0,0,0,0,0,0,0
diplomat,archipelago,42,16,0,0,0,0,0,0,0
diplomat,archipelago,42,17,0,0,0,0,0,0,0
diplomat,archipelago,42,18,0,0,0,0,0,0,0
diplomat,archipelago,42,19,0,0,0,0,0,0,0
diplomat,archipelago,42,20,0,0,0,0,0,0,0
diplomat,archipelago,42,21,0,0,0,0,0,0,0
diplomat,archipelago,42,22,0,0,0,0,0,0,0
diplomat,archipelago,42,23,0,0,0,0,0,0,0
diplomat,archipelago,42,24,0,0,0,0,0,0,0
diplomat,archipelago,42,25,0,0,0,0,0,0,0
diplomat,archipelago,42,26,0,0,0,0,0,0,0
diplomat,archipelago,42,27,0,0,0,0,0,0,0
diplomat,archipelago,42,28,0,0,0,0,0,0,0
diplomat,archipelago,42,29,0,0,0,0,0,0,0
diplomat,archipelago,42,30,0,0,0,0,0,0,0
diplomat,archipelago,42,31,0,0,0,0,0,0,0
diplomat,archipelago,42,32,0,0,0,0,0,0,0
diplomat,archipelago,42,33,0,0,0,0,0,0,0
diplomat,archipelago,42,34,0,0,0,0,0,0,0
diplomat,archipelago,42,35,0,0,0,0,0,0,0
diplomat,archipelago,42,36,0,0,0,0,0,0,0
diplomat,archipelago,42,37,0,0,0,0,0,0,0
diplomat,archipelago,42,38,0,0,0,0,0,0,0
diplomat,archipelago,42,39,0,0,0,0,0,0,0
diplomat,archipelago,42,40,0,0,0,0,0,0,0
diplomat,archipelago,42,41,0,0,0,0,0,0,0
diplomat,archipelago,42,42,0,0,0,0,0,0,0
diplomat,archipelago,42,43,0,0,0,0,0,0,0
diplomat,archipelago,42,44,0,0,0,0,0,0,0
diplomat,archipelago,42,45,0,0,0,0,0,0,0
diplomat,archipelago,42,46,0,0,0,0,0,0,0
diplomat,archipelago,42,47,0,0,0,0,0,0,0
diplomat,archipelago,42,48,0,0,0,0,0,0,0
diplomat,archipelago,42,49,0,0,0,0,0,0,0
diplomat,archipelago,42,50,0,0,0,0,0,0,0
diplomat,archipelago,42,51,0,0,0,0,0,0,0
diplomat,archipelago,42,52,0,0,0,0,0,0,0
diplomat,archipelago,42,53,0,0,0,0,0,0,0
diplomat,archipelago,42,54,0,0,0,0,0,0,0
diplomat,archipelago,42,55,0,0,0,0,0,0,0
diplomat,archipelago,42,56,0,0,0,0,0,0,0
diplomat,archipelago,42,57,0,0,0,0,0,0,0
diplomat,archipelago,42,58,0,0,0,0,0,0,0
diplomat,archipelago,42,59,0,0,0,0,0,0,0
diplomat,archipelago,42,60,0,0,0,0,0,0,0
diplomat,archipelago,42,61,0,0,0,0,0,0,0
diplomat,archipelago,42,62,0,0,0,0,0,0,0
diplomat,archipelago,42,63,0,0,0,0,0,0,0
diplomat,archipelago,42,64,0,0,0,0,0,0,0
diplomat,archipelago,42,65,0,0,0,0,0,0,0
diplomat,archipelago,42,66,0,0,0,0,0,0,0
diplomat,archipelago,42,67,0,0,0,0,0,0,0
diplomat,archipelago,42,68,0,0,0,0,0,0,0
diplomat,archipelago,42,69,0,0,0,0,0,0,0
diplomat,archipelago,42,70,0,0,0,0,0,0,0
diplomat,archipelago,42,71,0,0,0,0,0,0,0
diplomat,archipelago,42,72,0,0,0,0,0,0,0
diplomat,archipelago,42,73,0,0,0,0,0,0,0
diplomat,archipelago,42,74,0,0,0,0,0,0,0
diplomat,archipelago,42,75,0,0,0,0,0,0,0
diplomat,archipelago,42,76,0,0,0,0,0,0,0
diplomat,archipelago,42,77,0,0,0,0,0,0,0
diplomat,archipelago,42,78,0,0,0,0,0,0,0
diplomat,archipelago,42,79,0,0,0,0,0,0,0
diplomat,archipelago,42,80,0,0,0,0,0,0,0
diplomat,archipelago,42,81,0,0,0,0,0,0,0
diplomat,archipelago,42,82,0,0,0,0,0,0,0
diplomat,archipelago,42,83,0,0,0,0,0,0,0
diplomat,archipelago,42,84,0,0,0,0,0,0,0
diplomat,archipelago,42,85,0,0,0,0,0,0,0
diplomat,archipelago,42,86,0,0,0,0,0,0,0
diplomat,archipelago,42,87,0,0,0,0,0,0,0
diplomat,archipelago,42,88,0,0,0,0,0,0,0
diplomat,archipelago,42,89,0,0,0,0,0,0,0
diplomat,archipelago,42,90,0,0,0,0,0,0,0
diplomat,archipelago,42,91,0,0,0,0,0,0,0
diplomat,archipelago,42,92,0,0,0,0,0,0,0
diplomat,archipelago,42,93,0,0,0,0,0,0,0
diplomat,archipelago,42,94,0,0,0,0,0,0,0
diplomat,archipelago,42,95,0,0,0,0,0,0,0
diplomat,archipelago,42,96,0,0,0,0,0,0,0
diplomat,archipelago,42,97,0,0,0,0,0,0,0
diplomat,archipelago,42,98,0,0,0,0,0,0,0
diplomat,archipelago,42,99,0,0,0,0,0,0,0
diplomat,archipelago,42,100,0,0,0,0,0,0,0
spymaster,archipelago,7,1,4,0,0,0,0,0,0
spymaster,archipelago,7,2,0,0,0,0,0,0,0
spymaster,archipelago,7,3,0,0,0,0,0,0,0
spymaster,archipelago,7,4,0,0,0,0,0,0,0
spymaster,archipelago,7,5,0,0,0,0,0,0,0
spymaster,archipelago,7,6,0,0,0,0,0,0,0
spymaster,archipelago,7,7,0,0,0,0,0,0,0
spymaster,archipelago,7,8,0,0,0,0,0,0,0
spymaster,archipelago,7,9,0,0,0,0,0,0,0
spymaster,archipelago,7,10,0,0,0,0,0,0,0
spymaster,archipelago,7,11,0,0,0,0,0,0,0
spymaster,archipelago,7,12,0,0,0,0,0,0,0
spymaster,archipelago,7,13,0,0,0,0,0,0,0
spymaster,archipelago,7,14,0,0,0,0,0,0,0
spymaster,archipelago,7,15,0,0,0,0,0,0,0
spymaster,archipelago,7,16,0,0,0,0,0,0,0
spymaster,archipelago,7,17,0,0,0,0,0,0,0
spymaster,archipelago,7,18,0,0,0,0,0,0,0
spymaster,archipelago,7,19,0,0,0,0,0,0,0
spymaster,archipelago,7,20,0,0,0,0,0,0,0
spymaster,archipelago,7,21,0,0,0,0,0,0,0
spymaster,archipelago,7,22,0,0,0,0,0,0,0
spymaster,archipelago,7,23,0,0,0,0,0,0,0
spymaster,archipelago,7,24,0,0,0,0,0,0,0
spymaster,archipelago,19,1,32,0,0,0,0,0,0
spymaster,archipelago,19,2,32,0,0,0,0,0,0
spymaster,archipelago,19,3,32,0,0,0,0,0,0
spymaster,archipelago,19,4,32,0,0,0,0,0,0
spymaster,archipelago,19,5,32,0,0,0,0,0,0
spymaster,archipelago,19,6,3,0,0,0,0,0,0
spymaster,archipelago,19,7,3,0,0,0,0,0,0
spymaster,archipelago,19,8,3,0,0,0,0,0,0
spymaster,archipelago,19,9,3,0,0,0,0,0,0
spymaster,archipelago,19,10,0,0,0,0,0,0,0
spymaster,archipelago,19,11,0,0,0,0,0,0,0
spymaster,archipelago,19,12,0,0,0,0,0,0,0
spymaster,archipelago,19,13,0,0,0,0,0,0,0
spymaster,archipelago,19,14,0,0,0,0,0,0,0
spymaster,archipelago,19,15,0,0,0,0,0,0,0
spymaster,archipelago,19,16,0,0,0,0,0,0,0
spymaster,archipelago,19,17,0,0,0,0,0,0,0
spymaster,archipelago,19,18,0,0,0,0,0,0,0
spymaster,archipelago,19,19,0,0,0,0,0,0,0
spymaster,archipelago,19,20,0,0,0,0,0,0,0
spymaster,archipelago,19,21,0,0,0,0,0,0,0
spymaster,archipelago,19,22,0,0,0,0,0,0,0
spymaster,archipelago,19,23,0,0,0,0,0,0,0
spymaster,archipelago,19,24,0,0,0,0,0,0,0
spymaster,archipelago,19,25,0,0,0,0,0,0,0
spymaster,archipelago,19,26,0,0,0,0,0,0,0
spymaster,archipelago,19,27,0,0,0,0,0,0,0
spymaster,archipelago,19,28,0,0,0,0,0,0,0
spymaster,archipelago,19,29,0,0,0,0,0,0,0
spymaster,archipelago,19,30,0,0,0,0,0,0,0
spymaster,archipelago,19,31,0,0,0,0,0,0,0
spymaster,archipelago,19,32,0,0,0,0,0,0,0
spymaster,archipelago,42,1,33,0,0,0,0,0,0
spymaster,archipelago,42,2,33,0,0,0,0,0,0
spymaster,archipelago,42,3,33,0,0,0,0,0,0
spymaster,archipelago,42,4,3,0,0,0,0,0,0
spymaster,archipelago,42,5,3,0,0,0,0,0,0
spymaster,archipelago,42,6,0,0,0,0,0,0,0
spymaster,archipelago,42,7,0,0,0,0,0,0,0
spymaster,archipelago,42,8,0,0,0,0,0,0,0
spymaster,archipelago,42,9,0,0,0,0,0,0,0
spymaster,archipelago,42,10,0,0,0,0,0,0,0
spymaster,archipelago,42,11,0,0,0,0,0,0,0
spymaster,archipelago,42,12,0,0,0,0,0,0,0
spymaster,archipelago,42,13,0,0,0,0,0,0,0
spymaster,archipelago,42,14,0,0,0,0,0,0,0
spymaster,archipelago,42,15,0,0,0,0,0,0,0
spymaster,archipelago,42,16,0,0,0,0,0,0,0
spymaster,archipelago,42,17,0,0,0,0,0,0,0
spymaster,archipelago,42,18,0,0,0,0,0,0,0
spymaster,archipelago,42,19,0,0,0,0,0,0,0
spymaster,archipelago,42,20,0,0,0,0,0,0,0
spymaster,archipelago,42,21,0,0,0,0,0,0,0
spymaster,archipelago,42,22,0,0,0,0,0,0,0
spymaster,archipelago,42,23,0,0,0,0,0,0,0
spymaster,archipelago,42,24,0,0,0,0,0,0,0
spymaster,archipelago,42,25,0,0,0,0,0,0,0
spymaster,archipelago,42,26,0,0,0,0,0,0,0
spymaster,archipelago,42,27,0,0,0,0,0,0,0
spymaster,archipelago,42,28,0,0,0,0,0,0,0
spymaster,archipelago,42,29,0,0,0,0,0,0,0
spymaster,archipelago,42,30,0,0,0,0,0,0,0
spymaster,archipelago,42,31,0,0,0,0,0,0,0
spymaster,archipelago,42,32,0,0,0,0,0,0,0
spymaster,archipelago,42,33,0,0,0,0,0,0,0
spymaster,archipelago,42,34,0,0,0,0,0,0,0
spymaster,archipelago,42,35,0,0,0,0,0,0,0
spymaster,archipelago,42,36,0,0,0,0,0,0,0
thalassocrat,archipelago,7,1,4,0,0,0,0,0,0
thalassocrat,archipelago,7,2,0,0,0,0,0,0,0
thalassocrat,archipelago,7,3,0,0,0,0,0,0,0
thalassocrat,archipelago,7,4,0,0,0,0,0,0,0
thalassocrat,archipelago,7,5,0,0,0,0,0,0,0
thalassocrat,archipelago,7,6,0,0,0,0,0,0,0
thalassocrat,archipelago,7,7,0,0,0,0,0,0,0
thalassocrat,archipelago,7,8,0,0,0,0,0,0,0
thalassocrat,archipelago,7,9,0,0,0,0,0,0,0
thalassocrat,archipelago,7,10,0,0,0,0,0,0,0
thalassocrat,archipelago,7,11,0,0,0,0,0,0,0
thalassocrat,archipelago,7,12,0,0,0,0,0,0,0
thalassocrat,archipelago,7,13,0,0,0,0,0,0,0
thalassocrat,archipelago,7,14,0,0,0,0,0,0,0
thalassocrat,archipelago,7,15,0,0,0,0,0,0,0
thalassocrat,archipelago,7,16,0,0,0,0,0,0,0
thalassocrat,archipelago,7,17,0,0,0,0,0,0,0
thalassocrat,archipelago,7,18,0,0,0,0,0,0,0
thalassocrat,archipelago,7,19,0,0,0,0,0,0,0
thalassocrat,archipelago,7,20,0,0,0,0,0,0,0
thalassocrat,archipelago,7,21,0,0,0,0,0,0,0
thalassocrat,archipelago,7,22,0,0,0,0,0,0,0
thalassocrat,archipelago,7,23,0,0,0,0,0,0,0
thalassocrat,archipelago,7,24,0,0,0,0,0,0,0
thalassocrat,archipelago,19,1,32,0,0,0,0,0,0
thalassocrat,archipelago,19,2,32,0,0,0,0,0,0
thalassocrat,archipelago,19,3,31,0,0,0,0,0,0
thalassocrat,archipelago,19,4,29,0,0,0,0,0,0
thalassocrat,archipelago,19,5,27,0,0,0,0,0,0
thalassocrat,archipelago,19,6,2,0,0,0,0,0,0
thalassocrat,archipelago,19,7,2,0,0,0,0,0,0
thalassocrat,archipelago,19,8,2,0,0,0,0,0,0
thalassocrat,archipelago,19,9,2,0,0,0,0,0,0
thalassocrat,archipelago,19,10,0,0,0,0,0,0,0
thalassocrat,archipelago,19,11,0,0,0,0,0,0,0
thalassocrat,archipelago,19,12,0,0,0,0,0,0,0
thalassocrat,archipelago,19,13,0,0,0,0,0,0,0
thalassocrat,archipelago,19,14,0,0,0,0,0,0,0
thalassocrat,archipelago,19,15,0,0,0,0,0,0,0
thalassocrat,archipelago,19,16,0,0,0,0,0,0,0
thalassocrat,archipelago,19,17,0,0,0,0,0,0,0
thalassocrat,archipelago,19,18,0,0,0,0,0,0,0
thalassocrat,archipelago,19,19,0,0,0,0,0,0,0
thalassocrat,archipelago,19,20,0,0,0,0,0,0,0
thalassocrat,archipelago,19,21,0,0,0,0,0,0,0
thalassocrat,archipelago,19,22,0,0,0,0,0,0,0
thalassocrat,archipelago,19,23,0,0,0,0,0,0,0
thalassocrat,archipelago,19,24,0,0,0,0,0,0,0
thalassocrat,archipelago,19,25,0,0,0,0,0,0,0
thalassocrat,archipelago,19,26,0,0,0,0,0,0,0
thalassocrat,archipelago,19,27,0,0,0,0,0,0,0
thalassocrat,archipelago,19,28,0,0,0,0,0,0,0
thalassocrat,archipelago,19,29,0,0,0,0,0,0,0
thalassocrat,archipelago,19,30,0,0,0,0,0,0,0
thalassocrat,archipelago,19,31,0,0,0,0,0,0,0
thalassocrat,archipelago,19,32,0,0,0,0,0,0,0
thalassocrat,archipelago,42,1,33,0,0,0,0,0,0
thalassocrat,archipelago,42,2,33,0,0,0,0,0,0
thalassocrat,archipelago,42,3,33,0,0,0,0,0,0
thalassocrat,archipelago,42,4,3,0,0,0,0,0,0
thalassocrat,archipelago,42,5,3,0,0,0,0,0,0
thalassocrat,archipelago,42,6,0,0,0,0,0,0,0
thalassocrat,archipelago,42,7,0,0,0,0,0,0,0
thalassocrat,archipelago,42,8,0,0,0,0,0,0,0
thalassocrat,archipelago,42,9,0,0,0,0,0,0,0
thalassocrat,archipelago,42,10,0,0,0,0,0,0,0
thalassocrat,archipelago,42,11,0,0,0,0,0,0,0
thalassocrat,archipelago,42,12,0,0,0,0,0,0,0
thalassocrat,archipelago,42,13,0,0,0,0,0,0,0
thalassocrat,archipelago,42,14,0,0,0,0,0,0,0
thalassocrat,archipelago,42,15,0,0,0,0,0,0,0
thalassocrat,archipelago,42,16,0,0,0,0,0,0,0
thalassocrat,archipelago,42,17,0,0,0,0,0,0,0
thalassocrat,archipelago,42,18,0,0,0,0,0,0,0
thalassocrat,archipelago,42,19,0,0,0,0,0,0,0
thalassocrat,archipelago,42,20,0,0,0,0,0,0,0
thalassocrat,archipelago,42,21,0,0,0,0,0,0,0
thalassocrat,archipelago,42,22,0,0,0,0,0,0,0
thalassocrat,archipelago,42,23,0,0,0,0,0,0,0
thalassocrat,archipelago,42,24,0,0,0,0,0,0,0
thalassocrat,archipelago,42,25,0,0,0,0,0,0,0
thalassocrat,archipelago,42,26,0,0,0,0,0,0,0
thalassocrat,archipelago,42,27,0,0,0,0,0,0,0
thalassocrat,archipelago,42,28,0,0,0,0,0,0,0
thalassocrat,archipelago,42,29,0,0,0,0,0,0,0
thalassocrat,archipelago,42,30,0,0,0,0,0,0,0
thalassocrat,archipelago,42,31,0,0,0,0,0,0,0
thalassocrat,archipelago,42,32,0,0,0,0,0,0,0
thalassocrat,archipelago,42,33,0,0,0,0,0,0,0
thalassocrat,archipelago,42,34,0,0,0,0,0,0,0
thalassocrat,archipelago,42,35,0,0,0,0,0,0,0
thalassocrat,archipelago,42,36,0,0,0,0,0,0,0
thalassocrat,archipelago,42,37,0,0,0,0,0,0,0
thalassocrat,archipelago,42,38,0,0,0,0,0,0,0
thalassocrat,archipelago,42,39,0,0,0,0,0,0,0
thalassocrat,archipelago,42,40,0,0,0,0,0,0,0
thalassocrat,archipelago,42,41,0,0,0,0,0,0,0
thalassocrat,archipelago,42,42,0,0,0,0,0,0,0
thalassocrat,archipelago,42,43,0,0,0,0,0,0,0
thalassocrat,archipelago,42,44,0,0,0,0,0,0,0
thalassocrat,archipelago,42,45,0,0,0,0,0,0,0
thalassocrat,archipelago,42,46,0,0,0,0,0,0,0
thalassocrat,archipelago,42,47,0,0,0,0,0,0,0
thalassocrat,archipelago,42,48,0,0,0,0,0,0,0
thalassocrat,archipelago,42,49,0,0,0,0,0,0,0
thalassocrat,archipelago,42,50,0,0,0,0,0,0,0
thalassocrat,archipelago,42,51,0,0,0,0,0,0,0
thalassocrat,archipelago,42,52,0,0,0,0,0,0,0
thalassocrat,archipelago,42,53,0,0,0,0,0,0,0
thalassocrat,archipelago,42,54,0,0,0,0,0,0,0
thalassocrat,archipelago,42,55,0,0,0,0,0,0,0
thalassocrat,archipelago,42,56,0,0,0,0,0,0,0
thalassocrat,archipelago,42,57,0,0,0,0,0,0,0
thalassocrat,archipelago,42,58,0,0,0,0,0,0,0
thalassocrat,archipelago,42,59,0,0,0,0,0,0,0
thalassocrat,archipelago,42,60,0,0,0,0,0,0,0
thalassocrat,archipelago,42,61,0,0,0,0,0,0,0
thalassocrat,archipelago,42,62,0,0,0,0,0,0,0
thalassocrat,archipelago,42,63,0,0,0,0,0,0,0
thalassocrat,archipelago,42,64,0,0,0,0,0,0,0
thalassocrat,archipelago,42,65,0,0,0,0,0,0,0
thalassocrat,archipelago,42,66,0,0,0,0,0,0,0
thalassocrat,archipelago,42,67,0,0,0,0,0,0,0
thalassocrat,archipelago,42,68,0,0,0,0,0,0,0
thalassocrat,archipelago,42,69,0,0,0,0,0,0,0
thalassocrat,archipelago,42,70,0,0,0,0,0,0,0
thalassocrat,archipelago,42,71,0,0,0,0,0,0,0
thalassocrat,archipelago,42,72,0,0,0,0,0,0,0
thalassocrat,archipelago,42,73,0,0,0,0,0,0,0
thalassocrat,archipelago,42,74,0,0,0,0,0,0,0
thalassocrat,archipelago,42,75,0,0,0,0,0,0,0
thalassocrat,archipelago,42,76,0,0,0,0,0,0,0
thalassocrat,archipelago,42,77,0,0,0,0,0,0,0
thalassocrat,archipelago,42,78,0,0,0,0,0,0,0
thalassocrat,archipelago,42,79,0,0,0,0,0,0,0
thalassocrat,archipelago,42,80,0,0,0,0,0,0,0
thalassocrat,archipelago,42,81,0,0,0,0,0,0,0
thalassocrat,archipelago,42,82,0,0,0,0,0,0,0
thalassocrat,archipelago,42,83,0,0,0,0,0,0,0
thalassocrat,archipelago,42,84,0,0,0,0,0,0,0
thalassocrat,archipelago,42,85,0,0,0,0,0,0,0
thalassocrat,archipelago,42,86,0,0,0,0,0,0,0
thalassocrat,archipelago,42,87,0,0,0,0,0,0,0
thalassocrat,archipelago,42,88,0,0,0,0,0,0,0
thalassocrat,archipelago,42,89,0,0,0,0,0,0,0
thalassocrat,archipelago,42,90,0,0,0,0,0,0,0
thalassocrat,archipelago,42,91,0,0,0,0,0,0,0
thalassocrat,archipelago,42,92,0,0,0,0,0,0,0
thalassocrat,archipelago,42,93,0,0,0,0,0,0,0
thalassocrat,archipelago,42,94,0,0,0,0,0,0,0
thalassocrat,archipelago,42,95,0,0,0,0,0,0,0
thalassocrat,archipelago,42,96,0,0,0,0,0,0,0
thalassocrat,archipelago,42,97,0,0,0,0,0,0,0
thalassocrat,archipelago,42,98,0,0,0,0,0,0,0
thalassocrat,archipelago,42,99,0,0,0,0,0,0,0
thalassocrat,archipelago,42,100,0,0,0,0,0,0,0
slaver,archipelago,7,1,105,2,2,0,0,0,14
slaver,archipelago,7,2,110,2,2,0,0,0,14
slaver,archipelago,7,3,100,2,2,0,0,0,26
slaver,archipelago,7,4,57,2,2,0,0,0,26
slaver,archipelago,7,5,22,1,1,0,0,0,26
slaver,archipelago,7,6,18,1,1,0,0,0,26
slaver,archipelago,7,7,14,1,1,0,0,0,26
slaver,archipelago,7,8,10,1,1,0,0,0,26
slaver,archipelago,7,9,6,1,1,0,0,0,26
slaver,archipelago,7,10,2,1,1,0,0,0,26
slaver,archipelago,7,11,0,0,0,0,0,0,26
slaver,archipelago,7,12,0,0,0,0,0,0,26
slaver,archipelago,7,13,0,0,0,0,0,0,26
slaver,archipelago,7,14,0,0,0,0,0,0,26
slaver,archipelago,7,15,0,0,0,0,0,0,26
slaver,archipelago,7,16,0,0,0,0,0,0,26
slaver,archipelago,7,17,0,0,0,0,0,0,26
slaver,archipelago,7,18,0,0,0,0,0,0,26
slaver,archipelago,7,19,0,0,0,0,0,0,26
slaver,archipelago,7,20,0,0,0,0,0,0,26
slaver,archipelago,7,21,0,0,0,0,0,0,26
slaver,archipelago,7,22,4,0,0,0,0,0,26
slaver,archipelago,7,23,0,0,0,0,0,0,26
slaver,archipelago,7,24,0,0,0,0,0,0,26
slaver,archipelago,7,25,0,0,0,0,0,0,26
slaver,archipelago,7,26,0,0,0,0,0,0,26
slaver,archipelago,7,27,0,0,0,0,0,0,26
slaver,archipelago,7,28,0,0,0,0,0,0,26
slaver,archipelago,7,29,0,0,0,0,0,0,26
slaver,archipelago,7,30,0,0,0,0,0,0,26
slaver,archipelago,7,31,0,0,0,0,0,0,26
slaver,archipelago,7,32,0,0,0,0,0,0,26
slaver,archipelago,7,33,63,1,1,0,0,0,26
slaver,archipelago,7,34,135,2,2,0,0,0,36
slaver,archipelago,7,35,206,2,2,0,0,0,45
slaver,archipelago,7,36,306,2,2,0,0,0,45
slaver,archipelago,7,37,406,2,2,0,0,0,45
slaver,archipelago,7,38,456,2,2,0,0,0,45
slaver,archipelago,7,39,481,2,2,0,0,0,45
slaver,archipelago,7,40,466,2,2,0,0,0,45
slaver,archipelago,7,41,313,2,2,0,0,0,45
slaver,archipelago,7,42,306,2,2,0,0,0,45
slaver,archipelago,7,43,294,2,2,0,0,0,45
slaver,archipelago,7,44,334,2,2,0,0,0,45
slaver,archipelago,7,45,359,2,2,0,0,0,45
slaver,archipelago,7,46,409,2,2,0,0,0,45
slaver,archipelago,7,47,484,2,2,0,0,0,45
slaver,archipelago,7,48,559,2,2,0,0,0,45
slaver,archipelago,7,49,584,2,2,0,0,0,45
slaver,archipelago,7,50,609,2,2,0,0,0,45
slaver,archipelago,7,51,634,2,2,0,0,0,45
slaver,archipelago,7,52,659,2,2,0,0,0,45
slaver,archipelago,7,53,659,2,2,0,0,0,45
slaver,archipelago,7,54,684,2,2,0,0,0,45
slaver,archipelago,7,55,684,2,2,0,0,0,45
slaver,archipelago,7,56,759,2,2,0,0,0,45
slaver,archipelago,7,57,834,2,2,0,0,0,45
slaver,archipelago,7,58,859,2,2,0,0,0,45
slaver,archipelago,7,59,859,2,2,0,0,0,45
slaver,archipelago,7,60,859,2,2,0,0,0,45
slaver,archipelago,7,61,859,2,2,0,0,0,45
slaver,archipelago,7,62,909,2,2,0,0,0,45
slaver,archipelago,7,63,959,2,2,0,0,0,45
slaver,archipelago,7,64,1009,2,2,0,0,0,45
slaver,archipelago,7,65,1109,2,2,0,0,0,45
slaver,archipelago,7,66,1154,2,2,0,0,0,45
slaver,archipelago,7,67,1174,2,2,0,0,0,45
slaver,archipelago,7,68,1174,2,2,0,0,0,45
slaver,archipelago,7,69,1174,2,2,0,0,0,45
slaver,archipelago,7,70,1174,2,2,0,0,0,45
slaver,archipelago,7,71,1174,2,2,0,0,0,45
slaver,archipelago,7,72,1174,2,2,0,0,0,45
slaver,archipelago,7,73,1214,2,2,0,0,0,45
slaver,archipelago,7,74,1214,2,2,0,0,0,45
slaver,archipelago,7,75,1254,2,2,0,0,0,45
slaver,archipelago,7,76,1246,2,2,0,0,0,45
slaver,archipelago,7,77,1091,2,2,0,0,0,45
slaver,archipelago,7,78,1103,2,2,0,0,0,45
slaver,archipelago,7,79,1123,2,2,0,0,0,45
slaver,archipelago,7,80,1183,2,2,0,0,0,45
slaver,archipelago,7,81,1223,2,2,0,0,0,45
slaver,archipelago,7,82,1263,2,2,0,0,0,45
slaver,archipelago,7,83,1263,2,2,0,0,0,45
slaver,archipelago,7,84,1323,2,2,0,0,0,45
slaver,archipelago,7,85,1280,2,2,0,0,0,45
slaver,archipelago,7,86,1021,2,2,0,0,0,45
slaver,archipelago,7,87,761,2,2,0,0,0,45
slaver,archipelago,7,88,586,2,2,0,0,0,45
slaver,archipelago,7,89,586,2,2,0,0,0,45
slaver,archipelago,7,90,531,2,2,0,0,0,45
slaver,archipelago,7,91,484,2,2,0,0,0,45
slaver,archipelago,7,92,471,2,2,0,0,0,45
slaver,archipelago,7,93,521,2,2,0,0,0,45
slaver,archipelago,7,94,546,2,2,0,0,0,45
slaver,archipelago,7,95,571,2,2,0,0,0,45
slaver,archipelago,7,96,646,2,2,0,0,0,45
slaver,archipelago,7,97,646,2,2,0,0,0,45
slaver,archipelago,7,98,671,2,2,0,0,0,45
slaver,archipelago,7,99,671,2,2,0,0,0,45
slaver,archipelago,7,100,671,2,2,0,0,0,45
slaver,archipelago,19,1,127,2,2,0,0,0,20
slaver,archipelago,19,2,210,2,2,0,0,0,20
slaver,archipelago,19,3,310,2,2,0,0,0,20
slaver,archipelago,19,4,310,2,2,0,0,0,20
slaver,archipelago,19,5,280,2,2,0,0,0,20
slaver,archipelago,19,6,61,2,2,0,0,0,20
slaver,archipelago,19,7,26,1,1,0,0,0,20
slaver,archipelago,19,8,7,0,0,0,0,0,20
slaver,archipelago,19,9,5,0,0,0,0,0,20
slaver,archipelago,19,10,5,0,0,0,0,0,20
slaver,archipelago,19,11,0,0,0,0,0,0,20
slaver,archipelago,19,12,0,0,0,0,0,0,20
slaver,archipelago,19,13,50,0,0,0,0,0,20
slaver,archipelago,19,14,46,0,0,0,0,0,20
slaver,archipelago,19,15,41,0,0,0,0,0,20
slaver,archipelago,19,16,36,0,0,0,0,0,20
slaver,archipelago,19,17,35,0,0,0,0,0,20
slaver,archipelago,19,18,4,0,0,0,0,0,20
slaver,archipelago,19,19,4,0,0,0,0,0,20
slaver,archipelago,19,20,0,0,0,0,0,0,20
slaver,archipelago,19,21,0,0,0,0,0,0,20
slaver,archipelago,19,22,25,0,0,0,0,0,20
slaver,archipelago,19,23,3,0,0,0,0,0,20
slaver,archipelago,19,24,3,0,0,0,0,0,20
slaver,archipelago,19,25,3,0,0,0,0,0,20
slaver,archipelago,42,1,120,2,2,0,0,0,0
slaver,archipelago,42,2,189,2,2,0,0,0,32
slaver,archipelago,42,3,289,2,2,0,0,0,32
slaver,archipelago,42,4,389,2,2,0,0,0,32
slaver,archipelago,42,5,383,2,2,0,0,0,32
slaver,archipelago,42,6,354,2,2,0,0,0,32
slaver,archipelago,42,7,276,2,2,0,0,0,32
slaver,archipelago,42,8,276,2,2,0,0,0,32
slaver,archipelago,42,9,263,2,2,0,0,0,32
slaver,archipelago,42,10,237,2,2,0,0,0,32
slaver,archipelago,42,11,197,2,2,0,0,0,32
slaver,archipelago,42,12,93,2,2,0,0,0,32
slaver,archipelago,42,13,24,1,1,0,0,0,32
slaver,archipelago,42,14,33,0,0,0,0,0,32
slaver,archipelago,42,15,28,0,0,0,0,0,32
slaver,archipelago,42,16,20,0,0,0,0,0,32
slaver,archipelago,42,17,13,0,0,0,0,0,32
slaver,archipelago,42,18,9,0,0,0,0,0,32
slaver,archipelago,42,19,5,0,0,0,0,0,32
slaver,archipelago,42,20,54,0,0,0,0,0,32
slaver,archipelago,42,21,54,0,0,0,0,0,32
slaver,archipelago,42,22,47,0,0,0,0,0,32
slaver,archipelago,42,23,37,0,0,0,0,0,32
slaver,archipelago,42,24,84,1,1,0,0,0,44
slaver,archipelago,42,25,131,2,2,0,0,0,56
slaver,archipelago,42,26,131,2,2,0,0,0,56
slaver,archipelago,42,27,131,2,2,0,0,0,56
slaver,archipelago,42,28,181,2,2,0,0,0,56
slaver,archipelago,42,29,181,2,2,0,0,0,56
slaver,archipelago,42,30,281,2,2,0,0,0,56
slaver,archipelago,42,31,356,2,2,0,0,0,56
slaver,archipelago,42,32,356,2,2,0,0,0,56
slaver,archipelago,42,33,356,2,2,0,0,0,56
slaver,archipelago,42,34,356,2,2,0,0,0,56
slaver,archipelago,42,35,356,2,2,0,0,0,56
slaver,archipelago,42,36,356,2,2,0,0,0,56
slaver,archipelago,42,37,356,2,2,0,0,0,56
slaver,archipelago,42,38,406,2,2,0,0,0,56
slaver,archipelago,42,39,456,2,2,0,0,0,56
slaver,archipelago,42,40,456,2,2,0,0,0,56
slaver,archipelago,42,41,456,2,2,0,0,0,56
slaver,archipelago,42,42,441,2,2,0,0,0,56
slaver,archipelago,42,43,419,2,2,0,0,0,56
slaver,archipelago,42,44,419,2,2,0,0,0,56
slaver,archipelago,42,45,419,2,2,0,0,0,56
slaver,archipelago,42,46,419,2,2,0,0,0,56
slaver,archipelago,42,47,494,2,2,0,0,0,56
slaver,archipelago,42,48,594,2,2,0,0,0,56
slaver,archipelago,42,49,594,2,2,0,0,0,56
slaver,archipelago,42,50,619,2,2,0,0,0,56
slaver,archipelago,42,51,669,2,2,0,0,0,56
slaver,archipelago,42,52,694,2,2,0,0,0,56
slaver,archipelago,42,53,744,2,2,0,0,0,56
slaver,archipelago,42,54,794,2,2,0,0,0,56
slaver,archipelago,42,55,844,2,2,0,0,0,56
slaver,archipelago,42,56,894,2,2,0,0,0,56
slaver,archipelago,42,57,994,2,2,0,0,0,56
slaver,archipelago,42,58,1019,2,2,0,0,0,56
slaver,archipelago,42,59,1069,2,2,0,0,0,56
slaver,archipelago,42,60,1144,2,2,0,0,0,56
slaver,archipelago,42,61,1244,2,2,0,0,0,56
slaver,archipelago,42,62,1294,2,2,0,0,0,56
slaver,archipelago,42,63,1344,2,2,0,0,0,56
slaver,archipelago,42,64,1369,2,2,0,0,0,56
slaver,archipelago,42,65,1419,2,2,0,0,0,56
slaver,archipelago,42,66,1494,2,2,0,0,0,56
slaver,archipelago,42,67,1594,2,2,0,0,0,56
slaver,archipelago,42,68,1619,2,2,0,0,0,56
slaver,archipelago,42,69,1669,2,2,0,0,0,56
slaver,archipelago,42,70,1669,2,2,0,0,0,56
slaver,archipelago,42,71,1719,2,2,0,0,0,56
slaver,archipelago,42,72,1739,2,2,0,0,0,56
slaver,archipelago,42,73,1739,2,2,0,0,0,56
slaver,archipelago,42,74,1739,2,2,0,0,0,56
slaver,archipelago,42,75,1739,2,2,0,0,0,56
slaver,archipelago,42,76,1739,2,2,0,0,0,56
slaver,archipelago,42,77,1739,2,2,0,0,0,56
slaver,archipelago,42,78,1759,2,2,0,0,0,56
slaver,archipelago,42,79,1759,2,2,0,0,0,56
slaver,archipelago,42,80,1779,2,2,0,0,0,56
slaver,archipelago,42,81,1799,2,2,0,0,0,56
slaver,archipelago,42,82,1859,2,2,0,0,0,56
slaver,archipelago,42,83,1665,2,2,0,0,0,56
slaver,archipelago,42,84,1118,2,2,0,0,0,56
slaver,archipelago,42,85,929,2,2,0,0,0,56
slaver,archipelago,42,86,909,2,2,0,0,0,56
slaver,archipelago,42,87,969,2,2,0,0,0,56
slaver,archipelago,42,88,798,2,2,0,0,0,56
slaver,archipelago,42,89,580,2,2,0,0,0,56
slaver,archipelago,42,90,427,2,2,0,0,0,56
slaver,archipelago,42,91,392,2,2,0,0,0,56
slaver,archipelago,42,92,369,2,2,0,0,0,56
slaver,archipelago,42,93,328,2,2,0,0,0,56
slaver,archipelago,42,94,340,2,2,0,0,0,56
slaver,archipelago,42,95,340,2,2,0,0,0,56
slaver,archipelago,42,96,340,2,2,0,0,0,56
slaver,archipelago,42,97,415,2,2,0,0,0,56
slaver,archipelago,42,98,515,2,2,0,0,0,56
slaver,archipelago,42,99,590,2,2,0,0,0,56
slaver,archipelago,42,100,640,2,2,0,0,0,56
techlord,archipelago,7,1,4,0,0,0,0,0,0
techlord,archipelago,7,2,0,0,0,0,0,0,0
techlord,archipelago,7,3,0,0,0,0,0,0,0
techlord,archipelago,7,4,0,0,0,0,0,0,0
techlord,archipelago,7,5,0,0,0,0,0,0,0
techlord,archipelago,7,6,0,0,0,0,0,0,0
techlord,archipelago,7,7,0,0,0,0,0,0,0
techlord,archipelago,7,8,0,0,0,0,0,0,0
techlord,archipelago,7,9,0,0,0,0,0,0,0
techlord,archipelago,7,10,0,0,0,0,0,0,0
techlord,archipelago,7,11,0,0,0,0,0,0,0
techlord,archipelago,7,12,0,0,0,0,0,0,0
techlord,archipelago,7,13,0,0,0,0,0,0,0
techlord,archipelago,7,14,0,0,0,0,0,0,0
techlord,archipelago,7,15,0,0,0,0,0,0,0
techlord,archipelago,7,16,0,0,0,0,0,0,0
techlord,archipelago,7,17,0,0,0,0,0,0,0
techlord,archipelago,7,18,0,0,0,0,0,0,0
techlord,archipelago,7,19,0,0,0,0,0,0,0
techlord,archipelago,7,20,0,0,0,0,0,0,0
techlord,archipelago,7,21,0,0,0,0,0,0,0
techlord,archipelago,7,22,0,0,0,0,0,0,0
techlord,archipelago,7,23,0,0,0,0,0,0,0
techlord,archipelago,7,24,0,0,0,0,0,0,0
techlord,archipelago,7,25,0,0,0,0,0,0,0
techlord,archipelago,7,26,0,0,0,0,0,0,0
techlord,archipelago,7,27,0,0,0,0,0,0,0
techlord,archipelago,7,28,0,0,0,0,0,0,0
techlord,archipelago,7,29,0,0,0,0,0,0,0
techlord,archipelago,7,30,0,0,0,0,0,0,0
techlord,archipelago,7,31,0,0,0,0,0,0,0
techlord,archipelago,7,32,0,0,0,0,0,0,0
techlord,archipelago,7,33,0,0,0,0,0,0,0
techlord,archipelago,7,34,0,0,0,0,0,0,0
techlord,archipelago,7,35,0,0,0,0,0,0,0
techlord,archipelago,7,36,0,0,0,0,0,0,0
techlord,archipelago,7,37,0,0,0,0,0,0,0
techlord,archipelago,7,38,0,0,0,0,0,0,0
techlord,archipelago,7,39,0,0,0,0,0,0,0
techlord,archipelago,7,40,0,0,0,0,0,0,0
techlord,archipelago,7,41,0,0,0,0,0,0,0
techlord,archipelago,7,42,0,0,0,0,0,0,0
techlord,archipelago,7,43,0,0,0,0,0,0,0
techlord,archipelago,7,44,0,0,0,0,0,0,0
techlord,archipelago,7,45,0,0,0,0,0,0,0
techlord,archipelago,7,46,0,0,0,0,0,0,0
techlord,archipelago,7,47,0,0,0,0,0,0,0
techlord,archipelago,7,48,0,0,0,0,0,0,0
techlord,archipelago,7,49,0,0,0,0,0,0,0
techlord,archipelago,7,50,0,0,0,0,0,0,0
techlord,archipelago,7,51,0,0,0,0,0,0,0
techlord,archipelago,7,52,0,0,0,0,0,0,0
techlord,archipelago,7,53,0,0,0,0,0,0,0
techlord,archipelago,7,54,0,0,0,0,0,0,0
techlord,archipelago,7,55,0,0,0,0,0,0,0
techlord,archipelago,7,56,0,0,0,0,0,0,0
techlord,archipelago,7,57,0,0,0,0,0,0,0
techlord,archipelago,7,58,0,0,0,0,0,0,0
techlord,archipelago,7,59,0,0,0,0,0,0,0
techlord,archipelago,7,60,0,0,0,0,0,0,0
techlord,archipelago,7,61,0,0,0,0,0,0,0
techlord,archipelago,7,62,0,0,0,0,0,0,0
techlord,archipelago,7,63,0,0,0,0,0,0,0
techlord,archipelago,7,64,0,0,0,0,0,0,0
techlord,archipelago,7,65,0,0,0,0,0,0,0
techlord,archipelago,7,66,0,0,0,0,0,0,0
techlord,archipelago,7,67,0,0,0,0,0,0,0
techlord,archipelago,7,68,0,0,0,0,0,0,0
techlord,archipelago,7,69,0,0,0,0,0,0,0
techlord,archipelago,7,70,0,0,0,0,0,0,0
techlord,archipelago,7,71,0,0,0,0,0,0,0
techlord,archipelago,7,72,0,0,0,0,0,0,0
techlord,archipelago,7,73,0,0,0,0,0,0,0
techlord,archipelago,7,74,0,0,0,0,0,0,0
techlord,archipelago,7,75,0,0,0,0,0,0,0
techlord,archipelago,7,76,0,0,0,0,0,0,0
techlord,archipelago,7,77,0,0,0,0,0,0,0
techlord,archipelago,7,78,0,0,0,0,0,0,0
techlord,archipelago,7,79,0,0,0,0,0,0,0
techlord,archipelago,7,80,0,0,0,0,0,0,0
techlord,archipelago,7,81,0,0,0,0,0,0,0
techlord,archipelago,7,82,0,0,0,0,0,0,0
techlord,archipelago,7,83,0,0,0,0,0,0,0
techlord,archipelago,7,84,0,0,0,0,0,0,0
techlord,archipelago,7,85,0,0,0,0,0,0,0
techlord,archipelago,7,86,0,0,0,0,0,0,0
techlord,archipelago,7,87,0,0,0,0,0,0,0
techlord,archipelago,7,88,0,0,0,0,0,0,0
techlord,archipelago,7,89,0,0,0,0,0,0,0
techlord,archipelago,7,90,0,0,0,0,0,0,0
techlord,archipelago,7,91,0,0,0,0,0,0,0
techlord,archipelago,7,92,0,0,0,0,0,0,0
techlord,archipelago,7,93,0,0,0,0,0,0,0
techlord,archipelago,7,94,0,0,0,0,0,0,0
techlord,archipelago,7,95,0,0,0,0,0,0,0
techlord,archipelago,7,96,0,0,0,0,0,0,0
techlord,archipelago,7,97,0,0,0,0,0,0,0
techlord,archipelago,7,98,0,0,0,0,0,0,0
techlord,archipelago,7,99,0,0,0,0,0,0,0
techlord,archipelago,7,100,0,0,0,0,0,0,0
techlord,archipelago,19,1,32,0,0,0,0,0,0
techlord,archipelago,19,2,32,0,0,0,0,0,0
techlord,archipelago,19,3,32,0,0,0,0,0,0
techlord,archipelago,19,4,32,0,0,0,0,0,0
techlord,archipelago,19,5,32,0,0,0,0,0,0
techlord,archipelago,19,6,3,0,0,0,0,0,0
techlord,archipelago,19,7,3,0,0,0,0,0,0
techlord,archipelago,19,8,3,0,0,0,0,0,0
techlord,archipelago,19,9,3,0,0,0,0,0,0
techlord,archipelago,19,10,0,0,0,0,0,0,0
techlord,archipelago,19,11,0,0,0,0,0,0,0
techlord,archipelago,19,12,0,0,0,0,0,0,0
techlord,archipelago,19,13,0,0,0,0,0,0,0
techlord,archipelago,19,14,0,0,0,0,0,0,0
techlord,archipelago,19,15,0,0,0,0,0,0,0
techlord,archipelago,19,16,0,0,0,0,0,0,0
techlord,archipelago,19,17,0,0,0,0,0,0,0
techlord,archipelago,19,18,0,0,0,0,0,0,0
techlord,archipelago,19,19,0,0,0,0,0,0,0
techlord,archipelago,19,20,0,0,0,0,0,0,0
techlord,archipelago,19,21,0,0,0,0,0,0,0
techlord,archipelago,19,22,0,0,0,0,0,0,0
techlord,archipelago,19,23,0,0,0,0,0,0,0
techlord,archipelago,19,24,0,0,0,0,0,0,0
techlord,archipelago,19,25,0,0,0,0,0,0,0
techlord,archipelago,19,26,0,0,0,0,0,0,0
techlord,archipelago,19,27,0,0,0,0,0,0,0
techlord,archipelago,19,28,0,0,0,0,0,0,0
techlord,archipelago,19,29,0,0,0,0,0,0,0
techlord,archipelago,19,30,0,0,0,0,0,0,0
techlord,archipelago,19,31,0,0,0,0,0,0,0
techlord,archipelago,19,32,0,0,0,0,0,0,0
techlord,archipelago,42,1,33,0,0,0,0,0,0
techlord,archipelago,42,2,33,0,0,0,0,0,0
techlord,archipelago,42,3,33,0,0,0,0,0,0
techlord,archipelago,42,4,3,0,0,0,0,0,0
techlord,archipelago,42,5,3,0,0,0,0,0,0
techlord,archipelago,42,6,0,0,0,0,0,0,0
techlord,archipelago,42,7,0,0,0,0,0,0,0
techlord,archipelago,42,8,0,0,0,0,0,0,0
techlord,archipelago,42,9,0,0,0,0,0,0,0
techlord,archipelago,42,10,0,0,0,0,0,0,0
techlord,archipelago,42,11,0,0,0,0,0,0,0
techlord,archipelago,42,12,0,0,0,0,0,0,0
techlord,archipelago,42,13,0,0,0,0,0,0,0
techlord,archipelago,42,14,0,0,0,0,0,0,0
techlord,archipelago,42,15,0,0,0,0,0,0,0
techlord,archipelago,42,16,0,0,0,0,0,0,0
techlord,archipelago,42,17,0,0,0,0,0,0,0
techlord,archipelago,42,18,0,0,0,0,0,0,0
techlord,archipelago,42,19,0,0,0,0,0,0,0
techlord,archipelago,42,20,0,0,0,0,0,0,0
techlord,archipelago,42,21,0,0,0,0,0,0,0
techlord,archipelago,42,22,0,0,0,0,0,0,0
techlord,archipelago,42,23,0,0,0,0,0,0,0
techlord,archipelago,42,24,0,0,0,0,0,0,0
techlord,archipelago,42,25,0,0,0,0,0,0,0
techlord,archipelago,42,26,0,0,0,0,0,0,0
techlord,archipelago,42,27,0,0,0,0,0,0,0
techlord,archipelago,42,28,0,0,0,0,0,0,0
techlord,archipelago,42,29,0,0,0,0,0,0,0
techlord,archipelago,42,30,0,0,0,0,0,0,0
techlord,archipelago,42,31,0,0,0,0,0,0,0
techlord,archipelago,42,32,0,0,0,0,0,0,0
techlord,archipelago,42,33,0,0,0,0,0,0,0
techlord,archipelago,42,34,0,0,0,0,0,0,0
techlord,archipelago,42,35,0,0,0,0,0,0,0
techlord,archipelago,42,36,0,0,0,0,0,0,0
techlord,archipelago,42,37,0,0,0,0,0,0,0
techlord,archipelago,42,38,0,0,0,0,0,0,0
techlord,archipelago,42,39,0,0,0,0,0,0,0
techlord,archipelago,42,40,0,0,0,0,0,0,0
techlord,archipelago,42,41,0,0,0,0,0,0,0
techlord,archipelago,42,42,0,0,0,0,0,0,0
techlord,archipelago,42,43,0,0,0,0,0,0,0
techlord,archipelago,42,44,0,0,0,0,0,0,0
techlord,archipelago,42,45,0,0,0,0,0,0,0
techlord,archipelago,42,46,0,0,0,0,0,0,0
techlord,archipelago,42,47,0,0,0,0,0,0,0
techlord,archipelago,42,48,0,0,0,0,0,0,0
techlord,archipelago,42,49,0,0,0,0,0,0,0
techlord,archipelago,42,50,0,0,0,0,0,0,0
techlord,archipelago,42,51,0,0,0,0,0,0,0
survivor,archipelago,7,1,4,0,0,0,0,0,0
survivor,archipelago,7,2,0,0,0,0,0,0,0
survivor,archipelago,7,3,0,0,0,0,0,0,0
survivor,archipelago,7,4,0,0,0,0,0,0,0
survivor,archipelago,7,5,0,0,0,0,0,0,0
survivor,archipelago,7,6,0,0,0,0,0,0,0
survivor,archipelago,7,7,0,0,0,0,0,0,0
survivor,archipelago,7,8,0,0,0,0,0,0,0
survivor,archipelago,7,9,0,0,0,0,0,0,0
survivor,archipelago,7,10,0,0,0,0,0,0,0
survivor,archipelago,7,11,0,0,0,0,0,0,0
survivor,archipelago,7,12,0,0,0,0,0,0,0
survivor,archipelago,7,13,0,0,0,0,0,0,0
survivor,archipelago,7,14,0,0,0,0,0,0,0
survivor,archipelago,7,15,0,0,0,0,0,0,0
survivor,archipelago,7,16,0,0,0,0,0,0,0
survivor,archipelago,7,17,0,0,0,0,0,0,0
survivor,archipelago,7,18,0,0,0,0,0,0,0
survivor,archipelago,7,19,0,0,0,0,0,0,0
survivor,archipelago,7,20,0,0,0,0,0,0,0
survivor,archipelago,7,21,0,0,0,0,0,0,0
survivor,archipelago,7,22,0,0,0,0,0,0,0
survivor,archipelago,7,23,0,0,0,0,0,0,0
survivor,archipelago,7,24,0,0,0,0,0,0,0
survivor,archipelago,7,25,0,0,0,0,0,0,0
survivor,archipelago,7,26,0,0,0,0,0,0,0
survivor,archipelago,19,1,32,0,0,0,0,0,0
survivor,archipelago,19,2,32,0,0,0,0,0,0
survivor,archipelago,19,3,32,0,0,0,0,0,0
survivor,archipelago,19,4,32,0,0,0,0,0,0
survivor,archipelago,19,5,32,0,0,0,0,0,0
survivor,archipelago,19,6,3,0,0,0,0,0,0
survivor,archipelago,19,7,3,0,0,0,0,0,0
survivor,archipelago,19,8,3,0,0,0,0,0,0
survivor,archipelago,19,9,3,0,0,0,0,0,0
survivor,archipelago,19,10,0,0,0,0,0,0,0
survivor,archipelago,19,11,0,0,0,0,0,0,0
survivor,archipelago,19,12,0,0,0,0,0,0,0
survivor,archipelago,19,13,0,0,0,0,0,0,0
survivor,archipelago,19,14,0,0,0,0,0,0,0
survivor,archipelago,19,15,0,0,0,0,0,0,0
survivor,archipelago,19,16,0,0,0,0,0,0,0
survivor,archipelago,19,17,0,0,0,0,0,0,0
survivor,archipelago,19,18,0,0,0,0,0,0,0
survivor,archipelago,19,19,0,0,0,0,0,0,0
survivor,archipelago,19,20,0,0,0,0,0,0,0
survivor,archipelago,19,21,0,0,0,0,0,0,0
survivor,archipelago,19,22,0,0,0,0,0,0,0
survivor,archipelago,19,23,0,0,0,0,0,0,0
survivor,archipelago,19,24,0,0,0,0,0,0,0
survivor,archipelago,19,25,0,0,0,0,0,0,0
survivor,archipelago,19,26,0,0,0,0,0,0,0
survivor,archipelago,19,27,0,0,0,0,0,0,0
survivor,archipelago,19,28,0,0,0,0,0,0,0
survivor,archipelago,19,29,0,0,0,0,0,0,0
survivor,archipelago,19,30,0,0,0,0,0,0,0
survivor,archipelago,19,31,0,0,0,0,0,0,0
survivor,archipelago,19,32,0,0,0,0,0,0,0
survivor,archipelago,42,1,33,0,0,0,0,0,0
survivor,archipelago,42,2,33,0,0,0,0,0,0
survivor,archipelago,42,3,33,0,0,0,0,0,0
survivor,archipelago,42,4,3,0,0,0,0,0,0
survivor,archipelago,42,5,3,0,0,0,0,0,0
survivor,archipelago,42,6,0,0,0,0,0,0,0
survivor,archipelago,42,7,0,0,0,0,0,0,0
survivor,archipelago,42,8,0,0,0,0,0,0,0
survivor,archipelago,42,9,0,0,0,0,0,0,0
survivor,archipelago,42,10,0,0,0,0,0,0,0
survivor,archipelago,42,11,0,0,0,0,0,0,0
survivor,archipelago,42,12,0,0,0,0,0,0,0
survivor,archipelago,42,13,0,0,0,0,0,0,0
survivor,archipelago,42,14,0,0,0,0,0,0,0
survivor,archipelago,42,15,0,0,0,0,0,0,0
survivor,archipelago,42,16,0,0,0,0,0,0,0
survivor,archipelago,42,17,0,0,0,0,0,0,0
survivor,archipelago,42,18,0,0,0,0,0,0,0
survivor,archipelago,42,19,0,0,0,0,0,0,0
survivor,archipelago,42,20,0,0,0,0,0,0,0
survivor,archipelago,42,21,0,0,0,0,0,0,0
survivor,archipelago,42,22,0,0,0,0,0,0,0
survivor,archipelago,42,23,0,0,0,0,0,0,0
survivor,archipelago,42,24,0,0,0,0,0,0,0
survivor,archipelago,42,25,0,0,0,0,0,0,0
survivor,archipelago,42,26,0,0,0,0,0,0,0
survivor,archipelago,42,27,0,0,0,0,0,0,0
survivor,archipelago,42,28,0,0,0,0,0,0,0
survivor,archipelago,42,29,0,0,0,0,0,0,0
survivor,archipelago,42,30,0,0,0,0,0,0,0
survivor,archipelago,42,31,0,0,0,0,0,0,0
survivor,archipelago,42,32,0,0,0,0,0,0,0
survivor,archipelago,42,33,0,0,0,0,0,0,0
survivor,archipelago,42,34,0,0,0,0,0,0,0
survivor,archipelago,42,35,0,0,0,0,0,0,0
survivor,archipelago,42,36,0,0,0,0,0,0,0
survivor,archipelago,42,37,0,0,0,0,0,0,0
survivor,archipelago,42,38,0,0,0,0,0,0,0
survivor,archipelago,42,39,0,0,0,0,0,0,0
survivor,archipelago,42,40,0,0,0,0,0,0,0
survivor,archipelago,42,41,0,0,0,0,0,0,0
survivor,archipelago,42,42,0,0,0,0,0,0,0
survivor,archipelago,42,43,0,0,0,0,0,0,0
survivor,archipelago,42,44,0,0,0,0,0,0,0
survivor,archipelago,42,45,0,0,0,0,0,0,0
survivor,archipelago,42,46,0,0,0,0,0,0,0
survivor,archipelago,42,47,0,0,0,0,0,0,0
survivor,archipelago,42,48,0,0,0,0,0,0,0
survivor,archipelago,42,49,0,0,0,0,0,0,0
survivor,archipelago,42,50,0,0,0,0,0,0,0
survivor,archipelago,42,51,0,0,0,0,0,0,0
survivor,archipelago,42,52,0,0,0,0,0,0,0
survivor,archipelago,42,53,0,0,0,0,0,0,0
survivor,archipelago,42,54,0,0,0,0,0,0,0
survivor,archipelago,42,55,0,0,0,0,0,0,0
survivor,archipelago,42,56,0,0,0,0,0,0,0
survivor,archipelago,42,57,0,0,0,0,0,0,0
survivor,archipelago,42,58,0,0,0,0,0,0,0
survivor,archipelago,42,59,0,0,0,0,0,0,0
survivor,archipelago,42,60,0,0,0,0,0,0,0
survivor,archipelago,42,61,0,0,0,0,0,0,0
survivor,archipelago,42,62,0,0,0,0,0,0,0
survivor,archipelago,42,63,0,0,0,0,0,0,0
survivor,archipelago,42,64,0,0,0,0,0,0,0
survivor,archipelago,42,65,0,0,0,0,0,0,0
survivor,archipelago,42,66,0,0,0,0,0,0,0
survivor,archipelago,42,67,0,0,0,0,0,0,0
survivor,archipelago,42,68,0,0,0,0,0,0,0
survivor,archipelago,42,69,0,0,0,0,0,0,0
survivor,archipelago,42,70,0,0,0,0,0,0,0
survivor,archipelago,42,71,0,0,0,0,0,0,0
survivor,archipelago,42,72,0,0,0,0,0,0,0
survivor,archipelago,42,73,0,0,0,0,0,0,0
survivor,archipelago,42,74,0,0,0,0,0,0,0
survivor,archipelago,42,75,0,0,0,0,0,0,0
survivor,archipelago,42,76,0,0,0,0,0,0,0
survivor,archipelago,42,77,0,0,0,0,0,0,0
survivor,archipelago,42,78,40,0,0,0,0,0,0
survivor,archipelago,42,79,40,0,0,0,0,0,0
survivor,archipelago,42,80,40,0,0,0,0,0,0
survivor,archipelago,42,81,40,0,0,0,0,0,0
survivor,archipelago,42,82,40,0,0,0,0,0,0
survivor,archipelago,42,83,40,0,0,0,0,0,0
survivor,archipelago,42,84,40,0,0,0,0,0,0
survivor,archipelago,42,85,40,0,0,0,0,0,0
survivor,archipelago,42,86,40,0,0,0,0,0,0
survivor,archipelago,42,87,40,0,0,0,0,0,0
survivor,archipelago,42,88,40,0,0,0,0,0,0
survivor,archipelago,42,89,40,0,0,0,0,0,0
survivor,archipelago,42,90,40,0,0,0,0,0,0
survivor,archipelago,42,91,40,0,0,0,0,0,0
survivor,archipelago,42,92,40,0,0,0,0,0,0
survivor,archipelago,42,93,60,0,0,0,0,0,0
survivor,archipelago,42,94,60,0,0,0,0,0,0
survivor,archipelago,42,95,60,0,0,0,0,0,0
survivor,archipelago,42,96,60,0,0,0,0,0,0
survivor,archipelago,42,97,60,0,0,0,0,0,0
survivor,archipelago,42,98,60,0,0,0,0,0,0
survivor,archipelago,42,99,60,0,0,0,0,0,0
survivor,archipelago,42,100,60,0,0,0,0,0,0
passive,pangaea,7,1,3,0,0,0,0,0,0
passive,pangaea,7,2,0,0,0,0,0,0,0
passive,pangaea,7,3,0,0,0,0,0,0,0
passive,pangaea,7,4,0,0,0,0,0,0,0
passive,pangaea,7,5,0,0,0,0,0,0,0
passive,pangaea,7,6,0,0,0,0,0,0,0
passive,pangaea,7,7,0,0,0,0,0,0,0
passive,pangaea,7,8,0,0,0,0,0,0,0
passive,pangaea,7,9,0,0,0,0,0,0,0
passive,pangaea,7,10,0,0,0,0,0,0,0
passive,pangaea,7,11,0,0,0,0,0,0,0
passive,pangaea,7,12,0,0,0,0,0,0,0
passive,pangaea,7,13,0,0,0,0,0,0,0
passive,pangaea,7,14,0,0,0,0,0,0,0
passive,pangaea,7,15,0,0,0,0,0,0,0
passive,pangaea,7,16,0,0,0,0,0,0,0
passive,pangaea,7,17,0,0,0,0,0,0,0
passive,pangaea,7,18,0,0,0,0,0,0,0
passive,pangaea,7,19,0,0,0,0,0,0,0
passive,pangaea,7,20,0,0,0,0,0,0,0
passive,pangaea,7,21,0,0,0,0,0,0,0
passive,pangaea,7,22,0,0,0,0,0,0,0
passive,pangaea,7,23,0,0,0,0,0,0,0
passive,pangaea,7,24,0,0,0,0,0,0,0
passive,pangaea,7,25,0,0,0,0,0,0,0
passive,pangaea,7,26,0,0,0,0,0,0,0
passive,pangaea,7,27,0,0,0,0,0,0,0
passive,pangaea,7,28,0,0,0,0,0,0,0
passive,pangaea,7,29,0,0,0,0,0,0,0
passive,pangaea,7,30,0,0,0,0,0,0,0
passive,pangaea,7,31,0,0,0,0,0,0,0
passive,pangaea,7,32,0,0,0,0,0,0,0
passive,pangaea,7,33,0,0,0,0,0,0,0
passive,pangaea,7,34,0,0,0,0,0,0,0
passive,pangaea,7,35,0,0,0,0,0,0,0
passive,pangaea,7,36,0,0,0,0,0,0,0
passive,pangaea,7,37,0,0,0,0,0,0,0
passive,pangaea,7,38,0,0,0,0,0,0,0
passive,pangaea,7,39,0,0,0,0,0,0,0
passive,pangaea,7,40,0,0,0,0,0,0,0
passive,pangaea,7,41,0,0,0,0,0,0,0
passive,pangaea,7,42,0,0,0,0,0,0,0
passive,pangaea,7,43,0,0,0,0,0,0,0
passive,pangaea,7,44,0,0,0,0,0,0,0
passive,pangaea,7,45,0,0,0,0,0,0,0
passive,pangaea,7,46,0,0,0,0,0,0,0
passive,pangaea,7,47,0,0,0,0,0,0,0
passive,pangaea,7,48,0,0,0,0,0,0,0
passive,pangaea,7,49,0,0,0,0,0,0,0
passive,pangaea,7,50,0,0,0,0,0,0,0
passive,pangaea,7,51,0,0,0,0,0,0,0
passive,pangaea,7,52,0,0,0,0,0,0,0
passive,pangaea,7,53,0,0,0,0,0,0,0
passive,pangaea,7,54,0,0,0,0,0,0,0
passive,pangaea,7,55,0,0,0,0,0,0,0
passive,pangaea,7,56,0,0,0,0,0,0,0
passive,pangaea,7,57,0,0,0,0,0,0,0
passive,pangaea,7,58,0,0,0,0,0,0,0
passive,pangaea,7,59,0,0,0,0,0,0,0
passive,pangaea,7,60,0,0,0,0,0,0,0
passive,pangaea,7,61,0,0,0,0,0,0,0
passive,pangaea,7,62,0,0,0,0,0,0,0
passive,pangaea,7,63,0,0,0,0,0,0,0
passive,pangaea,7,64,0,0,0,0,0,0,0
passive,pangaea,7,65,0,0,0,0,0,0,0
passive,pangaea,7,66,0,0,0,0,0,0,0
passive,pangaea,7,67,0,0,0,0,0,0,0
passive,pangaea,7,68,0,0,0,0,0,0,0
passive,pangaea,7,69,0,0,0,0,0,0,0
passive,pangaea,7,70,0,0,0,0,0,0,0
passive,pangaea,7,71,0,0,0,0,0,0,0
passive,pangaea,7,72,0,0,0,0,0,0,0
passive,pangaea,7,73,0,0,0,0,0,0,0
passive,pangaea,7,74,0,0,0,0,0,0,0
passive,pangaea,7,75,0,0,0,0,0,0,0
passive,pangaea,7,76,0,0,0,0,0,0,0
passive,pangaea,7,77,0,0,0,0,0,0,0
passive,pangaea,7,78,0,0,0,0,0,0,0
passive,pangaea,7,79,0,0,0,0,0,0,0
passive,pangaea,7,80,0,0,0,0,0,0,0
passive,pangaea,7,81,0,0,0,0,0,0,0
passive,pangaea,7,82,0,0,0,0,0,0,0
passive,pangaea,7,83,0,0,0,0,0,0,0
passive,pangaea,7,84,0,0,0,0,0,0,0
passive,pangaea,7,85,0,0,0,0,0,0,0
passive,pangaea,7,86,0,0,0,0,0,0,0
passive,pangaea,7,87,0,0,0,0,0,0,0
passive,pangaea,7,88,0,0,0,0,0,0,0
passive,pangaea,7,89,0,0,0,0,0,0,0
passive,pangaea,7,90,0,0,0,0,0,0,0
passive,pangaea,7,91,0,0,0,0,0,0,0
passive,pangaea,7,92,0,0,0,0,0,0,0
passive,pangaea,7,93,0,0,0,0,0,0,0
passive,pangaea,7,94,0,0,0,0,0,0,0
passive,pangaea,7,95,0,0,0,0,0,0,0
passive,pangaea,7,96,0,0,0,0,0,0,0
passive,pangaea,7,97,0,0,0,0,0,0,0
passive,pangaea,7,98,0,0,0,0,0,0,0
passive,pangaea,7,99,0,0,0,0,0,0,0
passive,pangaea,7,100,0,0,0,0,0,0,0
passive,pangaea,19,1,28,0,0,0,0,0,0
passive,pangaea,19,2,28,0,0,0,0,0,0
passive,pangaea,19,3,28,0,0,0,0,0,0
passive,pangaea,19,4,28,0,0,0,0,0,0
passive,pangaea,19,5,28,0,0,0,0,0,0
passive,pangaea,19,6,28,0,0,0,0,0,0
passive,pangaea,19,7,28,0,0,0,0,0,0
passive,pangaea,19,8,26,0,0,0,0,0,0
passive,pangaea,19,9,20,0,0,0,0,0,0
passive,pangaea,19,10,19,0,0,0,0,0,0
passive,pangaea,19,11,19,0,0,0,0,0,0
passive,pangaea,19,12,19,0,0,0,0,0,0
passive,pangaea,19,13,19,0,0,0,0,0,0
passive,pangaea,19,14,19,0,0,0,0,0,0
passive,pangaea,19,15,19,0,0,0,0,0,0
passive,pangaea,19,16,19,0,0,0,0,0,0
passive,pangaea,19,17,19,0,0,0,0,0,0
passive,pangaea,19,18,19,0,0,0,0,0,0
passive,pangaea,19,19,19,0,0,0,0,0,0
passive,pangaea,19,20,19,0,0,0,0,0,0
passive,pangaea,19,21,19,0,0,0,0,0,0
passive,pangaea,19,22,19,0,0,0,0,0,0
passive,pangaea,19,23,19,0,0,0,0,0,0
passive,pangaea,19,24,19,0,0,0,0,0,0
passive,pangaea,19,25,19,0,0,0,0,0,0
passive,pangaea,19,26,19,0,0,0,0,0,0
passive,pangaea,19,27,19,0,0,0,0,0,0
passive,pangaea,19,28,19,0,0,0,0,0,0
passive,pangaea,19,29,19,0,0,0,0,0,0
passive,pangaea,19,30,19,0,0,0,0,0,0
passive,pangaea,19,31,19,0,0,0,0,0,0
passive,pangaea,19,32,19,0,0,0,0,0,0
passive,pangaea,19,33,19,0,0,0,0,0,0
passive,pangaea,19,34,19,0,0,0,0,0,0
passive,pangaea,19,35,19,0,0,0,0,0,0
passive,pangaea,19,36,19,0,0,0,0,0,0
passive,pangaea,19,37,19,0,0,0,0,0,0
passive,pangaea,19,38,19,0,0,0,0,0,0
passive,pangaea,19,39,19,0,0,0,0,0,0
passive,pangaea,19,40,19,0,0,0,0,0,0
passive,pangaea,19,41,19,0,0,0,0,0,0
passive,pangaea,19,42,19,0,0,0,0,0,0
passive,pangaea,19,43,19,0,0,0,0,0,0
passive,pangaea,19,44,19,0,0,0,0,0,0
passive,pangaea,19,45,19,0,0,0,0,0,0
passive,pangaea,19,46,19,0,0,0,0,0,0
passive,pangaea,19,47,19,0,0,0,0,0,0
passive,pangaea,19,48,19,0,0,0,0,0,0
passive,pangaea,19,49,19,0,0,0,0,0,0
passive,pangaea,19,50,19,0,0,0,0,0,0
passive,pangaea,19,51,19,0,0,0,0,0,0
passive,pangaea,19,52,19,0,0,0,0,0,0
passive,pangaea,19,53,19,0,0,0,0,0,0
passive,pangaea,19,54,19,0,0,0,0,0,0
passive,pangaea,19,55,19,0,0,0,0,0,0
passive,pangaea,19,56,19,0,0,0,0,0,0
passive,pangaea,19,57,19,0,0,0,0,0,0
passive,pangaea,19,58,19,0,0,0,0,0,0
passive,pangaea,19,59,19,0,0,0,0,0,0
passive,pangaea,19,60,19,0,0,0,0,0,0
passive,pangaea,19,61,19,0,0,0,0,0,0
passive,pangaea,19,62,19,0,0,0,0,0,0
passive,pangaea,19,63,19,0,0,0,0,0,0
passive,pangaea,19,64,19,0,0,0,0,0,0
passive,pangaea,19,65,19,0,0,0,0,0,0
passive,pangaea,19,66,19,0,0,0,0,0,0
passive,pangaea,19,67,19,0,0,0,0,0,0
passive,pangaea,19,68,19,0,0,0,0,0,0
passive,pangaea,19,69,19,0,0,0,0,0,0
passive,pangaea,19,70,19,0,0,0,0,0,0
passive,pangaea,19,71,19,0,0,0,0,0,0
passive,pangaea,19,72,19,0,0,0,0,0,0
passive,pangaea,19,73,19,0,0,0,0,0,0
passive,pangaea,19,74,19,0,0,0,0,0,0
passive,pangaea,19,75,19,0,0,0,0,0,0
passive,pangaea,19,76,19,0,0,0,0,0,0
passive,pangaea,19,77,19,0,0,0,0,0,0
passive,pangaea,19,78,19,0,0,0,0,0,0
passive,pangaea,19,79,19,0,0,0,0,0,0
passive,pangaea,19,80,19,0,0,0,0,0,0
passive,pangaea,19,81,19,0,0,0,0,0,0
passive,pangaea,19,82,19,0,0,0,0,0,0
passive,pangaea,19,83,19,0,0,0,0,0,0
passive,pangaea,19,84,19,0,0,0,0,0,0
passive,pangaea,19,85,19,0,0,0,0,0,0
passive,pangaea,19,86,19,0,0,0,0,0,0
passive,pangaea,19,87,19,0,0,0,0,0,0
passive,pangaea,19,88,19,0,0,0,0,0,0
passive,pangaea,19,89,19,0,0,0,0,0,0
passive,pangaea,19,90,19,0,0,0,0,0,0
passive,pangaea,19,91,19,0,0,0,0,0,0
passive,pangaea,19,92,19,0,0,0,0,0,0
passive,pangaea,19,93,19,0,0,0,0,0,0
passive,pangaea,19,94,19,0,0,0,0,0,0
passive,pangaea,19,95,19,0,0,0,0,0,0
passive,pangaea,19,96,19,0,0,0,0,0,0
passive,pangaea,19,97,19,0,0,0,0,0,0
passive,pangaea,19,98,19,0,0,0,0,0,0
passive,pangaea,19,99,19,0,0,0,0,0,0
passive,pangaea,19,100,19,0,0,0,0,0,0
passive,pangaea,42,1,3,0,0,0,0,0,0
passive,pangaea,42,2,0,0,0,0,0,0,0
passive,pangaea,42,3,0,0,0,0,0,0,0
passive,pangaea,42,4,0,0,0,0,0,0,0
passive,pangaea,42,5,0,0,0,0,0,0,0
passive,pangaea,42,6,0,0,0,0,0,0,0
passive,pangaea,42,7,0,0,0,0,0,0,0
passive,pangaea,42,8,0,0,0,0,0,0,0
passive,pangaea,42,9,0,0,0,0,0,0,0
passive,pangaea,42,10,0,0,0,0,0,0,0
passive,pangaea,42,11,0,0,0,0,0,0,0
passive,pangaea,42,12,0,0,0,0,0,0,0
passive,pangaea,42,13,0,0,0,0,0,0,0
passive,pangaea,42,14,0,0,0,0,0,0,0
passive,pangaea,42,15,0,0,0,0,0,0,0
passive,pangaea,42,16,0,0,0,0,0,0,0
passive,pangaea,42,17,0,0,0,0,0,0,0
passive,pangaea,42,18,0,0,0,0,0,0,0
passive,pangaea,42,19,0,0,0,0,0,0,0
passive,pangaea,42,20,0,0,0,0,0,0,0
passive,pangaea,42,21,0,0,0,0,0,0,0
passive,pangaea,42,22,0,0,0,0,0,0,0
passive,pangaea,42,23,0,0,0,0,0,0,0
passive,pangaea,42,24,0,0,0,0,0,0,0
passive,pangaea,42,25,0,0,0,0,0,0,0
passive,pangaea,42,26,0,0,0,0,0,0,0
conquest,pangaea,7,1,63,1,1,0,0,0,0
conquest,pangaea,7,2,53,1,1,0,0,0,24
conquest,pangaea,7,3,53,1,1,0,0,0,24
conquest,pangaea,7,4,1,1,1,0,0,0,24
conquest,pangaea,7,5,0,0,0,0,0,0,24
conquest,pangaea,7,6,0,0,0,0,0,0,24
conquest,pangaea,7,7,0,0,0,0,0,0,24
conquest,pangaea,7,8,0,0,0,0,0,0,24
conquest,pangaea,7,9,0,0,0,0,0,0,24
conquest,pangaea,7,10,40,0,0,0,0,0,24
conquest,pangaea,7,11,77,1,1,0,0,0,27
conquest,pangaea,7,12,77,1,1,0,0,0,27
conquest,pangaea,7,13,77,1,1,0,0,0,27
conquest,pangaea,7,14,75,1,1,0,0,0,27
conquest,pangaea,7,15,71,1,1,0,0,0,27
conquest,pangaea,7,16,68,1,1,0,0,0,27
conquest,pangaea,7,17,67,1,1,0,0,0,27
conquest,pangaea,7,18,66,1,1,0,0,0,27
conquest,pangaea,7,19,66,1,1,0,0,0,27
conquest,pangaea,7,20,66,1,1,0,0,0,27
conquest,pangaea,7,21,66,1,1,0,0,0,27
conquest,pangaea,7,22,144,2,2,0,0,0,27
conquest,pangaea,7,23,109,2,2,1,0,1,27
conquest,pangaea,7,24,70,1,1,0,1,1,27
conquest,pangaea,7,25,70,1,1,0,1,1,27
conquest,pangaea,7,26,70,1,1,0,1,1,27
conquest,pangaea,7,27,70,1,1,0,1,1,27
conquest,pangaea,7,28,70,1,1,0,1,1,27
conquest,pangaea,7,29,30,1,1,0,1,1,27
conquest,pangaea,7,30,2,1,1,0,1,1,27
conquest,pangaea,7,31,1,0,0,0,1,1,27
conquest,pangaea,7,32,0,0,0,0,1,1,27
conquest,pangaea,7,33,40,0,0,0,1,1,27
conquest,pangaea,7,34,120,1,1,1,1,1,27
conquest,pangaea,7,35,236,1,1,0,2,1,27
conquest,pangaea,7,36,391,2,2,1,2,1,47
conquest,pangaea,7,37,551,2,2,0,3,1,47
conquest,pangaea,7,38,630,2,2,1,3,1,47
conquest,pangaea,7,39,524,2,2,0,4,1,77
conquest,pangaea,7,40,640,2,2,0,4,1,77
conquest,pangaea,7,41,758,2,2,0,4,1,77
conquest,pangaea,7,42,876,2,2,0,4,1,77
conquest,pangaea,7,43,916,2,2,0,4,1,77
conquest,pangaea,7,44,925,2,2,0,4,1,77
conquest,pangaea,7,45,1054,2,2,0,4,1,77
conquest,pangaea,7,46,787,2,2,0,4,1,77
conquest,pangaea,7,47,860,2,2,0,4,1,77
conquest,pangaea,7,48,888,2,2,0,4,1,105
conquest,pangaea,7,49,1037,2,2,0,4,1,105
conquest,pangaea,7,50,1117,2,2,0,4,1,105
conquest,pangaea,7,51,1197,2,2,0,4,1,105
conquest,pangaea,7,52,1170,2,2,0,4,1,105
conquest,pangaea,7,53,1012,2,2,0,4,1,105
conquest,pangaea,7,54,848,2,2,0,4,1,131
conquest,pangaea,7,55,839,2,2,0,4,1,131
conquest,pangaea,7,56,675,2,2,0,4,1,131
conquest,pangaea,7,57,633,2,2,0,4,1,131
conquest,pangaea,7,58,789,2,2,0,4,1,131
conquest,pangaea,7,59,949,2,2,0,4,1,131
conquest,pangaea,7,60,1109,2,2,0,4,1,131
conquest,pangaea,7,61,1237,2,2,0,4,1,131
conquest,pangaea,7,62,1317,2,2,0,4,1,131
conquest,pangaea,7,63,1437,2,2,0,4,1,131
conquest,pangaea,7,64,1517,2,2,0,4,1,131
conquest,pangaea,7,65,1637,2,2,0,4,1,131
conquest,pangaea,7,66,1797,2,2,0,4,1,131
conquest,pangaea,7,67,1879,2,2,0,4,1,131
conquest,pangaea,7,68,1959,2,2,0,4,1,131
conquest,pangaea,7,69,2079,2,2,0,4,1,131
conquest,pangaea,7,70,2239,2,2,0,4,1,131
conquest,pangaea,7,71,2399,2,2,0,4,1,131
conquest,pangaea,7,72,2294,2,2,0,4,1,131
conquest,pangaea,7,73,2454,2,2,0,4,1,131
conquest,pangaea,7,74,2449,2,2,0,4,1,131
conquest,pangaea,7,75,2609,2,2,0,4,1,131
conquest,pangaea,7,76,2769,2,2,0,4,1,131
conquest,pangaea,7,77,2482,2,2,0,4,1,131
conquest,pangaea,7,78,2562,2,2,0,4,1,131
conquest,pangaea,7,79,2722,2,2,0,4,1,131
conquest,pangaea,7,80,2882,2,2,0,4,1,131
conquest,pangaea,7,81,3042,2,2,0,4,1,131
conquest,pangaea,7,82,2742,2,2,0,4,1,131
conquest,pangaea,7,83,2862,2,2,0,4,1,131
conquest,pangaea,7,84,3022,2,2,0,4,1,131
conquest,pangaea,7,85,2956,2,2,0,4,1,131
conquest,pangaea,7,86,2736,2,2,0,4,1,131
conquest,pangaea,7,87,2540,2,2,0,4,1,131
conquest,pangaea,7,88,2400,2,2,0,4,1,131
conquest,pangaea,7,89,2560,2,2,0,4,1,131
conquest,pangaea,7,90,2720,2,2,0,4,1,131
conquest,pangaea,7,91,2880,2,2,0,4,1,131
conquest,pangaea,7,92,3040,2,2,0,4,1,131
conquest,pangaea,7,93,3200,2,2,0,4,1,131
conquest,pangaea,7,94,3360,2,2,0,4,1,131
conquest,pangaea,7,95,3520,2,2,0,4,1,131
conquest,pangaea,7,96,3680,2,2,0,4,1,131
conquest,pangaea,7,97,3840,2,2,0,4,1,131
conquest,pangaea,7,98,4000,2,2,0,4,1,131
conquest,pangaea,7,99,4160,2,2,0,4,1,131
conquest,pangaea,7,100,4320,2,2,0,4,1,131
conquest,pangaea,19,1,108,1,1,0,0,0,0
conquest,pangaea,19,2,101,1,1,0,0,0,14
conquest,pangaea,19,3,96,1,1,0,0,0,14
conquest,pangaea,19,4,87,1,1,0,0,0,14
conquest,pangaea,19,5,77,1,1,0,0,0,14
conquest,pangaea,19,6,70,1,1,0,0,0,14
conquest,pangaea,19,7,66,1,1,0,0,0,14
conquest,pangaea,19,8,63,1,1,0,0,0,14
conquest,pangaea,19,9,62,1,1,0,0,0,14
conquest,pangaea,19,10,142,2,2,0,0,0,14
conquest,pangaea,19,11,139,2,2,0,0,0,40
conquest,pangaea,19,12,179,2,2,0,0,0,40
conquest,pangaea,19,13,299,2,2,0,0,0,40
conquest,pangaea,19,14,262,2,2,0,0,0,40
conquest,pangaea,19,15,224,2,2,0,0,0,40
conquest,pangaea,19,16,196,2,2,0,0,0,40
conquest,pangaea,19,17,173,2,2,0,0,0,40
conquest,pangaea,19,18,156,2,2,0,0,0,40
conquest,pangaea,19,19,146,2,2,0,0,0,40
conquest,pangaea,19,20,139,2,2,0,0,0,40
conquest,pangaea,19,21,134,2,2,0,0,0,40
conquest,pangaea,19,22,173,2,2,0,0,0,40
conquest,pangaea,19,23,166,2,2,0,0,0,40
conquest,pangaea,42,1,33,1,1,0,0,0,18
conquest,pangaea,42,2,2,1,1,0,0,0,18
conquest,pangaea,42,3,0,0,0,0,0,0,18
conquest,pangaea,42,4,0,0,0,0,0,0,18
conquest,pangaea,42,5,0,0,0,0,0,0,18
conquest,pangaea,42,6,0,0,0,0,0,0,18
conquest,pangaea,42,7,0,0,0,0,0,0,18
conquest,pangaea,42,8,0,0,0,0,0,0,18
conquest,pangaea,42,9,0,0,0,0,0,0,18
conquest,pangaea,42,10,0,0,0,0,0,0,18
conquest,pangaea,42,11,0,0,0,0,0,0,18
conquest,pangaea,42,12,0,0,0,0,0,0,18
conquest,pangaea,42,13,0,0,0,0,0,0,18
conquest,pangaea,42,14,3,0,0,0,0,0,18
conquest,pangaea,42,15,0,0,0,0,0,0,18
conquest,pangaea,42,16,0,0,0,0,0,0,18
conquest,pangaea,42,17,0,0,0,0,0,0,18
conquest,pangaea,42,18,0,0,0,0,0,0,18
conquest,pangaea,42,19,0,0,0,0,0,0,18
conquest,pangaea,42,20,80,1,1,0,0,0,18
conquest,pangaea,42,21,115,1,1,0,0,0,29
conquest,pangaea,42,22,3,1,1,0,0,0,29
conquest,pangaea,42,23,0,0,0,0,0,0,29
conquest,pangaea,42,24,0,0,0,0,0,0,29
conquest,pangaea,42,25,0,0,0,0,0,0,29
conquest,pangaea,42,26,0,0,0,0,0,0,29
conquest,pangaea,42,27,0,0,0,0,0,0,29
conquest,pangaea,42,28,0,0,0,0,0,0,29
conquest,pangaea,42,29,0,0,0,0,0,0,29
conquest,pangaea,42,30,17,0,0,0,0,0,29
faith,pangaea,7,1,3,0,0,0,0,0,0
faith,pangaea,7,2,0,0,0,0,0,0,0
faith,pangaea,7,3,0,0,0,0,0,0,0
faith,pangaea,7,4,0,0,0,0,0,0,0
faith,pangaea,7,5,0,0,0,0,0,0,0
faith,pangaea,7,6,0,0,0,0,0,0,0
faith,pangaea,7,7,0,0,0,0,0,0,0
faith,pangaea,7,8,0,0,0,0,0,0,0
faith,pangaea,7,9,0,0,0,0,0,0,0
faith,pangaea,7,10,0,0,0,0,0,0,0
faith,pangaea,7,11,0,0,0,0,0,0,0
faith,pangaea,7,12,0,0,0,0,0,0,0
faith,pangaea,7,13,0,0,0,0,0,0,0
faith,pangaea,7,14,0,0,0,0,0,0,0
faith,pangaea,7,15,0,0,0,0,0,0,0
faith,pangaea,7,16,0,0,0,0,0,0,0
faith,pangaea,7,17,0,0,0,0,0,0,0
faith,pangaea,7,18,0,0,0,0,0,0,0
faith,pangaea,19,1,26,0,0,0,0,0,0
faith,pangaea,19,2,22,0,0,0,0,0,0
faith,pangaea,19,3,18,0,0,0,0,0,0
faith,pangaea,19,4,14,0,0,0,0,0,0
faith,pangaea,19,5,11,0,0,0,0,0,0
faith,pangaea,19,6,8,0,0,0,0,0,0
faith,pangaea,19,7,6,0,0,0,0,0,0
faith,pangaea,19,8,6,0,0,0,0,0,0
faith,pangaea,19,9,6,0,0,0,0,0,0
faith,pangaea,19,10,6,0,0,0,0,0,0
faith,pangaea,19,11,6,0,0,0,0,0,0
faith,pangaea,19,12,6,0,0,0,0,0,0
faith,pangaea,19,13,6,0,0,0,0,0,0
faith,pangaea,19,14,6,0,0,0,0,0,0
faith,pangaea,19,15,6,0,0,0,0,0,0
faith,pangaea,19,16,6,0,0,0,0,0,0
faith,pangaea,19,17,6,0,0,0,0,0,0
faith,pangaea,19,18,6,0,0,0,0,0,0
faith,pangaea,19,19,6,0,0,0,0,0,0
faith,pangaea,19,20,6,0,0,0,0,0,0
faith,pangaea,19,21,6,0,0,0,0,0,0
faith,pangaea,19,22,6,0,0,0,0,0,0
faith,pangaea,19,23,6,0,0,0,0,0,0
faith,pangaea,19,24,6,0,0,0,0,0,0
faith,pangaea,19,25,6,0,0,0,0,0,0
faith,pangaea,19,26,6,0,0,0,0,0,0
faith,pangaea,19,27,6,0,0,0,0,0,0
faith,pangaea,19,28,6,0,0,0,0,0,0
faith,pangaea,19,29,6,0,0,0,0,0,0
faith,pangaea,19,30,6,0,0,0,0,0,0
faith,pangaea,19,31,6,0,0,0,0,0,0
faith,pangaea,19,32,6,0,0,0,0,0,0
faith,pangaea,19,33,6,0,0,0,0,0,0
faith,pangaea,19,34,6,0,0,0,0,0,0
faith,pangaea,42,1,3,0,0,0,0,0,0
faith,pangaea,42,2,0,0,0,0,0,0,0
faith,pangaea,42,3,0,0,0,0,0,0,0
faith,pangaea,42,4,0,0,0,0,0,0,0
faith,pangaea,42,5,0,0,0,0,0,0,0
faith,pangaea,42,6,0,0,0,0,0,0,0
faith,pangaea,42,7,0,0,0,0,0,0,0
faith,pangaea,42,8,0,0,0,0,0,0,0
faith,pangaea,42,9,0,0,0,0,0,0,0
faith,pangaea,42,10,0,0,0,0,0,0,0
faith,pangaea,42,11,0,0,0,0,0,0,0
faith,pangaea,42,12,0,0,0,0,0,0,0
faith,pangaea,42,13,0,0,0,0,0,0,0
faith,pangaea,42,14,0,0,0,0,0,0,0
faith,pangaea,42,15,0,0,0,0,0,0,0
faith,pangaea,42,16,0,0,0,0,0,0,0
faith,pangaea,42,17,0,0,0,0,0,0,0
faith,pangaea,42,18,0,0,0,0,0,0,0
faith,pangaea,42,19,0,0,0,0,0,0,0
faith,pangaea,42,20,0,0,0,0,0,0,0
faith,pangaea,42,21,0,0,0,0,0,0,0
merchant,pangaea,7,1,3,0,0,0,0,0,0
merchant,pangaea,7,2,0,0,0,0,0,0,0
merchant,pangaea,7,3,0,0,0,0,0,0,0
merchant,pangaea,7,4,0,0,0,0,0,0,0
merchant,pangaea,7,5,0,0,0,0,0,0,0
merchant,pangaea,7,6,0,0,0,0,0,0,0
merchant,pangaea,7,7,0,0,0,0,0,0,0
merchant,pangaea,7,8,0,0,0,0,0,0,0
merchant,pangaea,7,9,0,0,0,0,0,0,0
merchant,pangaea,7,10,0,0,0,0,0,0,0
merchant,pangaea,7,11,0,0,0,0,0,0,0
merchant,pangaea,7,12,0,0,0,0,0,0,0
merchant,pangaea,7,13,0,0,0,0,0,0,0
merchant,pangaea,7,14,0,0,0,0,0,0,0
merchant,pangaea,7,15,0,0,0,0,0,0,0
merchant,pangaea,7,16,0,0,0,0,0,0,0
merchant,pangaea,7,17,0,0,0,0,0,0,0
merchant,pangaea,7,18,0,0,0,0,0,0,0
merchant,pangaea,7,19,0,0,0,0,0,0,0
merchant,pangaea,7,20,0,0,0,0,0,0,0
merchant,pangaea,7,21,0,0,0,0,0,0,0
merchant,pangaea,7,22,0,0,0,0,0,0,0
merchant,pangaea,7,23,0,0,0,0,0,0,0
merchant,pangaea,7,24,0,0,0,0,0,0,0
merchant,pangaea,7,25,0,0,0,0,0,0,0
merchant,pangaea,7,26,0,0,0,0,0,0,0
merchant,pangaea,7,27,0,0,0,0,0,0,0
merchant,pangaea,7,28,0,0,0,0,0,0,0
merchant,pangaea,7,29,0,0,0,0,0,0,0
merchant,pangaea,7,30,0,0,0,0,0,0,0
merchant,pangaea,7,31,0,0,0,0,0,0,0
merchant,pangaea,7,32,0,0,0,0,0,0,0
merchant,pangaea,7,33,0,0,0,0,0,0,0
merchant,pangaea,7,34,0,0,0,0,0,0,0
merchant,pangaea,7,35,0,0,0,0,0,0,0
merchant,pangaea,7,36,0,0,0,0,0,0,0
merchant,pangaea,7,37,0,0,0,0,0,0,0
merchant,pangaea,7,38,0,0,0,0,0,0,0
merchant,pangaea,7,39,0,0,0,0,0,0,0
merchant,pangaea,7,40,0,0,0,0,0,0,0
merchant,pangaea,7,41,0,0,0,0,0,0,0
merchant,pangaea,7,42,0,0,0,0,0,0,0
merchant,pangaea,7,43,0,0,0,0,0,0,0
merchant,pangaea,7,44,0,0,0,0,0,0,0
merchant,pangaea,7,45,0,0,0,0,0,0,0
merchant,pangaea,7,46,0,0,0,0,0,0,0
merchant,pangaea,7,47,0,0,0,0,0,0,0
merchant,pangaea,7,48,0,0,0,0,0,0,0
merchant,pangaea,7,49,0,0,0,0,0,0,0
merchant,pangaea,7,50,0,0,0,0,0,0,0
merchant,pangaea,7,51,0,0,0,0,0,0,0
merchant,pangaea,7,52,0,0,0,0,0,0,0
merchant,pangaea,7,53,0,0,0,0,0,0,0
merchant,pangaea,7,54,0,0,0,0,0,0,0
merchant,pangaea,7,55,0,0,0,0,0,0,0
merchant,pangaea,7,56,0,0,0,0,0,0,0
merchant,pangaea,7,57,0,0,0,0,0,0,0
merchant,pangaea,7,58,0,0,0,0,0,0,0
merchant,pangaea,7,59,0,0,0,0,0,0,0
merchant,pangaea,7,60,0,0,0,0,0,0,0
merchant,pangaea,7,61,0,0,0,0,0,0,0
merchant,pangaea,7,62,0,0,0,0,0,0,0
merchant,pangaea,7,63,0,0,0,0,0,0,0
merchant,pangaea,7,64,0,0,0,0,0,0,0
merchant,pangaea,7,65,0,0,0,0,0,0,0
merchant,pangaea,7,66,0,0,0,0,0,0,0
merchant,pangaea,7,67,0,0,0,0,0,0,0
merchant,pangaea,7,68,0,0,0,0,0,0,0
merchant,pangaea,7,69,0,0,0,0,0,0,0
merchant,pangaea,7,70,0,0,0,0,0,0,0
merchant,pangaea,7,71,0,0,0,0,0,0,0
merchant,pangaea,7,72,0,0,0,0,0,0,0
merchant,pangaea,7,73,0,0,0,0,0,0,0
merchant,pangaea,7,74,0,0,0,0,0,0,0
merchant,pangaea,7,75,0,0,0,0,0,0,0
merchant,pangaea,7,76,0,0,0,0,0,0,0
merchant,pangaea,7,77,0,0,0,0,0,0,0
merchant,pangaea,7,78,0,0,0,0,0,0,0
merchant,pangaea,7,79,0,0,0,0,0,0,0
merchant,pangaea,7,80,0,0,0,0,0,0,0
merchant,pangaea,7,81,0,0,0,0,0,0,0
merchant,pangaea,7,82,0,0,0,0,0,0,0
merchant,pangaea,7,83,0,0,0,0,0,0,0
merchant,pangaea,7,84,0,0,0,0,0,0,0
merchant,pangaea,7,85,0,0,0,0,0,0,0
merchant,pangaea,7,86,0,0,0,0,0,0,0
merchant,pangaea,7,87,0,0,0,0,0,0,0
merchant,pangaea,7,88,0,0,0,0,0,0,0
merchant,pangaea,7,89,0,0,0,0,0,0,0
merchant,pangaea,7,90,0,0,0,0,0,0,0
merchant,pangaea,7,91,0,0,0,0,0,0,0
merchant,pangaea,7,92,0,0,0,0,0,0,0
merchant,pangaea,7,93,0,0,0,0,0,0,0
merchant,pangaea,7,94,0,0,0,0,0,0,0
merchant,pangaea,7,95,0,0,0,0,0,0,0
merchant,pangaea,7,96,0,0,0,0,0,0,0
merchant,pangaea,7,97,0,0,0,0,0,0,0
merchant,pangaea,7,98,0,0,0,0,0,0,0
merchant,pangaea,7,99,0,0,0,0,0,0,0
merchant,pangaea,7,100,0,0,0,0,0,0,0
merchant,pangaea,19,1,28,0,0,0,0,0,0
merchant,pangaea,19,2,28,0,0,0,0,0,0
merchant,pangaea,19,3,28,0,0,0,0,0,0
merchant,pangaea,19,4,28,0,0,0,0,0,0
merchant,pangaea,19,5,28,0,0,0,0,0,0
merchant,pangaea,19,6,28,0,0,0,0,0,0
merchant,pangaea,19,7,28,0,0,0,0,0,0
merchant,pangaea,19,8,28,0,0,0,0,0,0
merchant,pangaea,19,9,28,0,0,0,0,0,0
merchant,pangaea,19,10,28,0,0,0,0,0,0
merchant,pangaea,19,11,28,0,0,0,0,0,0
merchant,pangaea,19,12,28,0,0,0,0,0,0
merchant,pangaea,19,13,28,0,0,0,0,0,0
merchant,pangaea,19,14,28,0,0,0,0,0,0
merchant,pangaea,19,15,28,0,0,0,0,0,0
merchant,pangaea,19,16,28,0,0,0,0,0,0
merchant,pangaea,19,17,28,0,0,0,0,0,0
merchant,pangaea,19,18,28,0,0,0,0,0,0
merchant,pangaea,19,19,28,0,0,0,0,0,0
merchant,pangaea,19,20,28,0,0,0,0,0,0
merchant,pangaea,19,21,28,0,0,0,0,0,0
merchant,pangaea,19,22,28,0,0,0,0,0,0
merchant,pangaea,19,23,28,0,0,0,0,0,0
merchant,pangaea,19,24,28,0,0,0,0,0,0
merchant,pangaea,19,25,28,0,0,0,0,0,0
merchant,pangaea,19,26,28,0,0,0,0,0,0
merchant,pangaea,19,27,28,0,0,0,0,0,0
merchant,pangaea,19,28,28,0,0,0,0,0,0
merchant,pangaea,19,29,28,0,0,0,0,0,0
merchant,pangaea,19,30,28,0,0,0,0,0,0
merchant,pangaea,19,31,28,0,0,0,0,0,0
merchant,pangaea,19,32,28,0,0,0,0,0,0
merchant,pangaea,19,33,28,0,0,0,0,0,0
merchant,pangaea,19,34,28,0,0,0,0,0,0
merchant,pangaea,19,35,28,0,0,0,0,0,0
merchant,pangaea,19,36,28,0,0,0,0,0,0
merchant,pangaea,19,37,28,0,0,0,0,0,0
merchant,pangaea,19,38,28,0,0,0,0,0,0
merchant,pangaea,19,39,28,0,0,0,0,0,0
merchant,pangaea,19,40,28,0,0,0,0,0,0
merchant,pangaea,19,41,28,0,0,0,0,0,0
merchant,pangaea,19,42,28,0,0,0,0,0,0
merchant,pangaea,19,43,28,0,0,0,0,0,0
merchant,pangaea,19,44,28,0,0,0,0,0,0
merchant,pangaea,19,45,28,0,0,0,0,0,0
merchant,pangaea,19,46,28,0,0,0,0,0,0
merchant,pangaea,19,47,28,0,0,0,0,0,0
merchant,pangaea,19,48,28,0,0,0,0,0,0
merchant,pangaea,19,49,28,0,0,0,0,0,0
merchant,pangaea,19,50,28,0,0,0,0,0,0
merchant,pangaea,19,51,28,0,0,0,0,0,0
merchant,pangaea,19,52,28,0,0,0,0,0,0
merchant,pangaea,19,53,28,0,0,0,0,0,0
merchant,pangaea,19,54,28,0,0,0,0,0,0
merchant,pangaea,19,55,28,0,0,0,0,0,0
merchant,pangaea,19,56,28,0,0,0,0,0,0
merchant,pangaea,19,57,28,0,0,0,0,0,0
merchant,pangaea,19,58,28,0,0,0,0,0,0
merchant,pangaea,19,59,28,0,0,0,0,0,0
merchant,pangaea,19,60,28,0,0,0,0,0,0
merchant,pangaea,19,61,28,0,0,0,0,0,0
merchant,pangaea,19,62,28,0,0,0,0,0,0
merchant,pangaea,19,63,28,0,0,0,0,0,0
merchant,pangaea,19,64,28,0,0,0,0,0,0
merchant,pangaea,19,65,28,0,0,0,0,0,0
merchant,pangaea,19,66,28,0,0,0,0,0,0
merchant,pangaea,19,67,28,0,0,0,0,0,0
merchant,pangaea,19,68,28,0,0,0,0,0,0
merchant,pangaea,19,69,28,0,0,0,0,0,0
merchant,pangaea,19,70,28,0,0,0,0,0,0
merchant,pangaea,19,71,28,0,0,0,0,0,0
merchant,pangaea,19,72,28,0,0,0,0,0,0
merchant,pangaea,19,73,28,0,0,0,0,0,0
merchant,pangaea,19,74,28,0,0,0,0,0,0
merchant,pangaea,19,75,28,0,0,0,0,0,0
merchant,pangaea,19,76,28,0,0,0,0,0,0
merchant,pangaea,19,77,28,0,0,0,0,0,0
merchant,pangaea,19,78,28,0,0,0,0,0,0
merchant,pangaea,19,79,28,0,0,0,0,0,0
merchant,pangaea,19,80,28,0,0,0,0,0,0
merchant,pangaea,19,81,28,0,0,0,0,0,0
merchant,pangaea,19,82,28,0,0,0,0,0,0
merchant,pangaea,19,83,28,0,0,0,0,0,0
merchant,pangaea,19,84,28,0,0,0,0,0,0
merchant,pangaea,19,85,28,0,0,0,0,0,0
merchant,pangaea,19,86,28,0,0,0,0,0,0
merchant,pangaea,19,87,28,0,0,0,0,0,0
merchant,pangaea,19,88,28,0,0,0,0,0,0
merchant,pangaea,19,89,28,0,0,0,0,0,0
merchant,pangaea,19,90,28,0,0,0,0,0,0
merchant,pangaea,19,91,28,0,0,0,0,0,0
merchant,pangaea,19,92,28,0,0,0,0,0,0
merchant,pangaea,19,93,28,0,0,0,0,0,0
merchant,pangaea,19,94,28,0,0,0,0,0,0
merchant,pangaea,19,95,28,0,0,0,0,0,0
merchant,pangaea,19,96,28,0,0,0,0,0,0
merchant,pangaea,19,97,28,0,0,0,0,0,0
merchant,pangaea,19,98,28,0,0,0,0,0,0
merchant,pangaea,19,99,28,0,0,0,0,0,0
merchant,pangaea,19,100,28,0,0,0,0,0,0
merchant,pangaea,42,1,3,0,0,0,0,0,0
merchant,pangaea,42,2,0,0,0,0,0,0,0
merchant,pangaea,42,3,0,0,0,0,0,0,0
merchant,pangaea,42,4,0,0,0,0,0,0,0
merchant,pangaea,42,5,0,0,0,0,0,0,0
merchant,pangaea,42,6,0,0,0,0,0,0,0
merchant,pangaea,42,7,0,0,0,0,0,0,0
merchant,pangaea,42,8,0,0,0,0,0,0,0
merchant,pangaea,42,9,0,0,0,0,0,0,0
merchant,pangaea,42,10,0,0,0,0,0,0,0
merchant,pangaea,42,11,0,0,0,0,0,0,0
merchant,pangaea,42,12,0,0,0,0,0,0,0
merchant,pangaea,42,13,0,0,0,0,0,0,0
merchant,pangaea,42,14,0,0,0,0,0,0,0
merchant,pangaea,42,15,0,0,0,0,0,0,0
merchant,pangaea,42,16,0,0,0,0,0,0,0
merchant,pangaea,42,17,0,0,0,0,0,0,0
merchant,pangaea,42,18,0,0,0,0,0,0,0
merchant,pangaea,42,19,0,0,0,0,0,0,0
merchant,pangaea,42,20,0,0,0,0,0,0,0
merchant,pangaea,42,21,0,0,0,0,0,0,0
merchant,pangaea,42,22,0,0,0,0,0,0,0
merchant,pangaea,42,23,0,0,0,0,0,0,0
merchant,pangaea,42,24,0,0,0,0,0,0,0
merchant,pangaea,42,25,0,0,0,0,0,0,0
merchant,pangaea,42,26,0,0,0,0,0,0,0
merchant,pangaea,42,27,0,0,0,0,0,0,0
merchant,pangaea,42,28,0,0,0,0,0,0,0
merchant,pangaea,42,29,0,0,0,0,0,0,0
merchant,pangaea,42,30,0,0,0,0,0,0,0
merchant,pangaea,42,31,0,0,0,0,0,0,0
merchant,pangaea,42,32,0,0,0,0,0,0,0
merchant,pangaea,42,33,0,0,0,0,0,0,0
merchant,pangaea,42,34,0,0,0,0,0,0,0
merchant,pangaea,42,35,0,0,0,0,0,0,0
merchant,pangaea,42,36,0,0,0,0,0,0,0
merchant,pangaea,42,37,0,0,0,0,0,0,0
nomad,pangaea,7,1,53,1,1,0,0,0,0
nomad,pangaea,7,2,45,1,1,0,0,0,24
nomad,pangaea,7,3,45,1,1,0,0,0,24
nomad,pangaea,7,4,0,0,0,0,0,0,24
nomad,pangaea,7,5,0,0,0,0,0,0,24
nomad,pangaea,7,6,0,0,0,0,0,0,24
nomad,pangaea,7,7,0,0,0,0,0,0,24
nomad,pangaea,7,8,0,0,0,0,0,0,24
nomad,pangaea,7,9,0,0,0,0,0,0,24
nomad,pangaea,7,10,30,0,0,0,0,0,24
nomad,pangaea,7,11,58,1,1,0,0,0,27
nomad,pangaea,7,12,57,1,1,0,0,0,27
nomad,pangaea,7,13,54,1,1,0,0,0,27
nomad,pangaea,7,14,52,1,1,0,0,0,27
nomad,pangaea,7,15,50,1,1,0,0,0,27
nomad,pangaea,7,16,50,1,1,0,0,0,27
nomad,pangaea,7,17,50,1,1,0,0,0,27
nomad,pangaea,7,18,50,1,1,0,0,0,27
nomad,pangaea,7,19,50,1,1,0,0,0,27
nomad,pangaea,7,20,50,1,1,0,0,0,27
nomad,pangaea,7,21,50,1,1,0,0,0,27
nomad,pangaea,7,22,108,2,2,0,0,0,27
nomad,pangaea,7,23,92,2,2,0,0,0,28
nomad,pangaea,7,24,92,2,2,0,0,0,28
nomad,pangaea,7,25,92,2,2,0,0,0,28
nomad,pangaea,7,26,91,2,2,0,0,0,28
nomad,pangaea,7,27,88,2,2,0,0,0,28
nomad,pangaea,7,28,86,2,2,0,0,0,28
nomad,pangaea,7,29,56,2,2,0,0,0,28
nomad,pangaea,7,30,36,1,1,0,0,0,28
nomad,pangaea,7,31,1,1,1,0,0,0,28
nomad,pangaea,7,32,0,0,0,0,0,0,28
nomad,pangaea,19,1,118,1,1,0,0,0,0
nomad,pangaea,19,2,173,2,2,0,0,0,14
nomad,pangaea,19,3,230,2,2,0,0,0,28
nomad,pangaea,19,4,205,2,2,0,0,0,28
nomad,pangaea,19,5,180,2,2,0,0,0,28
nomad,pangaea,19,6,163,2,2,0,0,0,28
nomad,pangaea,19,7,152,2,2,0,0,0,28
nomad,pangaea,19,8,144,2,2,0,0,0,28
nomad,pangaea,19,9,139,2,2,0,0,0,28
nomad,pangaea,19,10,198,2,2,0,0,0,28
nomad,pangaea,19,11,198,2,2,0,0,0,28
nomad,pangaea,19,12,187,2,2,0,0,0,28
nomad,pangaea,19,13,266,2,2,0,0,0,28
nomad,pangaea,19,14,224,2,2,0,0,0,28
nomad,pangaea,19,15,197,2,2,0,0,0,28
nomad,pangaea,19,16,176,2,2,0,0,0,28
nomad,pangaea,19,17,160,2,2,0,0,0,28
nomad,pangaea,19,18,149,2,2,0,0,0,28
nomad,pangaea,19,19,141,2,2,0,0,0,28
nomad,pangaea,19,20,136,2,2,0,0,0,28
nomad,pangaea,19,21,132,2,2,0,0,0,28
nomad,pangaea,19,22,162,2,2,0,0,0,28
nomad,pangaea,19,23,154,2,2,0,0,0,28
nomad,pangaea,42,1,29,1,1,0,0,0,18
nomad,pangaea,42,2,2,1,1,0,0,0,18
nomad,pangaea,42,3,0,0,0,0,0,0,18
nomad,pangaea,42,4,0,0,0,0,0,0,18
nomad,pangaea,42,5,0,0,0,0,0,0,18
nomad,pangaea,42,6,0,0,0,0,0,0,18
nomad,pangaea,42,7,0,0,0,0,0,0,18
nomad,pangaea,42,8,0,0,0,0,0,0,18
nomad,pangaea,42,9,0,0,0,0,0,0,18
nomad,pangaea,42,10,0,0,0,0,0,0,18
nomad,pangaea,42,11,0,0,0,0,0,0,18
nomad,pangaea,42,12,0,0,0,0,0,0,18
nomad,pangaea,42,13,0,0,0,0,0,0,18
nomad,pangaea,42,14,2,0,0,0,0,0,18
nomad,pangaea,42,15,0,0,0,0,0,0,18
nomad,pangaea,42,16,0,0,0,0,0,0,18
nomad,pangaea,42,17,0,0,0,0,0,0,18
nomad,pangaea,42,18,0,0,0,0,0,0,18
nomad,pangaea,42,19,0,0,0,0,0,0,18
nomad,pangaea,42,20,60,1,1,0,0,0,18
nomad,pangaea,42,21,173,2,2,0,0,0,35
nomad,pangaea,42,22,56,2,2,0,0,0,35
nomad,pangaea,42,23,0,0,0,0,0,0,35
nomad,pangaea,42,24,0,0,0,0,0,0,35
nomad,pangaea,42,25,0,0,0,0,0,0,35
nomad,pangaea,42,26,0,0,0,0,0,0,35
nomad,pangaea,42,27,0,0,0,0,0,0,35
nomad,pangaea,42,28,0,0,0,0,0,0,35
nomad,pangaea,42,29,0,0,0,0,0,0,35
nomad,pangaea,42,30,83,1,1,0,0,0,35
nomad,pangaea,42,31,102,2,2,0,0,0,37
nomad,pangaea,42,32,46,2,2,0,0,0,37
builder,pangaea,7,1,3,0,0,0,0,0,0
builder,pangaea,7,2,0,0,0,0,0,0,0
builder,pangaea,7,3,0,0,0,0,0,0,0
builder,pangaea,7,4,0,0,0,0,0,0,0
builder,pangaea,7,5,0,0,0,0,0,0,0
builder,pangaea,7,6,0,0,0,0,0,0,0
builder,pangaea,7,7,0,0,0,0,0,0,0
builder,pangaea,7,8,0,0,0,0,0,0,0
builder,pangaea,7,9,0,0,0,0,0,0,0
builder,pangaea,7,10,0,0,0,0,0,0,0
builder,pangaea,7,11,0,0,0,0,0,0,0
builder,pangaea,7,12,0,0,0,0,0,0,0
builder,pangaea,7,13,0,0,0,0,0,0,0
builder,pangaea,7,14,0,0,0,0,0,0,0
builder,pangaea,7,15,0,0,0,0,0,0,0
builder,pangaea,7,16,0,0,0,0,0,0,0
builder,pangaea,7,17,0,0,0,0,0,0,0
builder,pangaea,7,18,0,0,0,0,0,0,0
builder,pangaea,7,19,0,0,0,0,0,0,0
builder,pangaea,7,20,0,0,0,0,0,0,0
builder,pangaea,7,21,0,0,0,0,0,0,0
builder,pangaea,7,22,0,0,0,0,0,0,0
builder,pangaea,7,23,0,0,0,0,0,0,0
builder,pangaea,7,24,0,0,0,0,0,0,0
builder,pangaea,7,25,0,0,0,0,0,0,0
builder,pangaea,7,26,0,0,0,0,0,0,0
builder,pangaea,7,27,0,0,0,0,0,0,0
builder,pangaea,7,28,0,0,0,0,0,0,0
builder,pangaea,7,29,0,0,0,0,0,0,0
builder,pangaea,7,30,0,0,0,0,0,0,0
builder,pangaea,7,31,0,0,0,0,0,0,0
builder,pangaea,7,32,0,0,0,0,0,0,0
builder,pangaea,7,33,0,0,0,0,0,0,0
builder,pangaea,7,34,0,0,0,0,0,0,0
builder,pangaea,7,35,0,0,0,0,0,0,0
builder,pangaea,7,36,0,0,0,0,0,0,0
builder,pangaea,7,37,0,0,0,0,0,0,0
builder,pangaea,7,38,0,0,0,0,0,0,0
builder,pangaea,7,39,0,0,0,0,0,0,0
builder,pangaea,7,40,0,0,0,0,0,0,0
builder,pangaea,7,41,0,0,0,0,0,0,0
builder,pangaea,7,42,0,0,0,0,0,0,0
builder,pangaea,7,43,0,0,0,0,0,0,0
builder,pangaea,7,44,0,0,0,0,0,0,0
builder,pangaea,7,45,0,0,0,0,0,0,0
builder,pangaea,7,46,0,0,0,0,0,0,0
builder,pangaea,7,47,0,0,0,0,0,0,0
builder,pangaea,7,48,0,0,0,0,0,0,0
builder,pangaea,7,49,0,0,0,0,0,0,0
builder,pangaea,7,50,0,0,0,0,0,0,0
builder,pangaea,7,51,0,0,0,0,0,0,0
builder,pangaea,7,52,0,0,0,0,0,0,0
builder,pangaea,7,53,0,0,0,0,0,0,0
builder,pangaea,7,54,0,0,0,0,0,0,0
builder,pangaea,7,55,0,0,0,0,0,0,0
builder,pangaea,7,56,0,0,0,0,0,0,0
builder,pangaea,7,57,0,0,0,0,0,0,0
builder,pangaea,7,58,0,0,0,0,0,0,0
builder,pangaea,7,59,0,0,0,0,0,0,0
builder,pangaea,7,60,0,0,0,0,0,0,0
builder,pangaea,7,61,0,0,0,0,0,0,0
builder,pangaea,7,62,0,0,0,0,0,0,0
builder,pangaea,7,63,0,0,0,0,0,0,0
builder,pangaea,7,64,0,0,0,0,0,0,0
builder,pangaea,7,65,0,0,0,0,0,0,0
builder,pangaea,7,66,0,0,0,0,0,0,0
builder,pangaea,7,67,0,0,0,0,0,0,0
builder,pangaea,7,68,0,0,0,0,0,0,0
builder,pangaea,7,69,0,0,0,0,0,0,0
builder,pangaea,7,70,0,0,0,0,0,0,0
builder,pangaea,7,71,0,0,0,0,0,0,0
builder,pangaea,7,72,0,0,0,0,0,0,0
builder,pangaea,7,73,0,0,0,0,0,0,0
builder,pangaea,7,74,0,0,0,0,0,0,0
builder,pangaea,7,75,0,0,0,0,0,0,0
builder,pangaea,7,76,0,0,0,0,0,0,0
builder,pangaea,7,77,0,0,0,0,0,0,0
builder,pangaea,7,78,0,0,0,0,0,0,0
builder,pangaea,7,79,0,0,0,0,0,0,0
builder,pangaea,7,80,0,0,0,0,0,0,0
builder,pangaea,7,81,0,0,0,0,0,0,0
builder,pangaea,7,82,0,0,0,0,0,0,0
builder,pangaea,7,83,0,0,0,0,0,0,0
builder,pangaea,7,84,0,0,0,0,0,0,0
builder,pangaea,7,85,0,0,0,0,0,0,0
builder,pangaea,7,86,0,0,0,0,0,0,0
builder,pangaea,7,87,0,0,0,0,0,0,0
builder,pangaea,7,88,0,0,0,0,0,0,0
builder,pangaea,7,89,0,0,0,0,0,0,0
builder,pangaea,7,90,0,0,0,0,0,0,0
builder,pangaea,7,91,0,0,0,0,0,0,0
builder,pangaea,7,92,0,0,0,0,0,0,0
builder,pangaea,7,93,0,0,0,0,0,0,0
builder,pangaea,7,94,0,0,0,0,0,0,0
builder,pangaea,7,95,0,0,0,0,0,0,0
builder,pangaea,7,96,0,0,0,0,0,0,0
builder,pangaea,7,97,0,0,0,0,0,0,0
builder,pangaea,7,98,0,0,0,0,0,0,0
builder,pangaea,7,99,0,0,0,0,0,0,0
builder,pangaea,7,100,0,0,0,0,0,0,0
builder,pangaea,19,1,28,0,0,0,0,0,0
builder,pangaea,19,2,28,0,0,0,0,0,0
builder,pangaea,19,3,28,0,0,0,0,0,0
builder,pangaea,19,4,28,0,0,0,0,0,0
builder,pangaea,19,5,28,0,0,0,0,0,0
builder,pangaea,19,6,28,0,0,0,0,0,0
builder,pangaea,19,7,28,0,0,0,0,0,0
builder,pangaea,19,8,28,0,0,0,0,0,0
builder,pangaea,19,9,28,0,0,0,0,0,0
builder,pangaea,19,10,28,0,0,0,0,0,0
builder,pangaea,19,11,28,0,0,0,0,0,0
builder,pangaea,19,12,28,0,0,0,0,0,0
builder,pangaea,19,13,28,0,0,0,0,0,0
builder,pangaea,19,14,28,0,0,0,0,0,0
builder,pangaea,19,15,28,0,0,0,0,0,0
builder,pangaea,19,16,28,0,0,0,0,0,0
builder,pangaea,19,17,28,0,0,0,0,0,0
builder,pangaea,19,18,28,0,0,0,0,0,0
builder,pangaea,19,19,28,0,0,0,0,0,0
builder,pangaea,19,20,28,0,0,0,0,0,0
builder,pangaea,19,21,28,0,0,0,0,0,0
builder,pangaea,19,22,28,0,0,0,0,0,0
builder,pangaea,19,23,28,0,0,0,0,0,0
builder,pangaea,19,24,28,0,0,0,0,0,0
builder,pangaea,19,25,28,0,0,0,0,0,0
builder,pangaea,19,26,28,0,0,0,0,0,0
builder,pangaea,19,27,28,0,0,0,0,0,0
builder,pangaea,19,28,28,0,0,0,0,0,0
builder,pangaea,19,29,28,0,0,0,0,0,0
builder,pangaea,19,30,28,0,0,0,0,0,0
builder,pangaea,19,31,28,0,0,0,0,0,0
builder,pangaea,19,32,28,0,0,0,0,0,0
builder,pangaea,19,33,28,0,0,0,0,0,0
builder,pangaea,19,34,28,0,0,0,0,0,0
builder,pangaea,19,35,28,0,0,0,0,0,0
builder,pangaea,19,36,28,0,0,0,0,0,0
builder,pangaea,19,37,28,0,0,0,0,0,0
builder,pangaea,19,38,28,0,0,0,0,0,0
builder,pangaea,19,39,28,0,0,0,0,0,0
builder,pangaea,19,40,28,0,0,0,0,0,0
builder,pangaea,19,41,28,0,0,0,0,0,0
builder,pangaea,19,42,28,0,0,0,0,0,0
builder,pangaea,19,43,28,0,0,0,0,0,0
builder,pangaea,19,44,28,0,0,0,0,0,0
builder,pangaea,19,45,28,0,0,0,0,0,0
builder,pangaea,19,46,28,0,0,0,0,0,0
builder,pangaea,19,47,28,0,0,0,0,0,0
builder,pangaea,19,48,28,0,0,0,0,0,0
builder,pangaea,19,49,28,0,0,0,0,0,0
builder,pangaea,19,50,28,0,0,0,0,0,0
builder,pangaea,19,51,28,0,0,0,0,0,0
builder,pangaea,19,52,28,0,0,0,0,0,0
builder,pangaea,19,53,28,0,0,0,0,0,0
builder,pangaea,19,54,28,0,0,0,0,0,0
builder,pangaea,19,55,28,0,0,0,0,0,0
builder,pangaea,19,56,28,0,0,0,0,0,0
builder,pangaea,19,57,28,0,0,0,0,0,0
builder,pangaea,19,58,28,0,0,0,0,0,0
builder,pangaea,19,59,28,0,0,0,0,0,0
builder,pangaea,19,60,28,0,0,0,0,0,0
builder,pangaea,19,61,28,0,0,0,0,0,0
builder,pangaea,19,62,28,0,0,0,0,0,0
builder,pangaea,19,63,28,0,0,0,0,0,0
builder,pangaea,19,64,28,0,0,0,0,0,0
builder,pangaea,19,65,28,0,0,0,0,0,0
builder,pangaea,19,66,28,0,0,0,0,0,0
builder,pangaea,19,67,28,0,0,0,0,0,0
builder,pangaea,19,68,28,0,0,0,0,0,0
builder,pangaea,19,69,28,0,0,0,0,0,0
builder,pangaea,19,70,28,0,0,0,0,0,0
builder,pangaea,19,71,28,0,0,0,0,0,0
builder,pangaea,19,72,28,0,0,0,0,0,0
builder,pangaea,19,73,28,0,0,0,0,0,0
builder,pangaea,19,74,28,0,0,0,0,0,0
builder,pangaea,19,75,28,0,0,0,0,0,0
builder,pangaea,19,76,28,0,0,0,0,0,0
builder,pangaea,19,77,28,0,0,0,0,0,0
builder,pangaea,19,78,28,0,0,0,0,0,0
builder,pangaea,19,79,28,0,0,0,0,0,0
builder,pangaea,19,80,28,0,0,0,0,0,0
builder,pangaea,19,81,28,0,0,0,0,0,0
builder,pangaea,19,82,28,0,0,0,0,0,0
builder,pangaea,19,83,28,0,0,0,0,0,0
builder,pangaea,19,84,28,0,0,0,0,0,0
builder,pangaea,19,85,28,0,0,0,0,0,0
builder,pangaea,19,86,28,0,0,0,0,0,0
builder,pangaea,19,87,28,0,0,0,0,0,0
builder,pangaea,19,88,28,0,0,0,0,0,0
builder,pangaea,19,89,28,0,0,0,0,0,0
builder,pangaea,19,90,28,0,0,0,0,0,0
builder,pangaea,19,91,28,0,0,0,0,0,0
builder,pangaea,19,92,28,0,0,0,0,0,0
builder,pangaea,19,93,28,0,0,0,0,0,0
builder,pangaea,19,94,28,0,0,0,0,0,0
builder,pangaea,19,95,28,0,0,0,0,0,0
builder,pangaea,19,96,28,0,0,0,0,0,0
builder,pangaea,19,97,28,0,0,0,0,0,0
builder,pangaea,19,98,28,0,0,0,0,0,0
builder,pangaea,19,99,28,0,0,0,0,0,0
builder,pangaea,19,100,28,0,0,0,0,0,0
builder,pangaea,42,1,3,0,0,0,0,0,0
builder,pangaea,42,2,0,0,0,0,0,0,0
builder,pangaea,42,3,0,0,0,0,0,0,0
builder,pangaea,42,4,0,0,0,0,0,0,0
builder,pangaea,42,5,0,0,0,0,0,0,0
builder,pangaea,42,6,0,0,0,0,0,0,0
builder,pangaea,42,7,0,0,0,0,0,0,0
builder,pangaea,42,8,0,0,0,0,0,0,0
builder,pangaea,42,9,0,0,0,0,0,0,0
builder,pangaea,42,10,0,0,0,0,0,0,0
builder,pangaea,42,11,0,0,0,0,0,0,0
builder,pangaea,42,12,0,0,0,0,0,0,0
builder,pangaea,42,13,0,0,0,0,0,0,0
builder,pangaea,42,14,0,0,0,0,0,0,0
builder,pangaea,42,15,0,0,0,0,0,0,0
builder,pangaea,42,16,0,0,0,0,0,0,0
builder,pangaea,42,17,0,0,0,0,0,0,0
builder,pangaea,42,18,0,0,0,0,0,0,0
builder,pangaea,42,19,0,0,0,0,0,0,0
builder,pangaea,42,20,0,0,0,0,0,0,0
builder,pangaea,42,21,0,0,0,0,0,0,0
builder,pangaea,42,22,0,0,0,0,0,0,0
builder,pangaea,42,23,0,0,0,0,0,0,0
builder,pangaea,42,24,0,0,0,0,0,0,0
builder,pangaea,42,25,0,0,0,0,0,0,0
builder,pangaea,42,26,0,0,0,0,0,0,0
builder,pangaea,42,27,0,0,0,0,0,0,0
builder,pangaea,42,28,0,0,0,0,0,0,0
builder,pangaea,42,29,0,0,0,0,0,0,0
builder,pangaea,42,30,0,0,0,0,0,0,0
builder,pangaea,42,31,0,0,0,0,0,0,0
builder,pangaea,42,32,0,0,0,0,0,0,0
builder,pangaea,42,33,0,0,0,0,0,0,0
builder,pangaea,42,34,0,0,0,0,0,0,0
isolationist,pangaea,7,1,3,0,0,0,0,0,0
isolationist,pangaea,7,2,0,0,0,0,0,0,0
isolationist,pangaea,7,3,0,0,0,0,0,0,0
isolationist,pangaea,7,4,0,0,0,0,0,0,0
isolationist,pangaea,7,5,0,0,0,0,0,0,0
isolationist,pangaea,7,6,0,0,0,0,0,0,0
isolationist,pangaea,7,7,0,0,0,0,0,0,0
isolationist,pangaea,7,8,0,0,0,0,0,0,0
isolationist,pangaea,7,9,0,0,0,0,0,0,0
isolationist,pangaea,7,10,0,0,0,0,0,0,0
isolationist,pangaea,7,11,0,0,0,0,0,0,0
isolationist,pangaea,7,12,0,0,0,0,0,0,0
isolationist,pangaea,7,13,0,0,0,0,0,0,0
isolationist,pangaea,7,14,0,0,0,0,0,0,0
isolationist,pangaea,7,15,0,0,0,0,0,0,0
isolationist,pangaea,7,16,0,0,0,0,0,0,0
isolationist,pangaea,7,17,0,0,0,0,0,0,0
isolationist,pangaea,7,18,0,0,0,0,0,0,0
isolationist,pangaea,7,19,0,0,0,0,0,0,0
isolationist,pangaea,7,20,0,0,0,0,0,0,0
isolationist,pangaea,7,21,0,0,0,0,0,0,0
isolationist,pangaea,7,22,46,0,0,0,0,0,0
isolationist,pangaea,7,23,34,0,0,0,0,0,0
isolationist,pangaea,7,24,25,0,0,0,0,0,0
isolationist,pangaea,19,1,28,0,0,0,0,0,0
isolationist,pangaea,19,2,25,0,0,0,0,0,0
isolationist,pangaea,19,3,21,0,0,0,0,0,0
isolationist,pangaea,19,4,17,0,0,0,0,0,0
isolationist,pangaea,19,5,13,0,0,0,0,0,0
isolationist,pangaea,19,6,9,0,0,0,0,0,0
isolationist,pangaea,19,7,6,0,0,0,0,0,0
isolationist,pangaea,19,8,6,0,0,0,0,0,0
isolationist,pangaea,19,9,6,0,0,0,0,0,0
isolationist,pangaea,19,10,6,0,0,0,0,0,0
isolationist,pangaea,19,11,6,0,0,0,0,0,0
isolationist,pangaea,19,12,6,0,0,0,0,0,0
isolationist,pangaea,19,13,6,0,0,0,0,0,0
isolationist,pangaea,19,14,6,0,0,0,0,0,0
isolationist,pangaea,19,15,6,0,0,0,0,0,0
isolationist,pangaea,19,16,6,0,0,0,0,0,0
isolationist,pangaea,19,17,6,0,0,0,0,0,0
isolationist,pangaea,19,18,6,0,0,0,0,0,0
isolationist,pangaea,19,19,6,0,0,0,0,0,0
isolationist,pangaea,19,20,6,0,0,0,0,0,0
isolationist,pangaea,19,21,6,0,0,0,0,0,0
isolationist,pangaea,42,1,3,0,0,0,0,0,0
isolationist,pangaea,42,2,0,0,0,0,0,0,0
isolationist,pangaea,42,3,0,0,0,0,0,0,0
isolationist,pangaea,42,4,0,0,0,0,0,0,0
isolationist,pangaea,42,5,0,0,0,0,0,0,0
isolationist,pangaea,42,6,0,0,0,0,0,0,0
isolationist,pangaea,42,7,0,0,0,0,0,0,0
isolationist,pangaea,42,8,0,0,0,0,0,0,0
isolationist,pangaea,42,9,0,0,0,0,0,0,0
isolationist,pangaea,42,10,0,0,0,0,0,0,0
isolationist,pangaea,42,11,0,0,0,0,0,0,0
isolationist,pangaea,42,12,0,0,0,0,0,0,0
isolationist,pangaea,42,13,0,0,0,0,0,0,0
isolationist,pangaea,42,14,25,0,0,0,0,0,0
isolationist,pangaea,42,15,0,0,0,0,0,0,0
isolationist,pangaea,42,16,0,0,0,0,0,0,0
isolationist,pangaea,42,17,0,0,0,0,0,0,0
isolationist,pangaea,42,18,0,0,0,0,0,0,0
isolationist,pangaea,42,19,0,0,0,0,0,0,0
isolationist,pangaea,42,20,0,0,0,0,0,0,0
isolationist,pangaea,42,21,0,0,0,0,0,0,0
isolationist,pangaea,42,22,0,0,0,0,0,0,0
isolationist,pangaea,42,23,0,0,0,0,0,0,0
isolationist,pangaea,42,24,0,0,0,0,0,0,0
isolationist,pangaea,42,25,0,0,0,0,0,0,0
isolationist,pangaea,42,26,0,0,0,0,0,0,0
expansionist,pangaea,7,1,3,0,0,0,0,0,0
expansionist,pangaea,7,2,0,0,0,0,0,0,0
expansionist,pangaea,7,3,0,0,0,0,0,0,0
expansionist,pangaea,7,4,0,0,0,0,0,0,0
expansionist,pangaea,7,5,0,0,0,0,0,0,0
expansionist,pangaea,7,6,0,0,0,0,0,0,0
expansionist,pangaea,7,7,0,0,0,0,0,0,0
expansionist,pangaea,7,8,0,0,0,0,0,0,0
expansionist,pangaea,7,9,0,0,0,0,0,0,0
expansionist,pangaea,7,10,0,0,0,0,0,0,0
expansionist,pangaea,7,11,0,0,0,0,0,0,0
expansionist,pangaea,7,12,0,0,0,0,0,0,0
expansionist,pangaea,7,13,0,0,0,0,0,0,0
expansionist,pangaea,7,14,0,0,0,0,0,0,0
expansionist,pangaea,7,15,0,0,0,0,0,0,0
expansionist,pangaea,7,16,0,0,0,0,0,0,0
expansionist,pangaea,7,17,0,0,0,0,0,0,0
expansionist,pangaea,7,18,0,0,0,0,0,0,0
expansionist,pangaea,7,19,0,0,0,0,0,0,0
expansionist,pangaea,7,20,0,0,0,0,0,0,0
expansionist,pangaea,7,21,0,0,0,0,0,0,0
expansionist,pangaea,7,22,0,0,0,0,0,0,0
expansionist,pangaea,19,1,28,0,0,0,0,0,0
expansionist,pangaea,19,2,22,0,0,0,0,0,0
expansionist,pangaea,19,3,18,0,0,0,0,0,0
expansionist,pangaea,19,4,15,0,0,0,0,0,0
expansionist,pangaea,19,5,11,0,0,0,0,0,0
expansionist,pangaea,19,6,8,0,0,0,0,0,0
expansionist,pangaea,19,7,6,0,0,0,0,0,0
expansionist,pangaea,19,8,6,0,0,0,0,0,0
expansionist,pangaea,19,9,6,0,0,0,0,0,0
expansionist,pangaea,19,10,326,1,0,0,0,0,0
expansionist,pangaea,19,11,6,0,0,0,0,0,0
expansionist,pangaea,19,12,6,0,0,0,0,0,0
expansionist,pangaea,19,13,6,0,0,0,0,0,0
expansionist,pangaea,19,14,6,0,0,0,0,0,0
expansionist,pangaea,19,15,6,0,0,0,0,0,0
expansionist,pangaea,19,16,6,0,0,0,0,0,0
expansionist,pangaea,19,17,6,0,0,0,0,0,0
expansionist,pangaea,19,18,6,0,0,0,0,0,0
expansionist,pangaea,42,1,3,0,0,0,0,0,0
expansionist,pangaea,42,2,0,0,0,0,0,0,0
expansionist,pangaea,42,3,0,0,0,0,0,0,0
expansionist,pangaea,42,4,0,0,0,0,0,0,0
expansionist,pangaea,42,5,0,0,0,0,0,0,0
expansionist,pangaea,42,6,0,0,0,0,0,0,0
expansionist,pangaea,42,7,0,0,0,0,0,0,0
expansionist,pangaea,42,8,0,0,0,0,0,0,0
expansionist,pangaea,42,9,0,0,0,0,0,0,0
expansionist,pangaea,42,10,0,0,0,0,0,0,0
expansionist,pangaea,42,11,0,0,0,0,0,0,0
expansionist,pangaea,42,12,0,0,0,0,0,0,0
expansionist,pangaea,42,13,0,0,0,0,0,0,0
expansionist,pangaea,42,14,0,0,0,0,0,0,0
expansionist,pangaea,42,15,0,0,0,0,0,0,0
expansionist,pangaea,42,16,0,0,0,0,0,0,0
expansionist,pangaea,42,17,0,0,0,0,0,0,0
expansionist,pangaea,42,18,0,0,0,0,0,0,0
expansionist,pangaea,42,19,0,0,0,0,0,0,0
expansionist,pangaea,42,20,0,0,0,0,0,0,0
expansionist,pangaea,42,21,0,0,0,0,0,0,0
expansionist,pangaea,42,22,0,0,0,0,0,0,0
expansionist,pangaea,42,23,0,0,0,0,0,0,0
expansionist,pangaea,42,24,0,0,0,0,0,0,0
balanced,pangaea,7,1,3,0,0,0,0,0,0
balanced,pangaea,7,2,0,0,0,0,0,0,0
balanced,pangaea,7,3,0,0,0,0,0,0,0
balanced,pangaea,7,4,0,0,0,0,0,0,0
balanced,pangaea,7,5,344,1,0,0,0,0,0
balanced,pangaea,7,6,0,0,0,0,0,0,0
balanced,pangaea,7,7,0,0,0,0,0,0,0
balanced,pangaea,7,8,0,0,0,0,0,0,0
balanced,pangaea,7,9,0,0,0,0,0,0,0
balanced,pangaea,7,10,0,0,0,0,0,0,0
balanced,pangaea,7,11,0,0,0,0,0,0,0
balanced,pangaea,7,12,0,0,0,0,0,0,0
balanced,pangaea,7,13,0,0,0,0,0,0,0
balanced,pangaea,7,14,0,0,0,0,0,0,0
balanced,pangaea,7,15,0,0,0,0,0,0,0
balanced,pangaea,7,16,0,0,0,0,0,0,0
balanced,pangaea,7,17,0,0,0,0,0,0,0
balanced,pangaea,7,18,0,0,0,0,0,0,0
balanced,pangaea,7,19,0,0,0,0,0,0,0
balanced,pangaea,7,20,0,0,0,0,0,0,0
balanced,pangaea,7,21,0,0,0,0,0,0,0
balanced,pangaea,7,22,0,0,0,0,0,0,0
balanced,pangaea,7,23,0,0,0,0,0,0,0
balanced,pangaea,7,24,0,0,0,0,0,0,0
balanced,pangaea,7,25,0,0,0,0,0,0,0
balanced,pangaea,7,26,0,0,0,0,0,0,0
balanced,pangaea,7,27,0,0,0,0,0,0,0
balanced,pangaea,7,28,0,0,0,0,0,0,0
balanced,pangaea,7,29,0,0,0,0,0,0,0
balanced,pangaea,7,30,0,0,0,0,0,0,0
balanced,pangaea,7,31,0,0,0,0,0,0,0
balanced,pangaea,7,32,0,0,0,0,0,0,0
balanced,pangaea,7,33,0,0,0,0,0,0,0
balanced,pangaea,7,34,0,0,0,0,0,0,0
balanced,pangaea,7,35,25,0,0,0,0,0,0
balanced,pangaea,7,36,19,0,0,0,0,0,0
balanced,pangaea,7,37,19,0,0,0,0,0,0
balanced,pangaea,7,38,34,0,0,0,0,0,0
balanced,pangaea,7,39,27,0,0,0,0,0,0
balanced,pangaea,7,40,52,0,0,0,0,0,0
balanced,pangaea,7,41,52,0,0,0,0,0,0
balanced,pangaea,7,42,52,0,0,0,0,0,0
balanced,pangaea,7,43,44,0,0,0,0,0,0
balanced,pangaea,7,44,44,0,0,0,0,0,0
balanced,pangaea,7,45,386,1,0,0,0,0,0
balanced,pangaea,7,46,48,0,0,0,0,0,0
balanced,pangaea,7,47,48,0,0,0,0,0,0
balanced,pangaea,7,48,38,0,0,0,0,0,0
balanced,pangaea,19,1,53,0,0,0,0,0,0
balanced,pangaea,19,2,53,0,0,0,0,0,0
balanced,pangaea,19,3,75,0,0,0,0,0,0
balanced,pangaea,19,4,69,0,0,0,0,0,0
balanced,pangaea,19,5,69,0,0,0,0,0,0
balanced,pangaea,19,6,94,0,0,0,0,0,0
balanced,pangaea,19,7,94,0,0,0,0,0,0
balanced,pangaea,19,8,119,0,0,0,0,0,0
balanced,pangaea,19,9,144,0,0,0,0,0,0
balanced,pangaea,19,10,169,0,0,0,0,0,0
balanced,pangaea,19,11,194,0,0,0,0,0,0
balanced,pangaea,19,12,194,0,0,0,0,0,0
balanced,pangaea,19,13,219,0,0,0,0,0,0
balanced,pangaea,19,14,244,0,0,0,0,0,0
balanced,pangaea,19,15,269,0,0,0,0,0,0
balanced,pangaea,19,16,294,0,0,0,0,0,0
balanced,pangaea,19,17,294,0,0,0,0,0,0
balanced,pangaea,19,18,319,0,0,0,0,0,0
balanced,pangaea,19,19,344,0,0,0,0,0,0
balanced,pangaea,19,20,369,0,0,0,0,0,0
balanced,pangaea,19,21,394,0,0,0,0,0,0
balanced,pangaea,19,22,394,0,0,0,0,0,0
balanced,pangaea,19,23,419,0,0,0,0,0,0
balanced,pangaea,19,24,444,0,0,0,0,0,0
balanced,pangaea,19,25,469,0,0,0,0,0,0
balanced,pangaea,19,26,494,0,0,0,0,0,0
balanced,pangaea,19,27,494,0,0,0,0,0,0
balanced,pangaea,19,28,519,0,0,0,0,0,0
balanced,pangaea,19,29,544,0,0,0,0,0,0
balanced,pangaea,19,30,569,0,0,0,0,0,0
balanced,pangaea,19,31,594,0,0,0,0,0,0
balanced,pangaea,19,32,594,0,0,0,0,0,0
balanced,pangaea,19,33,619,0,0,0,0,0,0
balanced,pangaea,19,34,644,0,0,0,0,0,0
balanced,pangaea,19,35,669,0,0,0,0,0,0
balanced,pangaea,19,36,694,0,0,0,0,0,0
balanced,pangaea,19,37,694,0,0,0,0,0,0
balanced,pangaea,19,38,719,0,0,0,0,0,0
balanced,pangaea,19,39,744,0,0,0,0,0,0
balanced,pangaea,19,40,769,0,0,0,0,0,0
balanced,pangaea,19,41,794,0,0,0,0,0,0
balanced,pangaea,19,42,794,0,0,0,0,0,0
balanced,pangaea,19,43,819,0,0,0,0,0,0
balanced,pangaea,19,44,844,0,0,0,0,0,0
balanced,pangaea,19,45,869,0,0,0,0,0,0
balanced,pangaea,19,46,894,0,0,0,0,0,0
balanced,pangaea,19,47,894,0,0,0,0,0,0
balanced,pangaea,19,48,919,0,0,0,0,0,0
balanced,pangaea,19,49,944,0,0,0,0,0,0
balanced,pangaea,19,50,969,0,0,0,0,0,0
balanced,pangaea,19,51,994,0,0,0,0,0,0
balanced,pangaea,19,52,994,0,0,0,0,0,0
balanced,pangaea,19,53,1019,0,0,0,0,0,0
balanced,pangaea,19,54,1044,0,0,0,0,0,0
balanced,pangaea,19,55,1069,0,0,0,0,0,0
balanced,pangaea,19,56,1094,0,0,0,0,0,0
balanced,pangaea,19,57,1094,0,0,0,0,0,0
balanced,pangaea,19,58,1119,0,0,0,0,0,0
balanced,pangaea,19,59,1144,0,0,0,0,0,0
balanced,pangaea,19,60,1169,0,0,0,0,0,0
balanced,pangaea,19,61,1194,0,0,0,0,0,0
balanced,pangaea,19,62,1194,0,0,0,0,0,0
balanced,pangaea,19,63,1219,0,0,0,0,0,0
balanced,pangaea,19,64,1244,0,0,0,0,0,0
balanced,pangaea,19,65,1269,0,0,0,0,0,0
balanced,pangaea,19,66,1294,0,0,0,0,0,0
balanced,pangaea,19,67,1294,0,0,0,0,0,0
balanced,pangaea,19,68,1319,0,0,0,0,0,0
balanced,pangaea,19,69,1344,0,0,0,0,0,0
balanced,pangaea,19,70,1369,0,0,0,0,0,0
balanced,pangaea,19,71,1394,0,0,0,0,0,0
balanced,pangaea,19,72,1394,0,0,0,0,0,0
balanced,pangaea,19,73,1419,0,0,0,0,0,0
balanced,pangaea,19,74,1444,0,0,0,0,0,0
balanced,pangaea,19,75,1469,0,0,0,0,0,0
balanced,pangaea,19,76,1494,0,0,0,0,0,0
balanced,pangaea,19,77,1494,0,0,0,0,0,0
balanced,pangaea,19,78,1519,0,0,0,0,0,0
balanced,pangaea,19,79,1544,0,0,0,0,0,0
balanced,pangaea,19,80,1569,0,0,0,0,0,0
balanced,pangaea,19,81,1594,0,0,0,0,0,0
balanced,pangaea,19,82,1594,0,0,0,0,0,0
balanced,pangaea,19,83,1619,0,0,0,0,0,0
balanced,pangaea,19,84,1644,0,0,0,0,0,0
balanced,pangaea,19,85,1669,0,0,0,0,0,0
balanced,pangaea,19,86,1694,0,0,0,0,0,0
balanced,pangaea,19,87,1694,0,0,0,0,0,0
balanced,pangaea,19,88,1719,0,0,0,0,0,0
balanced,pangaea,19,89,1744,0,0,0,0,0,0
balanced,pangaea,19,90,1769,0,0,0,0,0,0
balanced,pangaea,19,91,1794,0,0,0,0,0,0
balanced,pangaea,19,92,1794,0,0,0,0,0,0
balanced,pangaea,19,93,1819,0,0,0,0,0,0
balanced,pangaea,19,94,1844,0,0,0,0,0,0
balanced,pangaea,19,95,1869,0,0,0,0,0,0
balanced,pangaea,19,96,1894,0,0,0,0,0,0
balanced,pangaea,19,97,1894,0,0,0,0,0,0
balanced,pangaea,19,98,1919,0,0,0,0,0,0
balanced,pangaea,19,99,1944,0,0,0,0,0,0
balanced,pangaea,19,100,1969,0,0,0,0,0,0
balanced,pangaea,42,1,3,0,0,0,0,0,0
balanced,pangaea,42,2,0,0,0,0,0,0,0
balanced,pangaea,42,3,0,0,0,0,0,0,0
balanced,pangaea,42,4,0,0,0,0,0,0,0
balanced,pangaea,42,5,0,0,0,0,0,0,0
balanced,pangaea,42,6,0,0,0,0,0,0,0
balanced,pangaea,42,7,0,0,0,0,0,0,0
balanced,pangaea,42,8,0,0,0,0,0,0,0
balanced,pangaea,42,9,0,0,0,0,0,0,0
balanced,pangaea,42,10,0,0,0,0,0,0,0
balanced,pangaea,42,11,0,0,0,0,0,0,0
balanced,pangaea,42,12,0,0,0,0,0,0,0
balanced,pangaea,42,13,0,0,0,0,0,0,0
balanced,pangaea,42,14,0,0,0,0,0,0,0
balanced,pangaea,42,15,0,0,0,0,0,0,0
balanced,pangaea,42,16,0,0,0,0,0,0,0
balanced,pangaea,42,17,0,0,0,0,0,0,0
balanced,pangaea,42,18,0,0,0,0,0,0,0
balanced,pangaea,42,19,0,0,0,0,0,0,0
balanced,pangaea,42,20,0,0,0,0,0,0,0
balanced,pangaea,42,21,0,0,0,0,0,0,0
balanced,pangaea,42,22,0,0,0,0,0,0,0
balanced,pangaea,42,23,0,0,0,0,0,0,0
balanced,pangaea,42,24,0,0,0,0,0,0,0
balanced,pangaea,42,25,0,0,0,0,0,0,0
balanced,pangaea,42,26,0,0,0,0,0,0,0
balanced,pangaea,42,27,0,0,0,0,0,0,0
balanced,pangaea,42,28,0,0,0,0,0,0,0
exploit-hunter,pangaea,7,1,120,2,2,0,0,0,0
exploit-hunter,pangaea,7,2,195,2,2,0,0,0,43
exploit-hunter,pangaea,7,3,335,2,2,0,0,0,43
exploit-hunter,pangaea,7,4,440,2,2,0,0,0,43
exploit-hunter,pangaea,7,5,560,2,2,0,0,0,43
exploit-hunter,pangaea,7,6,640,2,2,0,0,0,43
exploit-hunter,pangaea,7,7,720,2,2,0,0,0,43
exploit-hunter,pangaea,7,8,800,2,2,0,0,0,43
exploit-hunter,pangaea,7,9,860,2,2,0,0,0,43
exploit-hunter,pangaea,7,10,940,2,2,0,0,0,43
exploit-hunter,pangaea,7,11,1020,2,2,0,0,0,43
exploit-hunter,pangaea,7,12,1080,2,2,0,0,0,43
exploit-hunter,pangaea,7,13,1100,2,2,0,0,0,43
exploit-hunter,pangaea,7,14,1140,2,2,0,0,0,43
exploit-hunter,pangaea,7,15,1160,2,2,0,0,0,43
exploit-hunter,pangaea,7,16,1180,2,2,0,0,0,43
exploit-hunter,pangaea,7,17,1099,2,2,0,0,0,43
exploit-hunter,pangaea,7,18,1159,2,2,0,0,0,43
exploit-hunter,pangaea,7,19,1179,2,2,0,0,0,43
exploit-hunter,pangaea,7,20,1199,2,2,0,0,0,43
exploit-hunter,pangaea,7,21,1239,2,2,0,0,0,43
exploit-hunter,pangaea,7,22,1299,2,2,0,0,0,43
exploit-hunter,pangaea,7,23,1319,2,2,0,0,0,43
exploit-hunter,pangaea,7,24,1319,2,2,0,0,0,43
exploit-hunter,pangaea,7,25,1319,2,2,0,0,0,43
exploit-hunter,pangaea,7,26,1339,2,2,0,0,0,43
exploit-hunter,pangaea,7,27,1339,2,2,0,0,0,43
exploit-hunter,pangaea,7,28,1339,2,2,0,0,0,43
exploit-hunter,pangaea,7,29,1312,2,2,0,0,0,43
exploit-hunter,pangaea,7,30,1154,2,2,0,0,0,43
exploit-hunter,pangaea,7,31,893,2,2,0,0,0,43
exploit-hunter,pangaea,7,32,881,2,2,0,0,0,43
exploit-hunter,pangaea,7,33,961,2,2,0,0,0,43
exploit-hunter,pangaea,7,34,1041,2,2,0,0,0,43
exploit-hunter,pangaea,7,35,1072,1,1,0,0,0,43
exploit-hunter,pangaea,7,36,1006,2,2,0,0,0,91
exploit-hunter,pangaea,7,37,856,2,2,0,0,0,138
exploit-hunter,pangaea,7,38,759,2,2,0,0,0,138
exploit-hunter,pangaea,7,39,839,2,2,0,0,0,138
exploit-hunter,pangaea,7,40,919,2,2,0,0,0,138
exploit-hunter,pangaea,7,41,999,2,2,0,0,0,138
exploit-hunter,pangaea,7,42,1059,2,2,0,0,0,138
exploit-hunter,pangaea,7,43,986,2,2,0,0,0,138
exploit-hunter,pangaea,7,44,1007,2,2,0,0,0,138
exploit-hunter,pangaea,7,45,1067,2,2,0,0,0,138
exploit-hunter,pangaea,7,46,1087,2,2,0,0,0,138
exploit-hunter,pangaea,7,47,1147,2,2,0,0,0,138
exploit-hunter,pangaea,7,48,1227,2,2,0,0,0,138
exploit-hunter,pangaea,7,49,1267,2,2,0,0,0,138
exploit-hunter,pangaea,7,50,1093,2,2,0,0,0,138
exploit-hunter,pangaea,7,51,969,2,2,0,0,0,138
exploit-hunter,pangaea,7,52,971,2,2,0,0,0,138
exploit-hunter,pangaea,7,53,971,2,2,0,0,0,138
exploit-hunter,pangaea,7,54,895,2,2,0,0,0,138
exploit-hunter,pangaea,7,55,878,2,2,0,0,0,138
exploit-hunter,pangaea,7,56,938,2,2,0,0,0,138
exploit-hunter,pangaea,7,57,1018,2,2,0,0,0,138
exploit-hunter,pangaea,7,58,973,2,2,0,0,0,138
exploit-hunter,pangaea,7,59,913,2,2,0,0,0,138
exploit-hunter,pangaea,7,60,830,2,2,0,0,0,138
exploit-hunter,pangaea,19,1,168,2,2,0,0,0,0
exploit-hunter,pangaea,19,2,299,2,2,0,0,0,28
exploit-hunter,pangaea,19,3,382,2,2,0,0,0,28
exploit-hunter,pangaea,19,4,462,2,2,0,0,0,28
exploit-hunter,pangaea,19,5,542,2,2,0,0,0,28
exploit-hunter,pangaea,19,6,622,2,2,0,0,0,28
exploit-hunter,pangaea,19,7,702,2,2,0,0,0,28
exploit-hunter,pangaea,19,8,782,2,2,0,0,0,28
exploit-hunter,pangaea,19,9,862,2,2,0,0,0,28
exploit-hunter,pangaea,19,10,942,2,2,0,0,0,28
exploit-hunter,pangaea,19,11,1022,2,2,0,0,0,28
exploit-hunter,pangaea,19,12,1102,2,2,0,0,0,28
exploit-hunter,pangaea,19,13,1182,2,2,0,0,0,28
exploit-hunter,pangaea,19,14,1262,2,2,0,0,0,28
exploit-hunter,pangaea,19,15,1342,2,2,0,0,0,28
exploit-hunter,pangaea,19,16,1422,2,2,0,0,0,28
exploit-hunter,pangaea,19,17,1502,2,2,0,0,0,28
exploit-hunter,pangaea,19,18,1582,2,2,0,0,0,28
exploit-hunter,pangaea,19,19,1662,2,2,0,0,0,28
exploit-hunter,pangaea,19,20,1742,2,2,0,0,0,28
exploit-hunter,pangaea,19,21,1822,2,2,0,0,0,28
exploit-hunter,pangaea,19,22,1902,2,2,0,0,0,28
exploit-hunter,pangaea,19,23,1982,2,2,0,0,0,28
exploit-hunter,pangaea,19,24,2062,2,2,0,0,0,28
exploit-hunter,pangaea,19,25,2142,2,2,0,0,0,28
exploit-hunter,pangaea,19,26,2222,2,2,0,0,0,28
exploit-hunter,pangaea,19,27,2302,2,2,0,0,0,28
exploit-hunter,pangaea,19,28,2382,2,2,0,0,0,28
exploit-hunter,pangaea,19,29,2462,2,2,0,0,0,28
exploit-hunter,pangaea,19,30,2462,2,2,0,0,0,28
exploit-hunter,pangaea,19,31,2482,2,2,0,0,0,28
exploit-hunter,pangaea,19,32,2482,2,2,0,0,0,28
exploit-hunter,pangaea,19,33,2482,2,2,0,0,0,28
exploit-hunter,pangaea,19,34,2482,2,2,0,0,0,28
exploit-hunter,pangaea,19,35,2522,2,2,0,0,0,28
exploit-hunter,pangaea,19,36,2602,2,2,0,0,0,28
exploit-hunter,pangaea,19,37,2682,2,2,0,0,0,28
exploit-hunter,pangaea,19,38,2762,2,2,0,0,0,28
exploit-hunter,pangaea,19,39,2842,2,2,0,0,0,28
exploit-hunter,pangaea,19,40,2922,2,2,0,0,0,28
exploit-hunter,pangaea,19,41,3002,2,2,0,0,0,28
exploit-hunter,pangaea,19,42,3082,2,2,0,0,0,28
exploit-hunter,pangaea,19,43,3162,2,2,0,0,0,28
exploit-hunter,pangaea,19,44,3162,2,2,0,0,0,28
exploit-hunter,pangaea,19,45,3003,2,2,0,0,0,28
exploit-hunter,pangaea,19,46,2335,2,2,0,0,0,28
exploit-hunter,pangaea,19,47,1957,2,2,0,0,0,28
exploit-hunter,pangaea,19,48,1924,2,2,0,0,0,28
exploit-hunter,pangaea,19,49,2004,2,2,0,0,0,28
exploit-hunter,pangaea,19,50,2084,2,2,0,0,0,28
exploit-hunter,pangaea,19,51,2124,2,2,0,0,0,28
exploit-hunter,pangaea,19,52,2124,2,2,0,0,0,28
exploit-hunter,pangaea,19,53,2164,2,2,0,0,0,28
exploit-hunter,pangaea,19,54,2164,2,2,0,0,0,28
exploit-hunter,pangaea,19,55,2184,2,2,0,0,0,28
exploit-hunter,pangaea,19,56,2204,2,2,0,0,0,28
exploit-hunter,pangaea,19,57,2224,2,2,0,0,0,28
exploit-hunter,pangaea,19,58,2224,2,2,0,0,0,28
exploit-hunter,pangaea,19,59,2304,2,2,0,0,0,28
exploit-hunter,pangaea,19,60,2364,2,2,0,0,0,28
exploit-hunter,pangaea,19,61,2424,2,2,0,0,0,28
exploit-hunter,pangaea,19,62,2349,2,2,0,0,0,28
exploit-hunter,pangaea,42,1,68,2,2,0,0,0,19
exploit-hunter,pangaea,42,2,61,2,2,0,0,0,19
exploit-hunter,pangaea,42,3,155,2,2,0,0,0,19
exploit-hunter,pangaea,42,4,211,2,2,0,0,0,19
exploit-hunter,pangaea,42,5,229,2,2,0,0,0,19
exploit-hunter,pangaea,42,6,238,2,2,0,0,0,19
exploit-hunter,pangaea,42,7,60,1,1,0,0,0,19
exploit-hunter,pangaea,42,8,42,1,1,0,0,0,19
exploit-hunter,pangaea,42,9,42,1,1,0,0,0,19
exploit-hunter,pangaea,42,10,10,1,1,0,0,0,19
exploit-hunter,pangaea,42,11,0,0,0,0,0,0,19
exploit-hunter,pangaea,42,12,0,0,0,0,0,0,19
exploit-hunter,pangaea,42,13,0,0,0,0,0,0,19
exploit-hunter,pangaea,42,14,35,0,0,0,0,0,19
exploit-hunter,pangaea,42,15,6,1,1,0,0,0,19
exploit-hunter,pangaea,42,16,0,0,0,0,0,0,19
exploit-hunter,pangaea,42,17,0,0,0,0,0,0,19
exploit-hunter,pangaea,42,18,0,0,0,0,0,0,19
exploit-hunter,pangaea,42,19,0,0,0,0,0,0,19
exploit-hunter,pangaea,42,20,70,1,1,0,0,0,19
exploit-hunter,pangaea,42,21,202,2,2,0,0,0,19
exploit-hunter,pangaea,42,22,272,2,2,0,0,0,19
exploit-hunter,pangaea,42,23,272,2,2,0,0,0,19
exploit-hunter,pangaea,42,24,377,2,2,0,0,0,19
exploit-hunter,pangaea,42,25,425,2,2,0,0,0,19
exploit-hunter,pangaea,42,26,425,2,2,0,0,0,19
exploit-hunter,pangaea,42,27,425,2,2,0,0,0,19
exploit-hunter,pangaea,42,28,445,2,2,0,0,0,19
exploit-hunter,pangaea,42,29,445,2,2,0,0,0,19
exploit-hunter,pangaea,42,30,525,2,2,0,0,0,19
exploit-hunter,pangaea,42,31,605,2,2,0,0,0,19
exploit-hunter,pangaea,42,32,665,2,2,0,0,0,19
exploit-hunter,pangaea,42,33,665,2,2,0,0,0,19
exploit-hunter,pangaea,42,34,665,2,2,0,0,0,19
exploit-hunter,pangaea,42,35,665,2,2,0,0,0,19
exploit-hunter,pangaea,42,36,665,2,2,0,0,0,19
exploit-hunter,pangaea,42,37,665,2,2,0,0,0,19
exploit-hunter,pangaea,42,38,705,2,2,0,0,0,19
exploit-hunter,pangaea,42,39,785,2,2,0,0,0,19
exploit-hunter,pangaea,42,40,785,2,2,0,0,0,19
exploit-hunter,pangaea,42,41,619,2,2,0,0,0,19
exploit-hunter,pangaea,42,42,486,2,2,0,0,0,19
exploit-hunter,pangaea,42,43,404,2,2,0,0,0,19
exploit-hunter,pangaea,42,44,361,2,2,0,0,0,19
exploit-hunter,pangaea,42,45,323,2,2,0,0,0,19
exploit-hunter,pangaea,42,46,289,2,2,0,0,0,19
exploit-hunter,pangaea,42,47,84,2,2,0,0,0,19
exploit-hunter,pangaea,42,48,108,2,2,0,0,0,68
exploit-hunter,pangaea,42,49,185,2,2,0,0,0,68
exploit-hunter,pangaea,42,50,142,2,2,0,0,0,71
exploit-hunter,pangaea,42,51,201,1,1,0,0,0,71
exploit-hunter,pangaea,42,52,139,2,2,0,0,0,73
exploit-hunter,pangaea,42,53,204,2,2,0,0,0,73
exploit-hunter,pangaea,42,54,239,2,2,0,0,0,73
exploit-hunter,pangaea,42,55,274,2,2,0,0,0,73
exploit-hunter,pangaea,42,56,285,2,2,0,0,0,73
exploit-hunter,pangaea,42,57,339,1,1,0,0,0,73
exploit-hunter,pangaea,42,58,393,2,2,0,0,0,120
exploit-hunter,pangaea,42,59,349,2,2,0,0,0,164
exploit-hunter,pangaea,42,60,441,2,2,0,0,0,164
exploit-hunter,pangaea,42,61,349,2,2,0,0,0,206
exploit-hunter,pangaea,42,62,381,1,1,0,0,0,206
exploit-hunter,pangaea,42,63,369,2,2,0,0,0,246
exploit-hunter,pangaea,42,64,345,2,2,0,0,0,246
exploit-hunter,pangaea,42,65,380,2,2,0,0,0,246
exploit-hunter,pangaea,42,66,300,2,2,0,0,0,246
exploit-hunter,pangaea,42,67,373,2,2,0,0,0,284
exploit-hunter,pangaea,42,68,401,2,2,0,0,0,284
exploit-hunter,pangaea,42,69,431,2,2,0,0,0,284
exploit-hunter,pangaea,42,70,431,2,2,0,0,0,284
exploit-hunter,pangaea,42,71,466,2,2,0,0,0,284
exploit-hunter,pangaea,42,72,501,2,2,0,0,0,284
exploit-hunter,pangaea,42,73,501,2,2,0,0,0,284
exploit-hunter,pangaea,42,74,475,2,2,0,0,0,284
exploit-hunter,pangaea,42,75,402,2,2,0,0,0,284
exploit-hunter,pangaea,42,76,456,2,2,0,0,0,286
exploit-hunter,pangaea,42,77,491,2,2,0,0,0,286
exploit-hunter,pangaea,42,78,631,2,2,0,0,0,286
exploit-hunter,pangaea,42,79,652,2,2,0,0,0,286
exploit-hunter,pangaea,42,80,743,1,1,0,0,0,286
exploit-hunter,pangaea,42,81,718,2,2,0,0,0,286
exploit-hunter,pangaea,42,82,844,2,2,0,0,0,286
exploit-hunter,pangaea,42,83,984,2,2,0,0,0,286
exploit-hunter,pangaea,42,84,1124,2,2,0,0,0,286
exploit-hunter,pangaea,42,85,1264,2,2,0,0,0,286
exploit-hunter,pangaea,42,86,1404,2,2,0,0,0,286
exploit-hunter,pangaea,42,87,1544,2,2,0,0,0,286
exploit-hunter,pangaea,42,88,1684,2,2,0,0,0,286
exploit-hunter,pangaea,42,89,1824,2,2,0,0,0,286
exploit-hunter,pangaea,42,90,1964,2,2,0,0,0,286
exploit-hunter,pangaea,42,91,2104,2,2,0,0,0,286
exploit-hunter,pangaea,42,92,2209,2,2,0,0,0,286
exploit-hunter,pangaea,42,93,2314,2,2,0,0,0,286
exploit-hunter,pangaea,42,94,2419,2,2,0,0,0,286
exploit-hunter,pangaea,42,95,2559,2,2,0,0,0,286
exploit-hunter,pangaea,42,96,2699,2,2,0,0,0,286
exploit-hunter,pangaea,42,97,2839,2,2,0,0,0,286
exploit-hunter,pangaea,42,98,2979,2,2,0,0,0,286
exploit-hunter,pangaea,42,99,3084,2,2,0,0,0,286
exploit-hunter,pangaea,42,100,3154,2,2,0,0,0,286
diplomat,pangaea,7,1,3,0,0,0,0,0,0
diplomat,pangaea,7,2,0,0,0,0,0,0,0
diplomat,pangaea,7,3,0,0,0,0,0,0,0
diplomat,pangaea,7,4,0,0,0,0,0,0,0
diplomat,pangaea,7,5,0,0,0,0,0,0,0
diplomat,pangaea,7,6,0,0,0,0,0,0,0
diplomat,pangaea,7,7,0,0,0,0,0,0,0
diplomat,pangaea,7,8,0,0,0,0,0,0,0
diplomat,pangaea,7,9,0,0,0,0,0,0,0
diplomat,pangaea,7,10,0,0,0,0,0,0,0
diplomat,pangaea,7,11,0,0,0,0,0,0,0
diplomat,pangaea,7,12,0,0,0,0,0,0,0
diplomat,pangaea,7,13,0,0,0,0,0,0,0
diplomat,pangaea,7,14,0,0,0,0,0,0,0
diplomat,pangaea,7,15,0,0,0,0,0,0,0
diplomat,pangaea,7,16,0,0,0,0,0,0,0
diplomat,pangaea,7,17,0,0,0,0,0,0,0
diplomat,pangaea,7,18,0,0,0,0,0,0,0
diplomat,pangaea,7,19,0,0,0,0,0,0,0
diplomat,pangaea,7,20,0,0,0,0,0,0,0
diplomat,pangaea,7,21,0,0,0,0,0,0,0
diplomat,pangaea,7,22,0,0,0,0,0,0,0
diplomat,pangaea,7,23,0,0,0,0,0,0,0
diplomat,pangaea,7,24,0,0,0,0,0,0,0
diplomat,pangaea,7,25,0,0,0,0,0,0,0
diplomat,pangaea,7,26,0,0,0,0,0,0,0
diplomat,pangaea,7,27,0,0,0,0,0,0,0
diplomat,pangaea,7,28,0,0,0,0,0,0,0
diplomat,pangaea,7,29,0,0,0,0,0,0,0
diplomat,pangaea,7,30,0,0,0,0,0,0,0
diplomat,pangaea,7,31,0,0,0,0,0,0,0
diplomat,pangaea,7,32,0,0,0,0,0,0,0
diplomat,pangaea,7,33,0,0,0,0,0,0,0
diplomat,pangaea,7,34,0,0,0,0,0,0,0
diplomat,pangaea,7,35,0,0,0,0,0,0,0
diplomat,pangaea,7,36,0,0,0,0,0,0,0
diplomat,pangaea,7,37,0,0,0,0,0,0,0
diplomat,pangaea,7,38,0,0,0,0,0,0,0
diplomat,pangaea,7,39,0,0,0,0,0,0,0
diplomat,pangaea,7,40,0,0,0,0,0,0,0
diplomat,pangaea,7,41,0,0,0,0,0,0,0
diplomat,pangaea,7,42,0,0,0,0,0,0,0
diplomat,pangaea,7,43,0,0,0,0,0,0,0
diplomat,pangaea,7,44,0,0,0,0,0,0,0
diplomat,pangaea,7,45,0,0,0,0,0,0,0
diplomat,pangaea,7,46,0,0,0,0,0,0,0
diplomat,pangaea,7,47,0,0,0,0,0,0,0
diplomat,pangaea,7,48,0,0,0,0,0,0,0
diplomat,pangaea,7,49,0,0,0,0,0,0,0
diplomat,pangaea,7,50,0,0,0,0,0,0,0
diplomat,pangaea,7,51,0,0,0,0,0,0,0
diplomat,pangaea,7,52,0,0,0,0,0,0,0
diplomat,pangaea,7,53,0,0,0,0,0,0,0
diplomat,pangaea,7,54,0,0,0,0,0,0,0
diplomat,pangaea,7,55,0,0,0,0,0,0,0
diplomat,pangaea,7,56,0,0,0,0,0,0,0
diplomat,pangaea,7,57,0,0,0,0,0,0,0
diplomat,pangaea,7,58,0,0,0,0,0,0,0
diplomat,pangaea,7,59,0,0,0,0,0,0,0
diplomat,pangaea,7,60,0,0,0,0,0,0,0
diplomat,pangaea,7,61,0,0,0,0,0,0,0
diplomat,pangaea,7,62,0,0,0,0,0,0,0
diplomat,pangaea,7,63,0,0,0,0,0,0,0
diplomat,pangaea,7,64,0,0,0,0,0,0,0
diplomat,pangaea,7,65,0,0,0,0,0,0,0
diplomat,pangaea,7,66,0,0,0,0,0,0,0
diplomat,pangaea,7,67,0,0,0,0,0,0,0
diplomat,pangaea,7,68,0,0,0,0,0,0,0
diplomat,pangaea,7,69,0,0,0,0,0,0,0
diplomat,pangaea,7,70,0,0,0,0,0,0,0
diplomat,pangaea,7,71,0,0,0,0,0,0,0
diplomat,pangaea,7,72,0,0,0,0,0,0,0
diplomat,pangaea,7,73,0,0,0,0,0,0,0
diplomat,pangaea,7,74,0,0,0,0,0,0,0
diplomat,pangaea,7,75,0,0,0,0,0,0,0
diplomat,pangaea,7,76,0,0,0,0,0,0,0
diplomat,pangaea,7,77,0,0,0,0,0,0,0
diplomat,pangaea,7,78,0,0,0,0,0,0,0
diplomat,pangaea,7,79,0,0,0,0,0,0,0
diplomat,pangaea,7,80,0,0,0,0,0,0,0
diplomat,pangaea,7,81,0,0,0,0,0,0,0
diplomat,pangaea,7,82,0,0,0,0,0,0,0
diplomat,pangaea,7,83,0,0,0,0,0,0,0
diplomat,pangaea,7,84,0,0,0,0,0,0,0
diplomat,pangaea,7,85,0,0,0,0,0,0,0
diplomat,pangaea,7,86,0,0,0,0,0,0,0
diplomat,pangaea,7,87,0,0,0,0,0,0,0
diplomat,pangaea,7,88,0,0,0,0,0,0,0
diplomat,pangaea,7,89,0,0,0,0,0,0,0
diplomat,pangaea,7,90,0,0,0,0,0,0,0
diplomat,pangaea,7,91,0,0,0,0,0,0,0
diplomat,pangaea,7,92,0,0,0,0,0,0,0
diplomat,pangaea,7,93,0,0,0,0,0,0,0
diplomat,pangaea,7,94,0,0,0,0,0,0,0
diplomat,pangaea,7,95,0,0,0,0,0,0,0
diplomat,pangaea,7,96,0,0,0,0,0,0,0
diplomat,pangaea,7,97,0,0,0,0,0,0,0
diplomat,pangaea,7,98,0,0,0,0,0,0,0
diplomat,pangaea,7,99,0,0,0,0,0,0,0
diplomat,pangaea,7,100,0,0,0,0,0,0,0
diplomat,pangaea,19,1,28,0,0,0,0,0,0
diplomat,pangaea,19,2,28,0,0,0,0,0,0
diplomat,pangaea,19,3,28,0,0,0,0,0,0
diplomat,pangaea,19,4,28,0,0,0,0,0,0
diplomat,pangaea,19,5,28,0,0,0,0,0,0
diplomat,pangaea,19,6,28,0,0,0,0,0,0
diplomat,pangaea,19,7,28,0,0,0,0,0,0
diplomat,pangaea,19,8,27,0,0,0,0,0,0
diplomat,pangaea,19,9,23,0,0,0,0,0,0
diplomat,pangaea,19,10,22,0,0,0,0,0,0
diplomat,pangaea,19,11,22,0,0,0,0,0,0
diplomat,pangaea,19,12,22,0,0,0,0,0,0
diplomat,pangaea,19,13,22,0,0,0,0,0,0
diplomat,pangaea,19,14,22,0,0,0,0,0,0
diplomat,pangaea,19,15,22,0,0,0,0,0,0
diplomat,pangaea,19,16,22,0,0,0,0,0,0
diplomat,pangaea,19,17,22,0,0,0,0,0,0
diplomat,pangaea,19,18,22,0,0,0,0,0,0
diplomat,pangaea,19,19,22,0,0,0,0,0,0
diplomat,pangaea,19,20,22,0,0,0,0,0,0
diplomat,pangaea,19,21,22,0,0,0,0,0,0
diplomat,pangaea,19,22,22,0,0,0,0,0,0
diplomat,pangaea,19,23,22,0,0,0,0,0,0
diplomat,pangaea,19,24,22,0,0,0,0,0,0
diplomat,pangaea,19,25,22,0,0,0,0,0,0
diplomat,pangaea,19,26,22,0,0,0,0,0,0
diplomat,pangaea,19,27,22,0,0,0,0,0,0
diplomat,pangaea,19,28,22,0,0,0,0,0,0
diplomat,pangaea,19,29,22,0,0,0,0,0,0
diplomat,pangaea,19,30,22,0,0,0,0,0,0
diplomat,pangaea,19,31,22,0,0,0,0,0,0
diplomat,pangaea,19,32,22,0,0,0,0,0,0
diplomat,pangaea,19,33,22,0,0,0,0,0,0
diplomat,pangaea,19,34,22,0,0,0,0,0,0
diplomat,pangaea,19,35,22,0,0,0,0,0,0
diplomat,pangaea,19,36,22,0,0,0,0,0,0
diplomat,pangaea,19,37,22,0,0,0,0,0,0
diplomat,pangaea,19,38,22,0,0,0,0,0,0
diplomat,pangaea,19,39,22,0,0,0,0,0,0
diplomat,pangaea,19,40,22,0,0,0,0,0,0
diplomat,pangaea,19,41,22,0,0,0,0,0,0
diplomat,pangaea,19,42,22,0,0,0,0,0,0
diplomat,pangaea,19,43,22,0,0,0,0,0,0
diplomat,pangaea,19,44,22,0,0,0,0,0,0
diplomat,pangaea,19,45,22,0,0,0,0,0,0
diplomat,pangaea,19,46,22,0,0,0,0,0,0
diplomat,pangaea,19,47,22,0,0,0,0,0,0
diplomat,pangaea,19,48,22,0,0,0,0,0,0
diplomat,pangaea,19,49,22,0,0,0,0,0,0
diplomat,pangaea,19,50,22,0,0,0,0,0,0
diplomat,pangaea,19,51,22,0,0,0,0,0,0
diplomat,pangaea,19,52,22,0,0,0,0,0,0
diplomat,pangaea,19,53,22,0,0,0,0,0,0
diplomat,pangaea,19,54,22,0,0,0,0,0,0
diplomat,pangaea,19,55,22,0,0,0,0,0,0
diplomat,pangaea,19,56,22,0,0,0,0,0,0
diplomat,pangaea,19,57,22,0,0,0,0,0,0
diplomat,pangaea,19,58,22,0,0,0,0,0,0
diplomat,pangaea,19,59,22,0,0,0,0,0,0
diplomat,pangaea,19,60,22,0,0,0,0,0,0
diplomat,pangaea,19,61,22,0,0,0,0,0,0
diplomat,pangaea,19,62,22,0,0,0,0,0,0
diplomat,pangaea,19,63,22,0,0,0,0,0,0
diplomat,pangaea,19,64,22,0,0,0,0,0,0
diplomat,pangaea,19,65,22,0,0,0,0,0,0
diplomat,pangaea,19,66,22,0,0,0,0,0,0
diplomat,pangaea,19,67,22,0,0,0,0,0,0
diplomat,pangaea,19,68,22,0,0,0,0,0,0
diplomat,pangaea,19,69,22,0,0,0,0,0,0
diplomat,pangaea,19,70,22,0,0,0,0,0,0
diplomat,pangaea,19,71,22,0,0,0,0,0,0
diplomat,pangaea,19,72,22,0,0,0,0,0,0
diplomat,pangaea,19,73,22,0,0,0,0,0,0
diplomat,pangaea,19,74,22,0,0,0,0,0,0
diplomat,pangaea,19,75,22,0,0,0,0,0,0
diplomat,pangaea,19,76,22,0,0,0,0,0,0
diplomat,pangaea,19,77,22,0,0,0,0,0,0
diplomat,pangaea,19,78,22,0,0,0,0,0,0
diplomat,pangaea,19,79,22,0,0,0,0,0,0
diplomat,pangaea,19,80,22,0,0,0,0,0,0
diplomat,pangaea,19,81,22,0,0,0,0,0,0
diplomat,pangaea,19,82,22,0,0,0,0,0,0
diplomat,pangaea,19,83,22,0,0,0,0,0,0
diplomat,pangaea,19,84,22,0,0,0,0,0,0
diplomat,pangaea,19,85,22,0,0,0,0,0,0
diplomat,pangaea,19,86,22,0,0,0,0,0,0
diplomat,pangaea,19,87,22,0,0,0,0,0,0
diplomat,pangaea,19,88,22,0,0,0,0,0,0
diplomat,pangaea,19,89,22,0,0,0,0,0,0
diplomat,pangaea,19,90,22,0,0,0,0,0,0
diplomat,pangaea,19,91,22,0,0,0,0,0,0
diplomat,pangaea,19,92,22,0,0,0,0,0,0
diplomat,pangaea,19,93,22,0,0,0,0,0,0
diplomat,pangaea,19,94,21,0,0,0,0,0,0
diplomat,pangaea,19,95,21,0,0,0,0,0,0
diplomat,pangaea,19,96,21,0,0,0,0,0,0
diplomat,pangaea,19,97,21,0,0,0,0,0,0
diplomat,pangaea,19,98,21,0,0,0,0,0,0
diplomat,pangaea,19,99,21,0,0,0,0,0,0
diplomat,pangaea,19,100,21,0,0,0,0,0,0
diplomat,pangaea,42,1,3,0,0,0,0,0,0
diplomat,pangaea,42,2,0,0,0,0,0,0,0
diplomat,pangaea,42,3,0,0,0,0,0,0,0
diplomat,pangaea,42,4,0,0,0,0,0,0,0
diplomat,pangaea,42,5,0,0,0,0,0,0,0
diplomat,pangaea,42,6,0,0,0,0,0,0,0
diplomat,pangaea,42,7,0,0,0,0,0,0,0
diplomat,pangaea,42,8,0,0,0,0,0,0,0
diplomat,pangaea,42,9,0,0,0,0,0,0,0
diplomat,pangaea,42,10,0,0,0,0,0,0,0
diplomat,pangaea,42,11,0,0,0,0,0,0,0
diplomat,pangaea,42,12,0,0,0,0,0,0,0
diplomat,pangaea,42,13,0,0,0,0,0,0,0
diplomat,pangaea,42,14,0,0,0,0,0,0,0
diplomat,pangaea,42,15,0,0,0,0,0,0,0
diplomat,pangaea,42,16,0,0,0,0,0,0,0
diplomat,pangaea,42,17,0,0,0,0,0,0,0
diplomat,pangaea,42,18,0,0,0,0,0,0,0
diplomat,pangaea,42,19,0,0,0,0,0,0,0
diplomat,pangaea,42,20,0,0,0,0,0,0,0
diplomat,pangaea,42,21,0,0,0,0,0,0,0
diplomat,pangaea,42,22,0,0,0,0,0,0,0
diplomat,pangaea,42,23,0,0,0,0,0,0,0
diplomat,pangaea,42,24,0,0,0,0,0,0,0
diplomat,pangaea,42,25,0,0,0,0,0,0,0
diplomat,pangaea,42,26,0,0,0,0,0,0,0
diplomat,pangaea,42,27,0,0,0,0,0,0,0
diplomat,pangaea,42,28,0,0,0,0,0,0,0
diplomat,pangaea,42,29,0,0,0,0,0,0,0
diplomat,pangaea,42,30,0,0,0,0,0,0,0
diplomat,pangaea,42,31,0,0,0,0,0,0,0
diplomat,pangaea,42,32,0,0,0,0,0,0,0
diplomat,pangaea,42,33,0,0,0,0,0,0,0
diplomat,pangaea,42,34,0,0,0,0,0,0,0
spymaster,pangaea,7,1,3,0,0,0,0,0,0
spymaster,pangaea,7,2,0,0,0,0,0,0,0
spymaster,pangaea,7,3,0,0,0,0,0,0,0
spymaster,pangaea,7,4,0,0,0,0,0,0,0
spymaster,pangaea,7,5,0,0,0,0,0,0,0
spymaster,pangaea,7,6,0,0,0,0,0,0,0
spymaster,pangaea,7,7,0,0,0,0,0,0,0
spymaster,pangaea,7,8,0,0,0,0,0,0,0
spymaster,pangaea,7,9,0,0,0,0,0,0,0
spymaster,pangaea,7,10,0,0,0,0,0,0,0
spymaster,pangaea,7,11,0,0,0,0,0,0,0
spymaster,pangaea,7,12,0,0,0,0,0,0,0
spymaster,pangaea,7,13,0,0,0,0,0,0,0
spymaster,pangaea,7,14,0,0,0,0,0,0,0
spymaster,pangaea,7,15,0,0,0,0,0,0,0
spymaster,pangaea,7,16,0,0,0,0,0,0,0
spymaster,pangaea,7,17,0,0,0,0,0,0,0
spymaster,pangaea,7,18,0,0,0,0,0,0,0
spymaster,pangaea,7,19,0,0,0,0,0,0,0
spymaster,pangaea,7,20,0,0,0,0,0,0,0
spymaster,pangaea,7,21,0,0,0,0,0,0,0
spymaster,pangaea,7,22,0,0,0,0,0,0,0
spymaster,pangaea,7,23,0,0,0,0,0,0,0
spymaster,pangaea,7,24,0,0,0,0,0,0,0
spymaster,pangaea,7,25,0,0,0,0,0,0,0
spymaster,pangaea,7,26,0,0,0,0,0,0,0
spymaster,pangaea,7,27,0,0,0,0,0,0,0
spymaster,pangaea,7,28,0,0,0,0,0,0,0
spymaster,pangaea,7,29,0,0,0,0,0,0,0
spymaster,pangaea,7,30,0,0,0,0,0,0,0
spymaster,pangaea,7,31,0,0,0,0,0,0,0
spymaster,pangaea,7,32,0,0,0,0,0,0,0
spymaster,pangaea,7,33,0,0,0,0,0,0,0
spymaster,pangaea,7,34,0,0,0,0,0,0,0
spymaster,pangaea,7,35,0,0,0,0,0,0,0
spymaster,pangaea,7,36,0,0,0,0,0,0,0
spymaster,pangaea,7,37,0,0,0,0,0,0,0
spymaster,pangaea,7,38,0,0,0,0,0,0,0
spymaster,pangaea,7,39,0,0,0,0,0,0,0
spymaster,pangaea,7,40,0,0,0,0,0,0,0
spymaster,pangaea,7,41,0,0,0,0,0,0,0
spymaster,pangaea,7,42,0,0,0,0,0,0,0
spymaster,pangaea,7,43,0,0,0,0,0,0,0
spymaster,pangaea,7,44,0,0,0,0,0,0,0
spymaster,pangaea,7,45,0,0,0,0,0,0,0
spymaster,pangaea,7,46,0,0,0,0,0,0,0
spymaster,pangaea,7,47,0,0,0,0,0,0,0
spymaster,pangaea,7,48,0,0,0,0,0,0,0
spymaster,pangaea,7,49,0,0,0,0,0,0,0
spymaster,pangaea,7,50,0,0,0,0,0,0,0
spymaster,pangaea,7,51,0,0,0,0,0,0,0
spymaster,pangaea,7,52,0,0,0,0,0,0,0
spymaster,pangaea,7,53,0,0,0,0,0,0,0
spymaster,pangaea,7,54,0,0,0,0,0,0,0
spymaster,pangaea,7,55,0,0,0,0,0,0,0
spymaster,pangaea,7,56,0,0,0,0,0,0,0
spymaster,pangaea,7,57,0,0,0,0,0,0,0
spymaster,pangaea,7,58,0,0,0,0,0,0,0
spymaster,pangaea,7,59,0,0,0,0,0,0,0
spymaster,pangaea,7,60,0,0,0,0,0,0,0
spymaster,pangaea,7,61,0,0,0,0,0,0,0
spymaster,pangaea,7,62,0,0,0,0,0,0,0
spymaster,pangaea,7,63,0,0,0,0,0,0,0
spymaster,pangaea,7,64,0,0,0,0,0,0,0
spymaster,pangaea,7,65,0,0,0,0,0,0,0
spymaster,pangaea,7,66,0,0,0,0,0,0,0
spymaster,pangaea,7,67,0,0,0,0,0,0,0
spymaster,pangaea,7,68,0,0,0,0,0,0,0
spymaster,pangaea,7,69,0,0,0,0,0,0,0
spymaster,pangaea,7,70,0,0,0,0,0,0,0
spymaster,pangaea,7,71,0,0,0,0,0,0,0
spymaster,pangaea,7,72,0,0,0,0,0,0,0
spymaster,pangaea,7,73,0,0,0,0,0,0,0
spymaster,pangaea,7,74,0,0,0,0,0,0,0
spymaster,pangaea,7,75,0,0,0,0,0,0,0
spymaster,pangaea,7,76,0,0,0,0,0,0,0
spymaster,pangaea,7,77,0,0,0,0,0,0,0
spymaster,pangaea,7,78,0,0,0,0,0,0,0
spymaster,pangaea,7,79,0,0,0,0,0,0,0
spymaster,pangaea,7,80,0,0,0,0,0,0,0
spymaster,pangaea,7,81,0,0,0,0,0,0,0
spymaster,pangaea,7,82,0,0,0,0,0,0,0
spymaster,pangaea,7,83,0,0,0,0,0,0,0
spymaster,pangaea,7,84,0,0,0,0,0,0,0
spymaster,pangaea,7,85,0,0,0,0,0,0,0
spymaster,pangaea,7,86,0,0,0,0,0,0,0
spymaster,pangaea,7,87,0,0,0,0,0,0,0
spymaster,pangaea,7,88,0,0,0,0,0,0,0
spymaster,pangaea,7,89,0,0,0,0,0,0,0
spymaster,pangaea,7,90,0,0,0,0,0,0,0
spymaster,pangaea,7,91,0,0,0,0,0,0,0
spymaster,pangaea,7,92,0,0,0,0,0,0,0
spymaster,pangaea,7,93,0,0,0,0,0,0,0
spymaster,pangaea,7,94,0,0,0,0,0,0,0
spymaster,pangaea,7,95,0,0,0,0,0,0,0
spymaster,pangaea,7,96,0,0,0,0,0,0,0
spymaster,pangaea,7,97,0,0,0,0,0,0,0
spymaster,pangaea,7,98,0,0,0,0,0,0,0
spymaster,pangaea,7,99,0,0,0,0,0,0,0
spymaster,pangaea,7,100,0,0,0,0,0,0,0
spymaster,pangaea,19,1,28,0,0,0,0,0,0
spymaster,pangaea,19,2,28,0,0,0,0,0,0
spymaster,pangaea,19,3,28,0,0,0,0,0,0
spymaster,pangaea,19,4,28,0,0,0,0,0,0
spymaster,pangaea,19,5,28,0,0,0,0,0,0
spymaster,pangaea,19,6,28,0,0,0,0,0,0
spymaster,pangaea,19,7,28,0,0,0,0,0,0
spymaster,pangaea,19,8,27,0,0,0,0,0,0
spymaster,pangaea,19,9,21,0,0,0,0,0,0
spymaster,pangaea,19,10,20,0,0,0,0,0,0
spymaster,pangaea,19,11,20,0,0,0,0,0,0
spymaster,pangaea,19,12,20,0,0,0,0,0,0
spymaster,pangaea,19,13,20,0,0,0,0,0,0
spymaster,pangaea,19,14,20,0,0,0,0,0,0
spymaster,pangaea,19,15,20,0,0,0,0,0,0
spymaster,pangaea,19,16,20,0,0,0,0,0,0
spymaster,pangaea,19,17,20,0,0,0,0,0,0
spymaster,pangaea,19,18,20,0,0,0,0,0,0
spymaster,pangaea,19,19,20,0,0,0,0,0,0
spymaster,pangaea,19,20,20,0,0,0,0,0,0
spymaster,pangaea,19,21,20,0,0,0,0,0,0
spymaster,pangaea,19,22,20,0,0,0,0,0,0
spymaster,pangaea,19,23,20,0,0,0,0,0,0
spymaster,pangaea,19,24,20,0,0,0,0,0,0
spymaster,pangaea,19,25,20,0,0,0,0,0,0
spymaster,pangaea,19,26,20,0,0,0,0,0,0
spymaster,pangaea,19,27,20,0,0,0,0,0,0
spymaster,pangaea,19,28,20,0,0,0,0,0,0
spymaster,pangaea,19,29,20,0,0,0,0,0,0
spymaster,pangaea,19,30,20,0,0,0,0,0,0
spymaster,pangaea,19,31,20,0,0,0,0,0,0
spymaster,pangaea,19,32,20,0,0,0,0,0,0
spymaster,pangaea,19,33,20,0,0,0,0,0,0
spymaster,pangaea,19,34,20,0,0,0,0,0,0
spymaster,pangaea,19,35,20,0,0,0,0,0,0
spymaster,pangaea,19,36,20,0,0,0,0,0,0
spymaster,pangaea,19,37,20,0,0,0,0,0,0
spymaster,pangaea,19,38,20,0,0,0,0,0,0
spymaster,pangaea,19,39,20,0,0,0,0,0,0
spymaster,pangaea,19,40,20,0,0,0,0,0,0
spymaster,pangaea,19,41,20,0,0,0,0,0,0
spymaster,pangaea,19,42,20,0,0,0,0,0,0
spymaster,pangaea,19,43,20,0,0,0,0,0,0
spymaster,pangaea,19,44,20,0,0,0,0,0,0
spymaster,pangaea,19,45,20,0,0,0,0,0,0
spymaster,pangaea,19,46,20,0,0,0,0,0,0
spymaster,pangaea,19,47,20,0,0,0,0,0,0
spymaster,pangaea,19,48,20,0,0,0,0,0,0
spymaster,pangaea,19,49,20,0,0,0,0,0,0
spymaster,pangaea,19,50,20,0,0,0,0,0,0
spymaster,pangaea,19,51,20,0,0,0,0,0,0
spymaster,pangaea,19,52,20,0,0,0,0,0,0
spymaster,pangaea,19,53,20,0,0,0,0,0,0
spymaster,pangaea,19,54,20,0,0,0,0,0,0
spymaster,pangaea,19,55,20,0,0,0,0,0,0
spymaster,pangaea,19,56,20,0,0,0,0,0,0
spymaster,pangaea,19,57,20,0,0,0,0,0,0
spymaster,pangaea,19,58,20,0,0,0,0,0,0
spymaster,pangaea,19,59,20,0,0,0,0,0,0
spymaster,pangaea,19,60,20,0,0,0,0,0,0
spymaster,pangaea,19,61,20,0,0,0,0,0,0
spymaster,pangaea,19,62,20,0,0,0,0,0,0
spymaster,pangaea,19,63,20,0,0,0,0,0,0
spymaster,pangaea,19,64,20,0,0,0,0,0,0
spymaster,pangaea,19,65,20,0,0,0,0,0,0
spymaster,pangaea,19,66,20,0,0,0,0,0,0
spymaster,pangaea,19,67,20,0,0,0,0,0,0
spymaster,pangaea,19,68,20,0,0,0,0,0,0
spymaster,pangaea,19,69,20,0,0,0,0,0,0
spymaster,pangaea,19,70,20,0,0,0,0,0,0
spymaster,pangaea,19,71,20,0,0,0,0,0,0
spymaster,pangaea,19,72,20,0,0,0,0,0,0
spymaster,pangaea,19,73,20,0,0,0,0,0,0
spymaster,pangaea,19,74,20,0,0,0,0,0,0
spymaster,pangaea,19,75,20,0,0,0,0,0,0
spymaster,pangaea,19,76,20,0,0,0,0,0,0
spymaster,pangaea,19,77,20,0,0,0,0,0,0
spymaster,pangaea,19,78,20,0,0,0,0,0,0
spymaster,pangaea,19,79,20,0,0,0,0,0,0
spymaster,pangaea,19,80,20,0,0,0,0,0,0
spymaster,pangaea,19,81,20,0,0,0,0,0,0
spymaster,pangaea,19,82,20,0,0,0,0,0,0
spymaster,pangaea,19,83,20,0,0,0,0,0,0
spymaster,pangaea,19,84,20,0,0,0,0,0,0
spymaster,pangaea,19,85,20,0,0,0,0,0,0
spymaster,pangaea,19,86,20,0,0,0,0,0,0
spymaster,pangaea,19,87,20,0,0,0,0,0,0
spymaster,pangaea,19,88,20,0,0,0,0,0,0
spymaster,pangaea,19,89,20,0,0,0,0,0,0
spymaster,pangaea,19,90,20,0,0,0,0,0,0
spymaster,pangaea,19,91,20,0,0,0,0,0,0
spymaster,pangaea,19,92,20,0,0,0,0,0,0
spymaster,pangaea,19,93,20,0,0,0,0,0,0
spymaster,pangaea,19,94,20,0,0,0,0,0,0
spymaster,pangaea,19,95,20,0,0,0,0,0,0
spymaster,pangaea,19,96,20,0,0,0,0,0,0
spymaster,pangaea,19,97,20,0,0,0,0,0,0
spymaster,pangaea,19,98,20,0,0,0,0,0,0
spymaster,pangaea,19,99,20,0,0,0,0,0,0
spymaster,pangaea,19,100,20,0,0,0,0,0,0
spymaster,pangaea,42,1,3,0,0,0,0,0,0
spymaster,pangaea,42,2,0,0,0,0,0,0,0
spymaster,pangaea,42,3,0,0,0,0,0,0,0
spymaster,pangaea,42,4,0,0,0,0,0,0,0
spymaster,pangaea,42,5,0,0,0,0,0,0,0
spymaster,pangaea,42,6,0,0,0,0,0,0,0
spymaster,pangaea,42,7,0,0,0,0,0,0,0
spymaster,pangaea,42,8,0,0,0,0,0,0,0
spymaster,pangaea,42,9,0,0,0,0,0,0,0
spymaster,pangaea,42,10,0,0,0,0,0,0,0
spymaster,pangaea,42,11,0,0,0,0,0,0,0
spymaster,pangaea,42,12,0,0,0,0,0,0,0
spymaster,pangaea,42,13,0,0,0,0,0,0,0
spymaster,pangaea,42,14,0,0,0,0,0,0,0
spymaster,pangaea,42,15,0,0,0,0,0,0,0
spymaster,pangaea,42,16,0,0,0,0,0,0,0
spymaster,pangaea,42,17,0,0,0,0,0,0,0
spymaster,pangaea,42,18,0,0,0,0,0,0,0
spymaster,pangaea,42,19,0,0,0,0,0,0,0
spymaster,pangaea,42,20,0,0,0,0,0,0,0
spymaster,pangaea,42,21,0,0,0,0,0,0,0
spymaster,pangaea,42,22,0,0,0,0,0,0,0
spymaster,pangaea,42,23,0,0,0,0,0,0,0
spymaster,pangaea,42,24,0,0,0,0,0,0,0
spymaster,pangaea,42,25,0,0,0,0,0,0,0
spymaster,pangaea,42,26,0,0,0,0,0,0,0
spymaster,pangaea,42,27,0,0,0,0,0,0,0
spymaster,pangaea,42,28,0,0,0,0,0,0,0
spymaster,pangaea,42,29,0,0,0,0,0,0,0
spymaster,pangaea,42,30,0,0,0,0,0,0,0
spymaster,pangaea,42,31,0,0,0,0,0,0,0
spymaster,pangaea,42,32,0,0,0,0,0,0,0
spymaster,pangaea,42,33,0,0,0,0,0,0,0
thalassocrat,pangaea,7,1,3,0,0,0,0,0,0
thalassocrat,pangaea,7,2,0,0,0,0,0,0,0
thalassocrat,pangaea,7,3,0,0,0,0,0,0,0
thalassocrat,pangaea,7,4,0,0,0,0,0,0,0
thalassocrat,pangaea,7,5,0,0,0,0,0,0,0
thalassocrat,pangaea,7,6,0,0,0,0,0,0,0
thalassocrat,pangaea,7,7,0,0,0,0,0,0,0
thalassocrat,pangaea,7,8,0,0,0,0,0,0,0
thalassocrat,pangaea,7,9,0,0,0,0,0,0,0
thalassocrat,pangaea,7,10,0,0,0,0,0,0,0
thalassocrat,pangaea,7,11,0,0,0,0,0,0,0
thalassocrat,pangaea,7,12,0,0,0,0,0,0,0
thalassocrat,pangaea,7,13,0,0,0,0,0,0,0
thalassocrat,pangaea,7,14,0,0,0,0,0,0,0
thalassocrat,pangaea,7,15,0,0,0,0,0,0,0
thalassocrat,pangaea,7,16,0,0,0,0,0,0,0
thalassocrat,pangaea,7,17,0,0,0,0,0,0,0
thalassocrat,pangaea,7,18,0,0,0,0,0,0,0
thalassocrat,pangaea,7,19,0,0,0,0,0,0,0
thalassocrat,pangaea,7,20,0,0,0,0,0,0,0
thalassocrat,pangaea,7,21,0,0,0,0,0,0,0
thalassocrat,pangaea,7,22,0,0,0,0,0,0,0
thalassocrat,pangaea,7,23,0,0,0,0,0,0,0
thalassocrat,pangaea,7,24,0,0,0,0,0,0,0
thalassocrat,pangaea,7,25,0,0,0,0,0,0,0
thalassocrat,pangaea,7,26,0,0,0,0,0,0,0
thalassocrat,pangaea,7,27,0,0,0,0,0,0,0
thalassocrat,pangaea,7,28,0,0,0,0,0,0,0
thalassocrat,pangaea,7,29,0,0,0,0,0,0,0
thalassocrat,pangaea,7,30,0,0,0,0,0,0,0
thalassocrat,pangaea,7,31,0,0,0,0,0,0,0
thalassocrat,pangaea,7,32,0,0,0,0,0,0,0
thalassocrat,pangaea,7,33,0,0,0,0,0,0,0
thalassocrat,pangaea,7,34,0,0,0,0,0,0,0
thalassocrat,pangaea,7,35,0,0,0,0,0,0,0
thalassocrat,pangaea,7,36,0,0,0,0,0,0,0
thalassocrat,pangaea,7,37,0,0,0,0,0,0,0
thalassocrat,pangaea,7,38,0,0,0,0,0,0,0
thalassocrat,pangaea,7,39,0,0,0,0,0,0,0
thalassocrat,pangaea,7,40,0,0,0,0,0,0,0
thalassocrat,pangaea,7,41,0,0,0,0,0,0,0
thalassocrat,pangaea,7,42,0,0,0,0,0,0,0
thalassocrat,pangaea,7,43,0,0,0,0,0,0,0
thalassocrat,pangaea,7,44,0,0,0,0,0,0,0
thalassocrat,pangaea,7,45,0,0,0,0,0,0,0
thalassocrat,pangaea,7,46,0,0,0,0,0,0,0
thalassocrat,pangaea,7,47,0,0,0,0,0,0,0
thalassocrat,pangaea,7,48,0,0,0,0,0,0,0
thalassocrat,pangaea,7,49,0,0,0,0,0,0,0
thalassocrat,pangaea,7,50,0,0,0,0,0,0,0
thalassocrat,pangaea,7,51,0,0,0,0,0,0,0
thalassocrat,pangaea,7,52,0,0,0,0,0,0,0
thalassocrat,pangaea,7,53,0,0,0,0,0,0,0
thalassocrat,pangaea,7,54,0,0,0,0,0,0,0
thalassocrat,pangaea,7,55,0,0,0,0,0,0,0
thalassocrat,pangaea,7,56,0,0,0,0,0,0,0
thalassocrat,pangaea,7,57,0,0,0,0,0,0,0
thalassocrat,pangaea,7,58,0,0,0,0,0,0,0
thalassocrat,pangaea,7,59,0,0,0,0,0,0,0
thalassocrat,pangaea,7,60,0,0,0,0,0,0,0
thalassocrat,pangaea,7,61,0,0,0,0,0,0,0
thalassocrat,pangaea,7,62,0,0,0,0,0,0,0
thalassocrat,pangaea,7,63,0,0,0,0,0,0,0
thalassocrat,pangaea,7,64,0,0,0,0,0,0,0
thalassocrat,pangaea,7,65,0,0,0,0,0,0,0
thalassocrat,pangaea,7,66,0,0,0,0,0,0,0
thalassocrat,pangaea,7,67,0,0,0,0,0,0,0
thalassocrat,pangaea,7,68,0,0,0,0,0,0,0
thalassocrat,pangaea,7,69,0,0,0,0,0,0,0
thalassocrat,pangaea,7,70,0,0,0,0,0,0,0
thalassocrat,pangaea,7,71,0,0,0,0,0,0,0
thalassocrat,pangaea,7,72,0,0,0,0,0,0,0
thalassocrat,pangaea,7,73,0,0,0,0,0,0,0
thalassocrat,pangaea,7,74,0,0,0,0,0,0,0
thalassocrat,pangaea,7,75,0,0,0,0,0,0,0
thalassocrat,pangaea,7,76,0,0,0,0,0,0,0
thalassocrat,pangaea,7,77,0,0,0,0,0,0,0
thalassocrat,pangaea,7,78,0,0,0,0,0,0,0
thalassocrat,pangaea,7,79,0,0,0,0,0,0,0
thalassocrat,pangaea,7,80,0,0,0,0,0,0,0
thalassocrat,pangaea,7,81,0,0,0,0,0,0,0
thalassocrat,pangaea,7,82,0,0,0,0,0,0,0
thalassocrat,pangaea,7,83,0,0,0,0,0,0,0
thalassocrat,pangaea,7,84,0,0,0,0,0,0,0
thalassocrat,pangaea,7,85,0,0,0,0,0,0,0
thalassocrat,pangaea,7,86,0,0,0,0,0,0,0
thalassocrat,pangaea,7,87,0,0,0,0,0,0,0
thalassocrat,pangaea,7,88,0,0,0,0,0,0,0
thalassocrat,pangaea,7,89,0,0,0,0,0,0,0
thalassocrat,pangaea,7,90,0,0,0,0,0,0,0
thalassocrat,pangaea,7,91,0,0,0,0,0,0,0
thalassocrat,pangaea,7,92,0,0,0,0,0,0,0
thalassocrat,pangaea,7,93,0,0,0,0,0,0,0
thalassocrat,pangaea,7,94,0,0,0,0,0,0,0
thalassocrat,pangaea,7,95,0,0,0,0,0,0,0
thalassocrat,pangaea,7,96,0,0,0,0,0,0,0
thalassocrat,pangaea,7,97,0,0,0,0,0,0,0
thalassocrat,pangaea,7,98,0,0,0,0,0,0,0
thalassocrat,pangaea,7,99,0,0,0,0,0,0,0
thalassocrat,pangaea,7,100,0,0,0,0,0,0,0
thalassocrat,pangaea,19,1,28,0,0,0,0,0,0
thalassocrat,pangaea,19,2,28,0,0,0,0,0,0
thalassocrat,pangaea,19,3,28,0,0,0,0,0,0
thalassocrat,pangaea,19,4,25,0,0,0,0,0,0
thalassocrat,pangaea,19,5,24,0,0,0,0,0,0
thalassocrat,pangaea,19,6,24,0,0,0,0,0,0
thalassocrat,pangaea,19,7,24,0,0,0,0,0,0
thalassocrat,pangaea,19,8,24,0,0,0,0,0,0
thalassocrat,pangaea,19,9,24,0,0,0,0,0,0
thalassocrat,pangaea,19,10,24,0,0,0,0,0,0
thalassocrat,pangaea,19,11,24,0,0,0,0,0,0
thalassocrat,pangaea,19,12,24,0,0,0,0,0,0
thalassocrat,pangaea,19,13,24,0,0,0,0,0,0
thalassocrat,pangaea,19,14,24,0,0,0,0,0,0
thalassocrat,pangaea,19,15,24,0,0,0,0,0,0
thalassocrat,pangaea,19,16,23,0,0,0,0,0,0
thalassocrat,pangaea,19,17,23,0,0,0,0,0,0
thalassocrat,pangaea,19,18,23,0,0,0,0,0,0
thalassocrat,pangaea,19,19,23,0,0,0,0,0,0
thalassocrat,pangaea,19,20,23,0,0,0,0,0,0
thalassocrat,pangaea,19,21,23,0,0,0,0,0,0
thalassocrat,pangaea,19,22,23,0,0,0,0,0,0
thalassocrat,pangaea,19,23,23,0,0,0,0,0,0
thalassocrat,pangaea,19,24,23,0,0,0,0,0,0
thalassocrat,pangaea,19,25,23,0,0,0,0,0,0
thalassocrat,pangaea,19,26,22,0,0,0,0,0,0
thalassocrat,pangaea,19,27,21,0,0,0,0,0,0
thalassocrat,pangaea,19,28,21,0,0,0,0,0,0
thalassocrat,pangaea,19,29,20,0,0,0,0,0,0
thalassocrat,pangaea,19,30,19,0,0,0,0,0,0
thalassocrat,pangaea,19,31,18,0,0,0,0,0,0
thalassocrat,pangaea,19,32,18,0,0,0,0,0,0
thalassocrat,pangaea,19,33,18,0,0,0,0,0,0
thalassocrat,pangaea,19,34,18,0,0,0,0,0,0
thalassocrat,pangaea,19,35,18,0,0,0,0,0,0
thalassocrat,pangaea,19,36,18,0,0,0,0,0,0
thalassocrat,pangaea,19,37,18,0,0,0,0,0,0
thalassocrat,pangaea,19,38,18,0,0,0,0,0,0
thalassocrat,pangaea,19,39,18,0,0,0,0,0,0
thalassocrat,pangaea,19,40,18,0,0,0,0,0,0
thalassocrat,pangaea,19,41,17,0,0,0,0,0,0
thalassocrat,pangaea,19,42,17,0,0,0,0,0,0
thalassocrat,pangaea,19,43,17,0,0,0,0,0,0
thalassocrat,pangaea,19,44,17,0,0,0,0,0,0
thalassocrat,pangaea,19,45,17,0,0,0,0,0,0
thalassocrat,pangaea,19,46,17,0,0,0,0,0,0
thalassocrat,pangaea,19,47,17,0,0,0,0,0,0
thalassocrat,pangaea,19,48,17,0,0,0,0,0,0
thalassocrat,pangaea,19,49,17,0,0,0,0,0,0
thalassocrat,pangaea,19,50,17,0,0,0,0,0,0
thalassocrat,pangaea,19,51,17,0,0,0,0,0,0
thalassocrat,pangaea,19,52,17,0,0,0,0,0,0
thalassocrat,pangaea,19,53,17,0,0,0,0,0,0
thalassocrat,pangaea,19,54,17,0,0,0,0,0,0
thalassocrat,pangaea,19,55,17,0,0,0,0,0,0
thalassocrat,pangaea,19,56,17,0,0,0,0,0,0
thalassocrat,pangaea,19,57,17,0,0,0,0,0,0
thalassocrat,pangaea,19,58,17,0,0,0,0,0,0
thalassocrat,pangaea,19,59,17,0,0,0,0,0,0
thalassocrat,pangaea,19,60,17,0,0,0,0,0,0
thalassocrat,pangaea,19,61,17,0,0,0,0,0,0
thalassocrat,pangaea,19,62,17,0,0,0,0,0,0
thalassocrat,pangaea,19,63,17,0,0,0,0,0,0
thalassocrat,pangaea,19,64,17,0,0,0,0,0,0
thalassocrat,pangaea,19,65,17,0,0,0,0,0,0
thalassocrat,pangaea,19,66,17,0,0,0,0,0,0
thalassocrat,pangaea,19,67,17,0,0,0,0,0,0
thalassocrat,pangaea,19,68,17,0,0,0,0,0,0
thalassocrat,pangaea,19,69,17,0,0,0,0,0,0
thalassocrat,pangaea,19,70,17,0,0,0,0,0,0
thalassocrat,pangaea,19,71,17,0,0,0,0,0,0
thalassocrat,pangaea,19,72,17,0,0,0,0,0,0
thalassocrat,pangaea,19,73,17,0,0,0,0,0,0
thalassocrat,pangaea,19,74,17,0,0,0,0,0,0
thalassocrat,pangaea,19,75,17,0,0,0,0,0,0
thalassocrat,pangaea,19,76,17,0,0,0,0,0,0
thalassocrat,pangaea,19,77,17,0,0,0,0,0,0
thalassocrat,pangaea,19,78,17,0,0,0,0,0,0
thalassocrat,pangaea,19,79,17,0,0,0,0,0,0
thalassocrat,pangaea,19,80,17,0,0,0,0,0,0
thalassocrat,pangaea,19,81,17,0,0,0,0,0,0
thalassocrat,pangaea,19,82,17,0,0,0,0,0,0
thalassocrat,pangaea,19,83,17,0,0,0,0,0,0
thalassocrat,pangaea,19,84,17,0,0,0,0,0,0
thalassocrat,pangaea,19,85,17,0,0,0,0,0,0
thalassocrat,pangaea,19,86,17,0,0,0,0,0,0
thalassocrat,pangaea,19,87,17,0,0,0,0,0,0
thalassocrat,pangaea,19,88,17,0,0,0,0,0,0
thalassocrat,pangaea,19,89,17,0,0,0,0,0,0
thalassocrat,pangaea,19,90,17,0,0,0,0,0,0
thalassocrat,pangaea,19,91,17,0,0,0,0,0,0
thalassocrat,pangaea,19,92,17,0,0,0,0,0,0
thalassocrat,pangaea,19,93,17,0,0,0,0,0,0
thalassocrat,pangaea,19,94,17,0,0,0,0,0,0
thalassocrat,pangaea,19,95,17,0,0,0,0,0,0
thalassocrat,pangaea,19,96,17,0,0,0,0,0,0
thalassocrat,pangaea,19,97,17,0,0,0,0,0,0
thalassocrat,pangaea,19,98,17,0,0,0,0,0,0
thalassocrat,pangaea,19,99,17,0,0,0,0,0,0
thalassocrat,pangaea,19,100,17,0,0,0,0,0,0
thalassocrat,pangaea,42,1,3,0,0,0,0,0,0
thalassocrat,pangaea,42,2,0,0,0,0,0,0,0
thalassocrat,pangaea,42,3,0,0,0,0,0,0,0
thalassocrat,pangaea,42,4,0,0,0,0,0,0,0
thalassocrat,pangaea,42,5,0,0,0,0,0,0,0
thalassocrat,pangaea,42,6,0,0,0,0,0,0,0
thalassocrat,pangaea,42,7,0,0,0,0,0,0,0
thalassocrat,pangaea,42,8,0,0,0,0,0,0,0
thalassocrat,pangaea,42,9,0,0,0,0,0,0,0
thalassocrat,pangaea,42,10,0,0,0,0,0,0,0
thalassocrat,pangaea,42,11,0,0,0,0,0,0,0
thalassocrat,pangaea,42,12,0,0,0,0,0,0,0
thalassocrat,pangaea,42,13,0,0,0,0,0,0,0
thalassocrat,pangaea,42,14,0,0,0,0,0,0,0
thalassocrat,pangaea,42,15,0,0,0,0,0,0,0
thalassocrat,pangaea,42,16,0,0,0,0,0,0,0
thalassocrat,pangaea,42,17,0,0,0,0,0,0,0
thalassocrat,pangaea,42,18,0,0,0,0,0,0,0
thalassocrat,pangaea,42,19,0,0,0,0,0,0,0
thalassocrat,pangaea,42,20,0,0,0,0,0,0,0
thalassocrat,pangaea,42,21,0,0,0,0,0,0,0
thalassocrat,pangaea,42,22,0,0,0,0,0,0,0
thalassocrat,pangaea,42,23,0,0,0,0,0,0,0
thalassocrat,pangaea,42,24,0,0,0,0,0,0,0
thalassocrat,pangaea,42,25,0,0,0,0,0,0,0
thalassocrat,pangaea,42,26,0,0,0,0,0,0,0
thalassocrat,pangaea,42,27,0,0,0,0,0,0,0
thalassocrat,pangaea,42,28,0,0,0,0,0,0,0
thalassocrat,pangaea,42,29,0,0,0,0,0,0,0
thalassocrat,pangaea,42,30,0,0,0,0,0,0,0
slaver,pangaea,7,1,94,1,1,0,0,0,0
slaver,pangaea,7,2,127,2,2,0,0,0,24
slaver,pangaea,7,3,120,2,2,0,0,0,47
slaver,pangaea,7,4,62,2,2,0,0,0,47
slaver,pangaea,7,5,50,0,0,0,0,0,47
slaver,pangaea,7,6,66,1,1,0,0,0,54
slaver,pangaea,7,7,166,2,2,0,0,0,54
slaver,pangaea,7,8,261,2,2,0,0,0,58
slaver,pangaea,7,9,336,2,2,0,0,0,58
slaver,pangaea,7,10,436,2,2,0,0,0,58
slaver,pangaea,7,11,536,2,2,0,0,0,58
slaver,pangaea,7,12,627,2,2,0,0,0,58
slaver,pangaea,7,13,687,2,2,0,0,0,58
slaver,pangaea,7,14,727,2,2,0,0,0,58
slaver,pangaea,7,15,767,2,2,0,0,0,58
slaver,pangaea,7,16,807,2,2,0,0,0,58
slaver,pangaea,7,17,807,2,2,0,0,0,58
slaver,pangaea,7,18,887,2,2,0,0,0,58
slaver,pangaea,7,19,927,2,2,0,0,0,58
slaver,pangaea,7,20,947,2,2,0,0,0,58
slaver,pangaea,7,21,987,2,2,0,0,0,58
slaver,pangaea,7,22,1067,2,2,0,0,0,58
slaver,pangaea,7,23,1107,2,2,0,0,0,58
slaver,pangaea,7,24,1127,2,2,0,0,0,58
slaver,pangaea,7,25,1167,2,2,0,0,0,58
slaver,pangaea,7,26,1187,2,2,0,0,0,58
slaver,pangaea,7,27,1187,2,2,0,0,0,58
slaver,pangaea,7,28,1207,2,2,0,0,0,58
slaver,pangaea,7,29,1227,2,2,0,0,0,58
slaver,pangaea,7,30,1227,2,2,0,0,0,58
slaver,pangaea,7,31,1227,2,2,0,0,0,58
slaver,pangaea,7,32,1247,2,2,0,0,0,58
slaver,pangaea,7,33,1287,2,2,0,0,0,58
slaver,pangaea,7,34,1367,2,2,0,0,0,58
slaver,pangaea,7,35,1447,2,2,0,0,0,58
slaver,pangaea,7,36,1447,2,2,0,0,0,58
slaver,pangaea,7,37,1487,2,2,0,0,0,58
slaver,pangaea,7,38,1527,2,2,0,0,0,58
slaver,pangaea,7,39,1527,2,2,0,0,0,58
slaver,pangaea,7,40,1547,2,2,0,0,0,58
slaver,pangaea,7,41,1547,2,2,0,0,0,58
slaver,pangaea,7,42,1547,2,2,0,0,0,58
slaver,pangaea,7,43,1339,2,2,0,0,0,58
slaver,pangaea,7,44,1230,2,2,0,0,0,58
slaver,pangaea,7,45,1250,2,2,0,0,0,58
slaver,pangaea,7,46,1250,2,2,0,0,0,58
slaver,pangaea,7,47,1310,2,2,0,0,0,58
slaver,pangaea,7,48,1370,2,2,0,0,0,58
slaver,pangaea,7,49,1370,2,2,0,0,0,58
slaver,pangaea,7,50,1390,2,2,0,0,0,58
slaver,pangaea,7,51,1390,2,2,0,0,0,58
slaver,pangaea,7,52,1390,2,2,0,0,0,58
slaver,pangaea,7,53,1390,2,2,0,0,0,58
slaver,pangaea,7,54,1348,2,2,0,0,0,58
slaver,pangaea,7,55,1348,2,2,0,0,0,58
slaver,pangaea,7,56,1408,2,2,0,0,0,58
slaver,pangaea,7,57,1448,2,2,0,0,0,58
slaver,pangaea,7,58,1448,2,2,0,0,0,58
slaver,pangaea,7,59,1448,2,2,0,0,0,58
slaver,pangaea,7,60,1409,2,2,0,0,0,58
slaver,pangaea,7,61,1177,2,2,0,0,0,58
slaver,pangaea,7,62,1106,2,2,0,0,0,58
slaver,pangaea,7,63,1126,2,2,0,0,0,58
slaver,pangaea,7,64,1206,2,2,0,0,0,58
slaver,pangaea,7,65,1286,2,2,0,0,0,58
slaver,pangaea,7,66,1366,2,2,0,0,0,58
slaver,pangaea,7,67,1406,2,2,0,0,0,58
slaver,pangaea,7,68,1406,2,2,0,0,0,58
slaver,pangaea,7,69,1406,2,2,0,0,0,58
slaver,pangaea,7,70,1426,2,2,0,0,0,58
slaver,pangaea,7,71,1446,2,2,0,0,0,58
slaver,pangaea,7,72,1446,2,2,0,0,0,58
slaver,pangaea,7,73,1526,2,2,0,0,0,58
slaver,pangaea,7,74,1566,2,2,0,0,0,58
slaver,pangaea,7,75,1626,2,2,0,0,0,58
slaver,pangaea,7,76,1666,2,2,0,0,0,58
slaver,pangaea,7,77,1666,2,2,0,0,0,58
slaver,pangaea,7,78,1706,2,2,0,0,0,58
slaver,pangaea,7,79,1786,2,2,0,0,0,58
slaver,pangaea,7,80,1846,2,2,0,0,0,58
slaver,pangaea,7,81,1906,2,2,0,0,0,58
slaver,pangaea,7,82,1966,2,2,0,0,0,58
slaver,pangaea,7,83,1966,2,2,0,0,0,58
slaver,pangaea,7,84,2026,2,2,0,0,0,58
slaver,pangaea,7,85,2046,2,2,0,0,0,58
slaver,pangaea,7,86,1826,2,2,0,0,0,58
slaver,pangaea,7,87,1467,2,2,0,0,0,58
slaver,pangaea,7,88,1314,2,2,0,0,0,58
slaver,pangaea,7,89,1334,2,2,0,0,0,58
slaver,pangaea,7,90,1314,2,2,0,0,0,58
slaver,pangaea,7,91,1314,2,2,0,0,0,58
slaver,pangaea,7,92,1314,2,2,0,0,0,58
slaver,pangaea,7,93,1374,2,2,0,0,0,58
slaver,pangaea,19,1,128,2,2,0,0,0,0
slaver,pangaea,19,2,225,2,2,0,0,0,14
slaver,pangaea,19,3,323,2,2,0,0,0,28
slaver,pangaea,19,4,404,2,2,0,0,0,28
slaver,pangaea,19,5,464,2,2,0,0,0,28
slaver,pangaea,19,6,464,2,2,0,0,0,28
slaver,pangaea,19,7,446,2,2,0,0,0,28
slaver,pangaea,19,8,390,2,2,0,0,0,28
slaver,pangaea,19,9,325,2,2,0,0,0,28
slaver,pangaea,19,10,370,2,2,0,0,0,28
slaver,pangaea,19,11,445,2,2,0,0,0,28
slaver,pangaea,19,12,495,2,2,0,0,0,28
slaver,pangaea,19,13,570,2,2,0,0,0,28
slaver,pangaea,19,14,620,2,2,0,0,0,28
slaver,pangaea,19,15,620,2,2,0,0,0,28
slaver,pangaea,19,16,620,2,2,0,0,0,28
slaver,pangaea,19,17,620,2,2,0,0,0,28
slaver,pangaea,19,18,670,2,2,0,0,0,28
slaver,pangaea,19,19,695,2,2,0,0,0,28
slaver,pangaea,19,20,634,2,2,0,0,0,28
slaver,pangaea,19,21,634,2,2,0,0,0,28
slaver,pangaea,19,22,684,2,2,0,0,0,28
slaver,pangaea,19,23,734,2,2,0,0,0,28
slaver,pangaea,19,24,734,2,2,0,0,0,28
slaver,pangaea,19,25,734,2,2,0,0,0,28
slaver,pangaea,19,26,734,2,2,0,0,0,28
slaver,pangaea,19,27,734,2,2,0,0,0,28
slaver,pangaea,19,28,734,2,2,0,0,0,28
slaver,pangaea,19,29,734,2,2,0,0,0,28
slaver,pangaea,19,30,734,2,2,0,0,0,28
slaver,pangaea,19,31,734,2,2,0,0,0,28
slaver,pangaea,19,32,734,2,2,0,0,0,28
slaver,pangaea,19,33,734,2,2,0,0,0,28
slaver,pangaea,19,34,734,2,2,0,0,0,28
slaver,pangaea,19,35,784,2,2,0,0,0,28
slaver,pangaea,19,36,869,2,2,0,0,0,28
slaver,pangaea,19,37,949,2,2,0,0,0,28
slaver,pangaea,19,38,1029,2,2,0,0,0,28
slaver,pangaea,19,39,1109,2,2,0,0,0,28
slaver,pangaea,19,40,1189,2,2,0,0,0,28
slaver,pangaea,19,41,1249,2,2,0,0,0,28
slaver,pangaea,19,42,1249,2,2,0,0,0,28
slaver,pangaea,19,43,1150,2,2,0,0,0,28
slaver,pangaea,19,44,808,2,2,0,0,0,28
slaver,pangaea,19,45,620,2,2,0,0,0,28
slaver,pangaea,19,46,480,2,2,0,0,0,28
slaver,pangaea,19,47,428,2,2,0,0,0,28
slaver,pangaea,19,48,423,2,2,0,0,0,28
slaver,pangaea,19,49,448,2,2,0,0,0,28
slaver,pangaea,19,50,497,2,2,0,0,0,28
slaver,pangaea,19,51,497,2,2,0,0,0,28
slaver,pangaea,19,52,497,2,2,0,0,0,28
slaver,pangaea,19,53,522,2,2,0,0,0,28
slaver,pangaea,19,54,522,2,2,0,0,0,28
slaver,pangaea,19,55,522,2,2,0,0,0,28
slaver,pangaea,19,56,522,2,2,0,0,0,28
slaver,pangaea,19,57,547,2,2,0,0,0,28
slaver,pangaea,19,58,547,2,2,0,0,0,28
slaver,pangaea,19,59,597,2,2,0,0,0,28
slaver,pangaea,19,60,697,2,2,0,0,0,28
slaver,pangaea,19,61,795,2,2,0,0,0,28
slaver,pangaea,19,62,820,2,2,0,0,0,28
slaver,pangaea,19,63,820,2,2,0,0,0,28
slaver,pangaea,19,64,820,2,2,0,0,0,28
slaver,pangaea,19,65,820,2,2,0,0,0,28
slaver,pangaea,19,66,820,2,2,0,0,0,28
slaver,pangaea,19,67,840,2,2,0,0,0,28
slaver,pangaea,19,68,840,2,2,0,0,0,28
slaver,pangaea,19,69,920,2,2,0,0,0,28
slaver,pangaea,19,70,980,2,2,0,0,0,28
slaver,pangaea,19,71,926,2,2,0,0,0,28
slaver,pangaea,19,72,792,2,2,0,0,0,28
slaver,pangaea,19,73,670,2,2,0,0,0,28
slaver,pangaea,19,74,565,2,2,0,0,0,28
slaver,pangaea,19,75,501,2,2,0,0,0,28
slaver,pangaea,19,76,409,2,2,0,0,0,28
slaver,pangaea,19,77,382,2,2,0,0,0,28
slaver,pangaea,19,78,367,2,2,0,0,0,28
slaver,pangaea,19,79,417,2,2,0,0,0,28
slaver,pangaea,19,80,492,2,2,0,0,0,28
slaver,pangaea,19,81,517,2,2,0,0,0,28
slaver,pangaea,19,82,567,2,2,0,0,0,28
slaver,pangaea,19,83,567,2,2,0,0,0,28
slaver,pangaea,19,84,567,2,2,0,0,0,28
slaver,pangaea,19,85,592,2,2,0,0,0,28
slaver,pangaea,19,86,592,2,2,0,0,0,28
slaver,pangaea,19,87,617,2,2,0,0,0,28
slaver,pangaea,19,88,617,2,2,0,0,0,28
slaver,pangaea,19,89,642,2,2,0,0,0,28
slaver,pangaea,19,90,642,2,2,0,0,0,28
slaver,pangaea,19,91,717,2,2,0,0,0,28
slaver,pangaea,19,92,817,2,2,0,0,0,28
slaver,pangaea,19,93,917,2,2,0,0,0,28
slaver,pangaea,19,94,942,2,2,0,0,0,28
slaver,pangaea,19,95,876,2,2,0,0,0,28
slaver,pangaea,19,96,876,2,2,0,0,0,28
slaver,pangaea,19,97,876,2,2,0,0,0,28
slaver,pangaea,19,98,976,2,2,0,0,0,28
slaver,pangaea,19,99,1051,2,2,0,0,0,28
slaver,pangaea,19,100,1076,2,2,0,0,0,28
slaver,pangaea,42,1,37,1,1,0,0,0,18
slaver,pangaea,42,2,6,1,1,0,0,0,18
slaver,pangaea,42,3,3,0,0,0,0,0,18
slaver,pangaea,42,4,28,0,0,0,0,0,18
slaver,pangaea,42,5,27,0,0,0,0,0,18
slaver,pangaea,42,6,27,0,0,0,0,0,18
slaver,pangaea,42,7,0,0,0,0,0,0,18
slaver,pangaea,42,8,0,0,0,0,0,0,18
slaver,pangaea,42,9,0,0,0,0,0,0,18
slaver,pangaea,42,10,0,0,0,0,0,0,18
slaver,pangaea,42,11,0,0,0,0,0,0,18
slaver,pangaea,42,12,0,0,0,0,0,0,18
slaver,pangaea,42,13,0,0,0,0,0,0,18
slaver,pangaea,42,14,2,0,0,0,0,0,18
slaver,pangaea,42,15,0,0,0,0,0,0,18
slaver,pangaea,42,16,0,0,0,0,0,0,18
slaver,pangaea,42,17,0,0,0,0,0,0,18
slaver,pangaea,42,18,0,0,0,0,0,0,18
slaver,pangaea,42,19,0,0,0,0,0,0,18
slaver,pangaea,42,20,50,0,0,0,0,0,18
slaver,pangaea,42,21,2,0,0,0,0,0,18
slaver,pangaea,42,22,0,0,0,0,0,0,18
slaver,pangaea,42,23,0,0,0,0,0,0,18
slaver,pangaea,42,24,0,0,0,0,0,0,18
slaver,pangaea,42,25,0,0,0,0,0,0,18
slaver,pangaea,42,26,0,0,0,0,0,0,18
slaver,pangaea,42,27,0,0,0,0,0,0,18
slaver,pangaea,42,28,0,0,0,0,0,0,18
slaver,pangaea,42,29,0,0,0,0,0,0,18
slaver,pangaea,42,30,0,0,0,0,0,0,18
slaver,pangaea,42,31,0,0,0,0,0,0,18
slaver,pangaea,42,32,0,0,0,0,0,0,18
slaver,pangaea,42,33,0,0,0,0,0,0,18
slaver,pangaea,42,34,0,0,0,0,0,0,18
techlord,pangaea,7,1,3,0,0,0,0,0,0
techlord,pangaea,7,2,0,0,0,0,0,0,0
techlord,pangaea,7,3,0,0,0,0,0,0,0
techlord,pangaea,7,4,0,0,0,0,0,0,0
techlord,pangaea,7,5,0,0,0,0,0,0,0
techlord,pangaea,7,6,0,0,0,0,0,0,0
techlord,pangaea,7,7,0,0,0,0,0,0,0
techlord,pangaea,7,8,0,0,0,0,0,0,0
techlord,pangaea,7,9,0,0,0,0,0,0,0
techlord,pangaea,7,10,0,0,0,0,0,0,0
techlord,pangaea,7,11,0,0,0,0,0,0,0
techlord,pangaea,7,12,0,0,0,0,0,0,0
techlord,pangaea,7,13,0,0,0,0,0,0,0
techlord,pangaea,7,14,0,0,0,0,0,0,0
techlord,pangaea,7,15,0,0,0,0,0,0,0
techlord,pangaea,7,16,0,0,0,0,0,0,0
techlord,pangaea,7,17,0,0,0,0,0,0,0
techlord,pangaea,7,18,0,0,0,0,0,0,0
techlord,pangaea,7,19,0,0,0,0,0,0,0
techlord,pangaea,7,20,0,0,0,0,0,0,0
techlord,pangaea,7,21,0,0,0,0,0,0,0
techlord,pangaea,7,22,0,0,0,0,0,0,0
techlord,pangaea,7,23,0,0,0,0,0,0,0
techlord,pangaea,7,24,0,0,0,0,0,0,0
techlord,pangaea,7,25,0,0,0,0,0,0,0
techlord,pangaea,7,26,0,0,0,0,0,0,0
techlord,pangaea,7,27,0,0,0,0,0,0,0
techlord,pangaea,7,28,0,0,0,0,0,0,0
techlord,pangaea,7,29,0,0,0,0,0,0,0
techlord,pangaea,7,30,0,0,0,0,0,0,0
techlord,pangaea,7,31,0,0,0,0,0,0,0
techlord,pangaea,7,32,0,0,0,0,0,0,0
techlord,pangaea,7,33,0,0,0,0,0,0,0
techlord,pangaea,7,34,0,0,0,0,0,0,0
techlord,pangaea,7,35,0,0,0,0,0,0,0
techlord,pangaea,7,36,0,0,0,0,0,0,0
techlord,pangaea,7,37,0,0,0,0,0,0,0
techlord,pangaea,7,38,0,0,0,0,0,0,0
techlord,pangaea,7,39,0,0,0,0,0,0,0
techlord,pangaea,7,40,0,0,0,0,0,0,0
techlord,pangaea,7,41,0,0,0,0,0,0,0
techlord,pangaea,7,42,0,0,0,0,0,0,0
techlord,pangaea,7,43,0,0,0,0,0,0,0
techlord,pangaea,7,44,0,0,0,0,0,0,0
techlord,pangaea,7,45,0,0,0,0,0,0,0
techlord,pangaea,7,46,0,0,0,0,0,0,0
techlord,pangaea,7,47,0,0,0,0,0,0,0
techlord,pangaea,7,48,0,0,0,0,0,0,0
techlord,pangaea,7,49,0,0,0,0,0,0,0
techlord,pangaea,7,50,0,0,0,0,0,0,0
techlord,pangaea,7,51,0,0,0,0,0,0,0
techlord,pangaea,7,52,0,0,0,0,0,0,0
techlord,pangaea,7,53,0,0,0,0,0,0,0
techlord,pangaea,7,54,0,0,0,0,0,0,0
techlord,pangaea,7,55,0,0,0,0,0,0,0
techlord,pangaea,7,56,0,0,0,0,0,0,0
techlord,pangaea,7,57,0,0,0,0,0,0,0
techlord,pangaea,7,58,0,0,0,0,0,0,0
techlord,pangaea,7,59,0,0,0,0,0,0,0
techlord,pangaea,7,60,0,0,0,0,0,0,0
techlord,pangaea,7,61,0,0,0,0,0,0,0
techlord,pangaea,7,62,0,0,0,0,0,0,0
techlord,pangaea,7,63,0,0,0,0,0,0,0
techlord,pangaea,7,64,0,0,0,0,0,0,0
techlord,pangaea,7,65,0,0,0,0,0,0,0
techlord,pangaea,7,66,0,0,0,0,0,0,0
techlord,pangaea,7,67,0,0,0,0,0,0,0
techlord,pangaea,7,68,0,0,0,0,0,0,0
techlord,pangaea,7,69,0,0,0,0,0,0,0
techlord,pangaea,7,70,0,0,0,0,0,0,0
techlord,pangaea,7,71,0,0,0,0,0,0,0
techlord,pangaea,7,72,0,0,0,0,0,0,0
techlord,pangaea,7,73,0,0,0,0,0,0,0
techlord,pangaea,7,74,0,0,0,0,0,0,0
techlord,pangaea,7,75,0,0,0,0,0,0,0
techlord,pangaea,7,76,0,0,0,0,0,0,0
techlord,pangaea,7,77,0,0,0,0,0,0,0
techlord,pangaea,7,78,0,0,0,0,0,0,0
techlord,pangaea,7,79,0,0,0,0,0,0,0
techlord,pangaea,7,80,0,0,0,0,0,0,0
techlord,pangaea,7,81,0,0,0,0,0,0,0
techlord,pangaea,7,82,0,0,0,0,0,0,0
techlord,pangaea,7,83,0,0,0,0,0,0,0
techlord,pangaea,7,84,0,0,0,0,0,0,0
techlord,pangaea,7,85,0,0,0,0,0,0,0
techlord,pangaea,7,86,0,0,0,0,0,0,0
techlord,pangaea,7,87,0,0,0,0,0,0,0
techlord,pangaea,7,88,0,0,0,0,0,0,0
techlord,pangaea,7,89,0,0,0,0,0,0,0
techlord,pangaea,7,90,0,0,0,0,0,0,0
techlord,pangaea,7,91,0,0,0,0,0,0,0
techlord,pangaea,7,92,0,0,0,0,0,0,0
techlord,pangaea,7,93,0,0,0,0,0,0,0
techlord,pangaea,7,94,0,0,0,0,0,0,0
techlord,pangaea,7,95,0,0,0,0,0,0,0
techlord,pangaea,7,96,0,0,0,0,0,0,0
techlord,pangaea,7,97,0,0,0,0,0,0,0
techlord,pangaea,7,98,0,0,0,0,0,0,0
techlord,pangaea,7,99,0,0,0,0,0,0,0
techlord,pangaea,7,100,0,0,0,0,0,0,0
techlord,pangaea,19,1,28,0,0,0,0,0,0
techlord,pangaea,19,2,28,0,0,0,0,0,0
techlord,pangaea,19,3,28,0,0,0,0,0,0
techlord,pangaea,19,4,28,0,0,0,0,0,0
techlord,pangaea,19,5,28,0,0,0,0,0,0
techlord,pangaea,19,6,28,0,0,0,0,0,0
techlord,pangaea,19,7,28,0,0,0,0,0,0
techlord,pangaea,19,8,28,0,0,0,0,0,0
techlord,pangaea,19,9,28,0,0,0,0,0,0
techlord,pangaea,19,10,28,0,0,0,0,0,0
techlord,pangaea,19,11,28,0,0,0,0,0,0
techlord,pangaea,19,12,28,0,0,0,0,0,0
techlord,pangaea,19,13,28,0,0,0,0,0,0
techlord,pangaea,19,14,28,0,0,0,0,0,0
techlord,pangaea,19,15,28,0,0,0,0,0,0
techlord,pangaea,19,16,28,0,0,0,0,0,0
techlord,pangaea,19,17,28,0,0,0,0,0,0
techlord,pangaea,19,18,28,0,0,0,0,0,0
techlord,pangaea,19,19,28,0,0,0,0,0,0
techlord,pangaea,19,20,28,0,0,0,0,0,0
techlord,pangaea,19,21,28,0,0,0,0,0,0
techlord,pangaea,19,22,28,0,0,0,0,0,0
techlord,pangaea,19,23,28,0,0,0,0,0,0
techlord,pangaea,19,24,28,0,0,0,0,0,0
techlord,pangaea,19,25,28,0,0,0,0,0,0
techlord,pangaea,19,26,28,0,0,0,0,0,0
techlord,pangaea,19,27,28,0,0,0,0,0,0
techlord,pangaea,19,28,28,0,0,0,0,0,0
techlord,pangaea,19,29,28,0,0,0,0,0,0
techlord,pangaea,19,30,28,0,0,0,0,0,0
techlord,pangaea,19,31,28,0,0,0,0,0,0
techlord,pangaea,19,32,28,0,0,0,0,0,0
techlord,pangaea,19,33,28,0,0,0,0,0,0
techlord,pangaea,19,34,28,0,0,0,0,0,0
techlord,pangaea,19,35,28,0,0,0,0,0,0
techlord,pangaea,19,36,28,0,0,0,0,0,0
techlord,pangaea,19,37,28,0,0,0,0,0,0
techlord,pangaea,19,38,28,0,0,0,0,0,0
techlord,pangaea,19,39,28,0,0,0,0,0,0
techlord,pangaea,19,40,28,0,0,0,0,0,0
techlord,pangaea,19,41,28,0,0,0,0,0,0
techlord,pangaea,19,42,28,0,0,0,0,0,0
techlord,pangaea,19,43,28,0,0,0,0,0,0
techlord,pangaea,19,44,28,0,0,0,0,0,0
techlord,pangaea,19,45,28,0,0,0,0,0,0
techlord,pangaea,19,46,28,0,0,0,0,0,0
techlord,pangaea,19,47,28,0,0,0,0,0,0
techlord,pangaea,19,48,28,0,0,0,0,0,0
techlord,pangaea,19,49,28,0,0,0,0,0,0
techlord,pangaea,19,50,28,0,0,0,0,0,0
techlord,pangaea,19,51,28,0,0,0,0,0,0
techlord,pangaea,19,52,28,0,0,0,0,0,0
techlord,pangaea,19,53,28,0,0,0,0,0,0
techlord,pangaea,19,54,28,0,0,0,0,0,0
techlord,pangaea,19,55,28,0,0,0,0,0,0
techlord,pangaea,19,56,28,0,0,0,0,0,0
techlord,pangaea,19,57,28,0,0,0,0,0,0
techlord,pangaea,19,58,28,0,0,0,0,0,0
techlord,pangaea,19,59,28,0,0,0,0,0,0
techlord,pangaea,19,60,28,0,0,0,0,0,0
techlord,pangaea,19,61,28,0,0,0,0,0,0
techlord,pangaea,19,62,28,0,0,0,0,0,0
techlord,pangaea,19,63,28,0,0,0,0,0,0
techlord,pangaea,19,64,28,0,0,0,0,0,0
techlord,pangaea,19,65,28,0,0,0,0,0,0
techlord,pangaea,19,66,28,0,0,0,0,0,0
techlord,pangaea,19,67,28,0,0,0,0,0,0
techlord,pangaea,19,68,28,0,0,0,0,0,0
techlord,pangaea,19,69,28,0,0,0,0,0,0
techlord,pangaea,19,70,28,0,0,0,0,0,0
techlord,pangaea,19,71,28,0,0,0,0,0,0
techlord,pangaea,19,72,28,0,0,0,0,0,0
techlord,pangaea,19,73,28,0,0,0,0,0,0
techlord,pangaea,19,74,28,0,0,0,0,0,0
techlord,pangaea,19,75,28,0,0,0,0,0,0
techlord,pangaea,19,76,28,0,0,0,0,0,0
techlord,pangaea,19,77,28,0,0,0,0,0,0
techlord,pangaea,19,78,28,0,0,0,0,0,0
techlord,pangaea,19,79,28,0,0,0,0,0,0
techlord,pangaea,19,80,28,0,0,0,0,0,0
techlord,pangaea,19,81,28,0,0,0,0,0,0
techlord,pangaea,19,82,28,0,0,0,0,0,0
techlord,pangaea,19,83,28,0,0,0,0,0,0
techlord,pangaea,19,84,28,0,0,0,0,0,0
techlord,pangaea,19,85,28,0,0,0,0,0,0
techlord,pangaea,19,86,28,0,0,0,0,0,0
techlord,pangaea,19,87,28,0,0,0,0,0,0
techlord,pangaea,19,88,28,0,0,0,0,0,0
techlord,pangaea,19,89,28,0,0,0,0,0,0
techlord,pangaea,19,90,28,0,0,0,0,0,0
techlord,pangaea,19,91,28,0,0,0,0,0,0
techlord,pangaea,19,92,28,0,0,0,0,0,0
techlord,pangaea,19,93,28,0,0,0,0,0,0
techlord,pangaea,19,94,28,0,0,0,0,0,0
techlord,pangaea,19,95,28,0,0,0,0,0,0
techlord,pangaea,19,96,28,0,0,0,0,0,0
techlord,pangaea,19,97,28,0,0,0,0,0,0
techlord,pangaea,19,98,28,0,0,0,0,0,0
techlord,pangaea,19,99,28,0,0,0,0,0,0
techlord,pangaea,19,100,28,0,0,0,0,0,0
techlord,pangaea,42,1,3,0,0,0,0,0,0
techlord,pangaea,42,2,0,0,0,0,0,0,0
techlord,pangaea,42,3,0,0,0,0,0,0,0
techlord,pangaea,42,4,0,0,0,0,0,0,0
techlord,pangaea,42,5,0,0,0,0,0,0,0
techlord,pangaea,42,6,0,0,0,0,0,0,0
techlord,pangaea,42,7,0,0,0,0,0,0,0
techlord,pangaea,42,8,0,0,0,0,0,0,0
techlord,pangaea,42,9,0,0,0,0,0,0,0
techlord,pangaea,42,10,0,0,0,0,0,0,0
techlord,pangaea,42,11,0,0,0,0,0,0,0
techlord,pangaea,42,12,0,0,0,0,0,0,0
techlord,pangaea,42,13,0,0,0,0,0,0,0
techlord,pangaea,42,14,0,0,0,0,0,0,0
techlord,pangaea,42,15,0,0,0,0,0,0,0
techlord,pangaea,42,16,0,0,0,0,0,0,0
techlord,pangaea,42,17,0,0,0,0,0,0,0
techlord,pangaea,42,18,0,0,0,0,0,0,0
techlord,pangaea,42,19,0,0,0,0,0,0,0
techlord,pangaea,42,20,0,0,0,0,0,0,0
techlord,pangaea,42,21,0,0,0,0,0,0,0
techlord,pangaea,42,22,0,0,0,0,0,0,0
techlord,pangaea,42,23,0,0,0,0,0,0,0
techlord,pangaea,42,24,0,0,0,0,0,0,0
techlord,pangaea,42,25,0,0,0,0,0,0,0
techlord,pangaea,42,26,0,0,0,0,0,0,0
techlord,pangaea,42,27,0,0,0,0,0,0,0
techlord,pangaea,42,28,0,0,0,0,0,0,0
techlord,pangaea,42,29,0,0,0,0,0,0,0
techlord,pangaea,42,30,0,0,0,0,0,0,0
techlord,pangaea,42,31,0,0,0,0,0,0,0
techlord,pangaea,42,32,0,0,0,0,0,0,0
techlord,pangaea,42,33,0,0,0,0,0,0,0
techlord,pangaea,42,34,0,0,0,0,0,0,0
techlord,pangaea,42,35,0,0,0,0,0,0,0
techlord,pangaea,42,36,0,0,0,0,0,0,0
survivor,pangaea,7,1,3,0,0,0,0,0,0
survivor,pangaea,7,2,0,0,0,0,0,0,0
survivor,pangaea,7,3,0,0,0,0,0,0,0
survivor,pangaea,7,4,0,0,0,0,0,0,0
survivor,pangaea,7,5,0,0,0,0,0,0,0
survivor,pangaea,7,6,0,0,0,0,0,0,0
survivor,pangaea,7,7,0,0,0,0,0,0,0
survivor,pangaea,7,8,0,0,0,0,0,0,0
survivor,pangaea,7,9,0,0,0,0,0,0,0
survivor,pangaea,7,10,0,0,0,0,0,0,0
survivor,pangaea,7,11,0,0,0,0,0,0,0
survivor,pangaea,7,12,0,0,0,0,0,0,0
survivor,pangaea,7,13,0,0,0,0,0,0,0
survivor,pangaea,7,14,0,0,0,0,0,0,0
survivor,pangaea,7,15,20,0,0,0,0,0,0
survivor,pangaea,7,16,20,0,0,0,0,0,0
survivor,pangaea,7,17,20,0,0,0,0,0,0
survivor,pangaea,7,18,20,0,0,0,0,0,0
survivor,pangaea,7,19,20,0,0,0,0,0,0
survivor,pangaea,7,20,20,0,0,0,0,0,0
survivor,pangaea,7,21,20,0,0,0,0,0,0
survivor,pangaea,7,22,20,0,0,0,0,0,0
survivor,pangaea,7,23,20,0,0,0,0,0,0
survivor,pangaea,7,24,20,0,0,0,0,0,0
survivor,pangaea,7,25,40,0,0,0,0,0,0
survivor,pangaea,7,26,40,0,0,0,0,0,0
survivor,pangaea,7,27,40,0,0,0,0,0,0
survivor,pangaea,7,28,40,0,0,0,0,0,0
survivor,pangaea,7,29,24,0,0,0,0,0,0
survivor,pangaea,7,30,24,0,0,0,0,0,0
survivor,pangaea,7,31,24,0,0,0,0,0,0
survivor,pangaea,7,32,25,0,0,0,0,0,0
survivor,pangaea,7,33,45,0,0,0,0,0,0
survivor,pangaea,7,34,45,0,0,0,0,0,0
survivor,pangaea,7,35,45,0,0,0,0,0,0
survivor,pangaea,7,36,30,0,0,0,0,0,0
survivor,pangaea,7,37,3,0,0,0,0,0,0
survivor,pangaea,7,38,0,0,0,0,0,0,0
survivor,pangaea,7,39,0,0,0,0,0,0,0
survivor,pangaea,7,40,0,0,0,0,0,0,0
survivor,pangaea,7,41,0,0,0,0,0,0,0
survivor,pangaea,7,42,0,0,0,0,0,0,0
survivor,pangaea,7,43,0,0,0,0,0,0,0
survivor,pangaea,7,44,0,0,0,0,0,0,0
survivor,pangaea,7,45,0,0,0,0,0,0,0
survivor,pangaea,7,46,0,0,0,0,0,0,0
survivor,pangaea,7,47,40,0,0,0,0,0,0
survivor,pangaea,7,48,40,0,0,0,0,0,0
survivor,pangaea,7,49,40,0,0,0,0,0,0
survivor,pangaea,7,50,40,0,0,0,0,0,0
survivor,pangaea,7,51,40,0,0,0,0,0,0
survivor,pangaea,7,52,40,0,0,0,0,0,0
survivor,pangaea,7,53,40,0,0,0,0,0,0
survivor,pangaea,7,54,40,0,0,0,0,0,0
survivor,pangaea,7,55,40,0,0,0,0,0,0
survivor,pangaea,7,56,40,0,0,0,0,0,0
survivor,pangaea,7,57,40,0,0,0,0,0,0
survivor,pangaea,7,58,40,0,0,0,0,0,0
survivor,pangaea,7,59,60,0,0,0,0,0,0
survivor,pangaea,7,60,60,0,0,0,0,0,0
survivor,pangaea,7,61,60,0,0,0,0,0,0
survivor,pangaea,7,62,60,0,0,0,0,0,0
survivor,pangaea,7,63,60,0,0,0,0,0,0
survivor,pangaea,7,64,60,0,0,0,0,0,0
survivor,pangaea,7,65,60,0,0,0,0,0,0
survivor,pangaea,7,66,60,0,0,0,0,0,0
survivor,pangaea,7,67,60,0,0,0,0,0,0
survivor,pangaea,7,68,60,0,0,0,0,0,0
survivor,pangaea,7,69,60,0,0,0,0,0,0
survivor,pangaea,7,70,60,0,0,0,0,0,0
survivor,pangaea,7,71,60,0,0,0,0,0,0
survivor,pangaea,7,72,60,0,0,0,0,0,0
survivor,pangaea,7,73,60,0,0,0,0,0,0
survivor,pangaea,7,74,60,0,0,0,0,0,0
survivor,pangaea,7,75,44,0,0,0,0,0,0
survivor,pangaea,7,76,64,0,0,0,0,0,0
survivor,pangaea,7,77,64,0,0,0,0,0,0
survivor,pangaea,7,78,64,0,0,0,0,0,0
survivor,pangaea,7,79,64,0,0,0,0,0,0
survivor,pangaea,7,80,64,0,0,0,0,0,0
survivor,pangaea,7,81,64,0,0,0,0,0,0
survivor,pangaea,7,82,64,0,0,0,0,0,0
survivor,pangaea,7,83,70,0,0,0,0,0,0
survivor,pangaea,7,84,70,0,0,0,0,0,0
survivor,pangaea,7,85,70,0,0,0,0,0,0
survivor,pangaea,7,86,70,0,0,0,0,0,0
survivor,pangaea,7,87,70,0,0,0,0,0,0
survivor,pangaea,7,88,90,0,0,0,0,0,0
survivor,pangaea,7,89,75,0,0,0,0,0,0
survivor,pangaea,7,90,95,0,0,0,0,0,0
survivor,pangaea,7,91,95,0,0,0,0,0,0
survivor,pangaea,7,92,95,0,0,0,0,0,0
survivor,pangaea,7,93,95,0,0,0,0,0,0
survivor,pangaea,7,94,95,0,0,0,0,0,0
survivor,pangaea,7,95,95,0,0,0,0,0,0
survivor,pangaea,7,96,95,0,0,0,0,0,0
survivor,pangaea,7,97,115,0,0,0,0,0,0
survivor,pangaea,7,98,115,0,0,0,0,0,0
survivor,pangaea,7,99,115,0,0,0,0,0,0
survivor,pangaea,7,100,135,0,0,0,0,0,0
survivor,pangaea,19,1,28,0,0,0,0,0,0
survivor,pangaea,19,2,28,0,0,0,0,0,0
survivor,pangaea,19,3,28,0,0,0,0,0,0
survivor,pangaea,19,4,28,0,0,0,0,0,0
survivor,pangaea,19,5,28,0,0,0,0,0,0
survivor,pangaea,19,6,28,0,0,0,0,0,0
survivor,pangaea,19,7,28,0,0,0,0,0,0
survivor,pangaea,19,8,28,0,0,0,0,0,0
survivor,pangaea,19,9,28,0,0,0,0,0,0
survivor,pangaea,19,10,28,0,0,0,0,0,0
survivor,pangaea,19,11,28,0,0,0,0,0,0
survivor,pangaea,19,12,28,0,0,0,0,0,0
survivor,pangaea,19,13,28,0,0,0,0,0,0
survivor,pangaea,19,14,28,0,0,0,0,0,0
survivor,pangaea,19,15,28,0,0,0,0,0,0
survivor,pangaea,19,16,28,0,0,0,0,0,0
survivor,pangaea,19,17,28,0,0,0,0,0,0
survivor,pangaea,19,18,28,0,0,0,0,0,0
survivor,pangaea,19,19,28,0,0,0,0,0,0
survivor,pangaea,19,20,28,0,0,0,0,0,0
survivor,pangaea,19,21,28,0,0,0,0,0,0
survivor,pangaea,19,22,28,0,0,0,0,0,0
survivor,pangaea,19,23,28,0,0,0,0,0,0
survivor,pangaea,19,24,28,0,0,0,0,0,0
survivor,pangaea,19,25,28,0,0,0,0,0,0
survivor,pangaea,19,26,28,0,0,0,0,0,0
survivor,pangaea,19,27,28,0,0,0,0,0,0
survivor,pangaea,19,28,28,0,0,0,0,0,0
survivor,pangaea,19,29,28,0,0,0,0,0,0
survivor,pangaea,19,30,28,0,0,0,0,0,0
survivor,pangaea,19,31,28,0,0,0,0,0,0
survivor,pangaea,19,32,28,0,0,0,0,0,0
survivor,pangaea,19,33,28,0,0,0,0,0,0
survivor,pangaea,19,34,28,0,0,0,0,0,0
survivor,pangaea,19,35,28,0,0,0,0,0,0
survivor,pangaea,19,36,28,0,0,0,0,0,0
survivor,pangaea,19,37,28,0,0,0,0,0,0
survivor,pangaea,19,38,28,0,0,0,0,0,0
survivor,pangaea,19,39,28,0,0,0,0,0,0
survivor,pangaea,19,40,28,0,0,0,0,0,0
survivor,pangaea,19,41,28,0,0,0,0,0,0
survivor,pangaea,19,42,28,0,0,0,0,0,0
survivor,pangaea,19,43,28,0,0,0,0,0,0
survivor,pangaea,19,44,28,0,0,0,0,0,0
survivor,pangaea,19,45,48,0,0,0,0,0,0
survivor,pangaea,19,46,48,0,0,0,0,0,0
survivor,pangaea,19,47,48,0,0,0,0,0,0
survivor,pangaea,19,48,48,0,0,0,0,0,0
survivor,pangaea,19,49,48,0,0,0,0,0,0
survivor,pangaea,19,50,48,0,0,0,0,0,0
survivor,pangaea,19,51,48,0,0,0,0,0,0
survivor,pangaea,19,52,48,0,0,0,0,0,0
survivor,pangaea,19,53,48,0,0,0,0,0,0
survivor,pangaea,19,54,48,0,0,0,0,0,0
survivor,pangaea,19,55,48,0,0,0,0,0,0
survivor,pangaea,19,56,48,0,0,0,0,0,0
survivor,pangaea,19,57,48,0,0,0,0,0,0
survivor,pangaea,19,58,48,0,0,0,0,0,0
survivor,pangaea,19,59,48,0,0,0,0,0,0
survivor,pangaea,19,60,48,0,0,0,0,0,0
survivor,pangaea,19,61,48,0,0,0,0,0,0
survivor,pangaea,19,62,48,0,0,0,0,0,0
survivor,pangaea,19,63,48,0,0,0,0,0,0
survivor,pangaea,19,64,48,0,0,0,0,0,0
survivor,pangaea,19,65,48,0,0,0,0,0,0
survivor,pangaea,19,66,48,0,0,0,0,0,0
survivor,pangaea,19,67,48,0,0,0,0,0,0
survivor,pangaea,19,68,48,0,0,0,0,0,0
survivor,pangaea,19,69,48,0,0,0,0,0,0
survivor,pangaea,19,70,48,0,0,0,0,0,0
survivor,pangaea,19,71,48,0,0,0,0,0,0
survivor,pangaea,19,72,48,0,0,0,0,0,0
survivor,pangaea,19,73,48,0,0,0,0,0,0
survivor,pangaea,19,74,48,0,0,0,0,0,0
survivor,pangaea,19,75,68,0,0,0,0,0,0
survivor,pangaea,19,76,68,0,0,0,0,0,0
survivor,pangaea,19,77,68,0,0,0,0,0,0
survivor,pangaea,19,78,68,0,0,0,0,0,0
survivor,pangaea,19,79,68,0,0,0,0,0,0
survivor,pangaea,19,80,68,0,0,0,0,0,0
survivor,pangaea,19,81,68,0,0,0,0,0,0
survivor,pangaea,19,82,68,0,0,0,0,0,0
survivor,pangaea,19,83,68,0,0,0,0,0,0
survivor,pangaea,19,84,68,0,0,0,0,0,0
survivor,pangaea,19,85,68,0,0,0,0,0,0
survivor,pangaea,19,86,68,0,0,0,0,0,0
survivor,pangaea,19,87,68,0,0,0,0,0,0
survivor,pangaea,19,88,68,0,0,0,0,0,0
survivor,pangaea,19,89,68,0,0,0,0,0,0
survivor,pangaea,19,90,68,0,0,0,0,0,0
survivor,pangaea,19,91,68,0,0,0,0,0,0
survivor,pangaea,19,92,68,0,0,0,0,0,0
survivor,pangaea,19,93,68,0,0,0,0,0,0
survivor,pangaea,19,94,68,0,0,0,0,0,0
survivor,pangaea,19,95,68,0,0,0,0,0,0
survivor,pangaea,19,96,68,0,0,0,0,0,0
survivor,pangaea,19,97,68,0,0,0,0,0,0
survivor,pangaea,19,98,68,0,0,0,0,0,0
survivor,pangaea,19,99,88,0,0,0,0,0,0
survivor,pangaea,19,100,88,0,0,0,0,0,0
survivor,pangaea,42,1,3,0,0,0,0,0,0
survivor,pangaea,42,2,0,0,0,0,0,0,0
survivor,pangaea,42,3,0,0,0,0,0,0,0
survivor,pangaea,42,4,0,0,0,0,0,0,0
survivor,pangaea,42,5,0,0,0,0,0,0,0
survivor,pangaea,42,6,0,0,0,0,0,0,0
survivor,pangaea,42,7,0,0,0,0,0,0,0
survivor,pangaea,42,8,0,0,0,0,0,0,0
survivor,pangaea,42,9,0,0,0,0,0,0,0
survivor,pangaea,42,10,0,0,0,0,0,0,0
survivor,pangaea,42,11,0,0,0,0,0,0,0
survivor,pangaea,42,12,0,0,0,0,0,0,0
survivor,pangaea,42,13,0,0,0,0,0,0,0
survivor,pangaea,42,14,0,0,0,0,0,0,0
survivor,pangaea,42,15,0,0,0,0,0,0,0
survivor,pangaea,42,16,0,0,0,0,0,0,0
survivor,pangaea,42,17,0,0,0,0,0,0,0
survivor,pangaea,42,18,0,0,0,0,0,0,0
survivor,pangaea,42,19,0,0,0,0,0,0,0
survivor,pangaea,42,20,0,0,0,0,0,0,0
survivor,pangaea,42,21,0,0,0,0,0,0,0
survivor,pangaea,42,22,0,0,0,0,0,0,0
survivor,pangaea,42,23,0,0,0,0,0,0,0
survivor,pangaea,42,24,0,0,0,0,0,0,0
survivor,pangaea,42,25,0,0,0,0,0,0,0
survivor,pangaea,42,26,0,0,0,0,0,0,0
survivor,pangaea,42,27,0,0,0,0,0,0,0
survivor,pangaea,42,28,0,0,0,0,0,0,0
survivor,pangaea,42,29,0,0,0,0,0,0,0
survivor,pangaea,42,30,0,0,0,0,0,0,0
survivor,pangaea,42,31,0,0,0,0,0,0,0
survivor,pangaea,42,32,0,0,0,0,0,0,0
passive,easy,7,1,29,0,0,0,0,0,0
passive,easy,7,2,29,0,0,0,0,0,0
passive,easy,7,3,29,0,0,0,0,0,0
passive,easy,7,4,26,0,0,0,0,0,0
passive,easy,7,5,24,0,0,0,0,0,0
passive,easy,7,6,2,0,0,0,0,0,0
passive,easy,7,7,2,0,0,0,0,0,0
passive,easy,7,8,2,0,0,0,0,0,0
passive,easy,7,9,2,0,0,0,0,0,0
passive,easy,7,10,2,0,0,0,0,0,0
passive,easy,7,11,2,0,0,0,0,0,0
passive,easy,7,12,2,0,0,0,0,0,0
passive,easy,7,13,2,0,0,0,0,0,0
passive,easy,7,14,2,0,0,0,0,0,0
passive,easy,7,15,0,0,0,0,0,0,0
passive,easy,7,16,0,0,0,0,0,0,0
passive,easy,7,17,0,0,0,0,0,0,0
passive,easy,7,18,0,0,0,0,0,0,0
passive,easy,7,19,0,0,0,0,0,0,0
passive,easy,7,20,0,0,0,0,0,0,0
passive,easy,7,21,0,0,0,0,0,0,0
passive,easy,7,22,0,0,0,0,0,0,0
passive,easy,7,23,0,0,0,0,0,0,0
passive,easy,7,24,0,0,0,0,0,0,0
passive,easy,7,25,0,0,0,0,0,0,0
passive,easy,7,26,0,0,0,0,0,0,0
passive,easy,7,27,0,0,0,0,0,0,0
passive,easy,7,28,0,0,0,0,0,0,0
passive,easy,7,29,0,0,0,0,0,0,0
passive,easy,7,30,0,0,0,0,0,0,0
passive,easy,7,31,0,0,0,0,0,0,0
passive,easy,7,32,0,0,0,0,0,0,0
passive,easy,7,33,0,0,0,0,0,0,0
passive,easy,7,34,0,0,0,0,0,0,0
passive,easy,7,35,0,0,0,0,0,0,0
passive,easy,7,36,0,0,0,0,0,0,0
passive,easy,7,37,0,0,0,0,0,0,0
passive,easy,7,38,0,0,0,0,0,0,0
passive,easy,7,39,0,0,0,0,0,0,0
passive,easy,7,40,0,0,0,0,0,0,0
passive,easy,7,41,0,0,0,0,0,0,0
passive,easy,7,42,0,0,0,0,0,0,0
passive,easy,7,43,0,0,0,0,0,0,0
passive,easy,7,44,0,0,0,0,0,0,0
passive,easy,7,45,0,0,0,0,0,0,0
passive,easy,7,46,0,0,0,0,0,0,0
passive,easy,7,47,0,0,0,0,0,0,0
passive,easy,7,48,0,0,0,0,0,0,0
passive,easy,7,49,0,0,0,0,0,0,0
passive,easy,7,50,0,0,0,0,0,0,0
passive,easy,7,51,0,0,0,0,0,0,0
passive,easy,7,52,0,0,0,0,0,0,0
passive,easy,7,53,0,0,0,0,0,0,0
passive,easy,7,54,0,0,0,0,0,0,0
passive,easy,7,55,0,0,0,0,0,0,0
passive,easy,7,56,0,0,0,0,0,0,0
passive,easy,7,57,0,0,0,0,0,0,0
passive,easy,7,58,0,0,0,0,0,0,0
passive,easy,7,59,0,0,0,0,0,0,0
passive,easy,7,60,0,0,0,0,0,0,0
passive,easy,7,61,0,0,0,0,0,0,0
passive,easy,7,62,0,0,0,0,0,0,0
passive,easy,7,63,0,0,0,0,0,0,0
passive,easy,7,64,0,0,0,0,0,0,0
passive,easy,7,65,0,0,0,0,0,0,0
passive,easy,7,66,0,0,0,0,0,0,0
passive,easy,7,67,0,0,0,0,0,0,0
passive,easy,7,68,0,0,0,0,0,0,0
passive,easy,7,69,0,0,0,0,0,0,0
passive,easy,7,70,0,0,0,0,0,0,0
passive,easy,7,71,0,0,0,0,0,0,0
passive,easy,7,72,0,0,0,0,0,0,0
passive,easy,7,73,0,0,0,0,0,0,0
passive,easy,7,74,0,0,0,0,0,0,0
passive,easy,7,75,0,0,0,0,0,0,0
passive,easy,7,76,0,0,0,0,0,0,0
passive,easy,7,77,0,0,0,0,0,0,0
passive,easy,7,78,0,0,0,0,0,0,0
passive,easy,7,79,0,0,0,0,0,0,0
passive,easy,7,80,0,0,0,0,0,0,0
passive,easy,7,81,0,0,0,0,0,0,0
passive,easy,7,82,0,0,0,0,0,0,0
passive,easy,7,83,0,0,0,0,0,0,0
passive,easy,7,84,0,0,0,0,0,0,0
passive,easy,7,85,0,0,0,0,0,0,0
passive,easy,7,86,0,0,0,0,0,0,0
passive,easy,7,87,0,0,0,0,0,0,0
passive,easy,7,88,0,0,0,0,0,0,0
passive,easy,7,89,0,0,0,0,0,0,0
passive,easy,7,90,0,0,0,0,0,0,0
passive,easy,7,91,0,0,0,0,0,0,0
passive,easy,7,92,0,0,0,0,0,0,0
passive,easy,7,93,0,0,0,0,0,0,0
passive,easy,7,94,0,0,0,0,0,0,0
passive,easy,7,95,0,0,0,0,0,0,0
passive,easy,7,96,0,0,0,0,0,0,0
passive,easy,7,97,0,0,0,0,0,0,0
passive,easy,7,98,0,0,0,0,0,0,0
passive,easy,7,99,0,0,0,0,0,0,0
passive,easy,7,100,0,0,0,0,0,0,0
passive,easy,19,1,31,0,0,0,0,0,0
passive,easy,19,2,31,0,0,0,0,0,0
passive,easy,19,3,31,0,0,0,0,0,0
passive,easy,19,4,31,0,0,0,0,0,0
passive,easy,19,5,29,0,0,0,0,0,0
passive,easy,19,6,24,0,0,0,0,0,0
passive,easy,19,7,18,0,0,0,0,0,0
passive,easy,19,8,14,0,0,0,0,0,0
passive,easy,19,9,10,0,0,0,0,0,0
passive,easy,19,10,9,0,0,0,0,0,0
passive,easy,19,11,9,0,0,0,0,0,0
passive,easy,19,12,9,0,0,0,0,0,0
passive,easy,19,13,9,0,0,0,0,0,0
passive,easy,19,14,9,0,0,0,0,0,0
passive,easy,19,15,9,0,0,0,0,0,0
passive,easy,19,16,9,0,0,0,0,0,0
passive,easy,19,17,9,0,0,0,0,0,0
passive,easy,19,18,9,0,0,0,0,0,0
passive,easy,19,19,9,0,0,0,0,0,0
passive,easy,19,20,9,0,0,0,0,0,0
passive,easy,19,21,9,0,0,0,0,0,0
passive,easy,19,22,9,0,0,0,0,0,0
passive,easy,19,23,9,0,0,0,0,0,0
passive,easy,19,24,9,0,0,0,0,0,0
passive,easy,19,25,9,0,0,0,0,0,0
passive,easy,19,26,9,0,0,0,0,0,0
passive,easy,19,27,9,0,0,0,0,0,0
passive,easy,19,28,9,0,0,0,0,0,0
passive,easy,19,29,9,0,0,0,0,0,0
passive,easy,19,30,9,0,0,0,0,0,0
passive,easy,19,31,9,0,0,0,0,0,0
passive,easy,19,32,9,0,0,0,0,0,0
passive,easy,19,33,9,0,0,0,0,0,0
passive,easy,19,34,9,0,0,0,0,0,0
passive,easy,19,35,9,0,0,0,0,0,0
passive,easy,19,36,9,0,0,0,0,0,0
passive,easy,19,37,9,0,0,0,0,0,0
passive,easy,19,38,9,0,0,0,0,0,0
passive,easy,19,39,9,0,0,0,0,0,0
passive,easy,19,40,1,0,0,0,0,0,0
passive,easy,19,41,1,0,0,0,0,0,0
passive,easy,19,42,1,0,0,0,0,0,0
passive,easy,19,43,0,0,0,0,0,0,0
passive,easy,19,44,0,0,0,0,0,0,0
passive,easy,19,45,0,0,0,0,0,0,0
passive,easy,19,46,0,0,0,0,0,0,0
passive,easy,19,47,0,0,0,0,0,0,0
passive,easy,19,48,0,0,0,0,0,0,0
passive,easy,19,49,0,0,0,0,0,0,0
passive,easy,19,50,0,0,0,0,0,0,0
passive,easy,19,51,0,0,0,0,0,0,0
passive,easy,19,52,0,0,0,0,0,0,0
passive,easy,19,53,0,0,0,0,0,0,0
passive,easy,19,54,0,0,0,0,0,0,0
passive,easy,19,55,0,0,0,0,0,0,0
passive,easy,19,56,0,0,0,0,0,0,0
passive,easy,19,57,0,0,0,0,0,0,0
passive,easy,19,58,0,0,0,0,0,0,0
passive,easy,19,59,0,0,0,0,0,0,0
passive,easy,19,60,0,0,0,0,0,0,0
passive,easy,19,61,0,0,0,0,0,0,0
passive,easy,19,62,0,0,0,0,0,0,0
passive,easy,19,63,0,0,0,0,0,0,0
passive,easy,19,64,0,0,0,0,0,0,0
passive,easy,19,65,0,0,0,0,0,0,0
passive,easy,19,66,0,0,0,0,0,0,0
passive,easy,19,67,0,0,0,0,0,0,0
passive,easy,19,68,0,0,0,0,0,0,0
passive,easy,19,69,0,0,0,0,0,0,0
passive,easy,19,70,0,0,0,0,0,0,0
passive,easy,19,71,0,0,0,0,0,0,0
passive,easy,19,72,0,0,0,0,0,0,0
passive,easy,19,73,0,0,0,0,0,0,0
passive,easy,19,74,0,0,0,0,0,0,0
passive,easy,19,75,0,0,0,0,0,0,0
passive,easy,19,76,0,0,0,0,0,0,0
passive,easy,19,77,0,0,0,0,0,0,0
passive,easy,19,78,0,0,0,0,0,0,0
passive,easy,19,79,0,0,0,0,0,0,0
passive,easy,19,80,0,0,0,0,0,0,0
passive,easy,19,81,0,0,0,0,0,0,0
passive,easy,19,82,0,0,0,0,0,0,0
passive,easy,19,83,0,0,0,0,0,0,0
passive,easy,19,84,0,0,0,0,0,0,0
passive,easy,19,85,0,0,0,0,0,0,0
passive,easy,19,86,0,0,0,0,0,0,0
passive,easy,19,87,0,0,0,0,0,0,0
passive,easy,19,88,0,0,0,0,0,0,0
passive,easy,19,89,0,0,0,0,0,0,0
passive,easy,19,90,0,0,0,0,0,0,0
passive,easy,19,91,0,0,0,0,0,0,0
passive,easy,19,92,0,0,0,0,0,0,0
passive,easy,19,93,0,0,0,0,0,0,0
passive,easy,19,94,0,0,0,0,0,0,0
passive,easy,19,95,0,0,0,0,0,0,0
passive,easy,19,96,0,0,0,0,0,0,0
passive,easy,19,97,0,0,0,0,0,0,0
passive,easy,19,98,0,0,0,0,0,0,0
passive,easy,19,99,0,0,0,0,0,0,0
passive,easy,19,100,0,0,0,0,0,0,0
passive,easy,42,1,22,0,0,0,0,0,0
passive,easy,42,2,0,0,0,0,0,0,0
passive,easy,42,3,0,0,0,0,0,0,0
passive,easy,42,4,0,0,0,0,0,0,0
passive,easy,42,5,0,0,0,0,0,0,0
passive,easy,42,6,0,0,0,0,0,0,0
passive,easy,42,7,0,0,0,0,0,0,0
passive,easy,42,8,0,0,0,0,0,0,0
passive,easy,42,9,0,0,0,0,0,0,0
passive,easy,42,10,0,0,0,0,0,0,0
passive,easy,42,11,0,0,0,0,0,0,0
passive,easy,42,12,0,0,0,0,0,0,0
passive,easy,42,13,0,0,0,0,0,0,0
passive,easy,42,14,0,0,0,0,0,0,0
passive,easy,42,15,0,0,0,0,0,0,0
passive,easy,42,16,0,0,0,0,0,0,0
passive,easy,42,17,0,0,0,0,0,0,0
passive,easy,42,18,0,0,0,0,0,0,0
passive,easy,42,19,0,0,0,0,0,0,0
passive,easy,42,20,0,0,0,0,0,0,0
passive,easy,42,21,0,0,0,0,0,0,0
passive,easy,42,22,0,0,0,0,0,0,0
passive,easy,42,23,0,0,0,0,0,0,0
passive,easy,42,24,0,0,0,0,0,0,0
conquest,easy,7,1,121,2,2,0,0,0,19
conquest,easy,7,2,142,2,2,0,0,0,36
conquest,easy,7,3,129,2,2,0,0,0,36
conquest,easy,7,4,106,2,2,0,0,0,36
conquest,easy,7,5,94,2,2,0,0,0,36
conquest,easy,7,6,39,2,2,0,0,0,36
conquest,easy,7,7,2,0,0,0,0,0,36
conquest,easy,7,8,2,0,0,0,0,0,36
conquest,easy,7,9,2,0,0,0,0,0,36
conquest,easy,7,10,42,0,0,0,0,0,36
conquest,easy,7,11,79,1,1,0,0,0,37
conquest,easy,7,12,78,1,1,0,0,0,37
conquest,easy,7,13,77,1,1,0,0,0,37
conquest,easy,7,14,74,1,1,0,0,0,37
conquest,easy,7,15,41,1,1,0,0,0,37
conquest,easy,7,16,4,1,1,0,0,0,37
conquest,easy,7,17,1,0,0,0,0,0,37
conquest,easy,7,18,0,0,0,0,0,0,37
conquest,easy,7,19,0,0,0,0,0,0,37
conquest,easy,7,20,0,0,0,0,0,0,37
conquest,easy,7,21,0,0,0,0,0,0,37
conquest,easy,7,22,77,1,1,1,0,0,37
conquest,easy,7,23,109,0,0,0,1,0,37
conquest,easy,7,24,94,1,1,0,1,0,37
conquest,easy,7,25,92,0,0,0,2,0,37
conquest,easy,7,26,185,2,2,1,2,0,37
conquest,easy,7,27,94,2,2,1,2,0,41
conquest,easy,7,28,121,1,1,0,3,0,41
conquest,easy,7,29,141,2,2,0,3,0,41
conquest,easy,19,1,148,2,2,0,0,0,11
conquest,easy,19,2,107,2,2,0,0,0,21
conquest,easy,19,3,103,2,2,0,0,0,21
conquest,easy,19,4,99,2,2,0,0,0,21
conquest,easy,19,5,95,2,2,0,0,0,21
conquest,easy,19,6,67,2,2,0,0,0,21
conquest,easy,19,7,35,2,2,0,0,0,21
conquest,easy,19,8,2,1,1,0,0,0,21
conquest,easy,19,9,0,0,0,0,0,0,21
conquest,easy,19,10,80,1,1,0,0,0,21
conquest,easy,19,11,116,1,1,0,0,0,37
conquest,easy,19,12,110,1,1,0,0,0,37
conquest,easy,19,13,228,2,2,0,0,0,59
conquest,easy,19,14,204,2,2,0,0,0,59
conquest,easy,19,15,185,2,2,0,0,0,59
conquest,easy,19,16,168,2,2,0,0,0,59
conquest,easy,19,17,155,2,2,0,0,0,59
conquest,easy,19,18,148,2,2,0,0,0,59
conquest,easy,19,19,143,2,2,0,0,0,59
conquest,easy,19,20,139,2,2,0,0,0,59
conquest,easy,19,21,136,2,2,0,0,0,59
conquest,easy,19,22,174,2,2,0,0,0,59
conquest,easy,19,23,162,2,2,0,0,0,59
conquest,easy,42,1,133,2,2,0,0,0,0
conquest,easy,42,2,44,2,2,0,0,0,10
conquest,easy,42,3,5,2,2,0,0,0,10
conquest,easy,42,4,3,1,1,0,0,0,10
conquest,easy,42,5,3,1,1,0,0,0,10
conquest,easy,42,6,3,1,1,0,0,0,10
conquest,easy,42,7,3,1,1,0,0,0,10
conquest,easy,42,8,3,1,1,0,0,0,10
conquest,easy,42,9,3,1,1,0,0,0,10
conquest,easy,42,10,3,1,1,0,0,0,10
conquest,easy,42,11,3,1,1,0,0,0,10
conquest,easy,42,12,3,1,1,0,0,0,10
conquest,easy,42,13,3,1,1,0,0,0,10
conquest,easy,42,14,0,0,0,0,0,0,10
conquest,easy,42,15,0,0,0,0,0,0,10
conquest,easy,42,16,0,0,0,0,0,0,10
conquest,easy,42,17,0,0,0,0,0,0,10
conquest,easy,42,18,0,0,0,0,0,0,10
conquest,easy,42,19,0,0,0,0,0,0,10
conquest,easy,42,20,66,1,1,0,0,0,10
conquest,easy,42,21,64,1,1,0,0,0,10
conquest,easy,42,22,64,1,1,0,0,0,10
conquest,easy,42,23,62,1,1,0,0,0,10
conquest,easy,42,24,10,1,1,0,0,0,10
conquest,easy,42,25,0,0,0,0,0,0,10
faith,easy,7,1,29,0,0,0,0,0,0
faith,easy,7,2,24,0,0,0,0,0,0
faith,easy,7,3,17,0,0,0,0,0,0
faith,easy,7,4,13,0,0,0,0,0,0
faith,easy,7,5,10,0,0,0,0,0,0
faith,easy,7,6,1,0,0,0,0,0,0
faith,easy,7,7,1,0,0,0,0,0,0
faith,easy,7,8,1,0,0,0,0,0,0
faith,easy,7,9,1,0,0,0,0,0,0
faith,easy,7,10,1,0,0,0,0,0,0
faith,easy,7,11,1,0,0,0,0,0,0
faith,easy,7,12,1,0,0,0,0,0,0
faith,easy,7,13,1,0,0,0,0,0,0
faith,easy,7,14,1,0,0,0,0,0,0
faith,easy,7,15,0,0,0,0,0,0,0
faith,easy,7,16,0,0,0,0,0,0,0
faith,easy,7,17,0,0,0,0,0,0,0
faith,easy,7,18,0,0,0,0,0,0,0
faith,easy,7,19,0,0,0,0,0,0,0
faith,easy,19,1,29,0,0,0,0,0,0
faith,easy,19,2,22,0,0,0,0,0,0
faith,easy,19,3,18,0,0,0,0,0,0
faith,easy,19,4,14,0,0,0,0,0,0
faith,easy,19,5,11,0,0,0,0,0,0
faith,easy,19,6,1,0,0,0,0,0,0
faith,easy,19,7,0,0,0,0,0,0,0
faith,easy,19,8,0,0,0,0,0,0,0
faith,easy,19,9,0,0,0,0,0,0,0
faith,easy,19,10,0,0,0,0,0,0,0
faith,easy,19,11,0,0,0,0,0,0,0
faith,easy,19,12,0,0,0,0,0,0,0
faith,easy,19,13,0,0,0,0,0,0,0
faith,easy,19,14,0,0,0,0,0,0,0
faith,easy,19,15,0,0,0,0,0,0,0
faith,easy,19,16,0,0,0,0,0,0,0
faith,easy,19,17,0,0,0,0,0,0,0
faith,easy,19,18,0,0,0,0,0,0,0
faith,easy,19,19,0,0,0,0,0,0,0
faith,easy,19,20,0,0,0,0,0,0,0
faith,easy,19,21,0,0,0,0,0,0,0
faith,easy,19,22,0,0,0,0,0,0,0
faith,easy,19,23,0,0,0,0,0,0,0
faith,easy,19,24,0,0,0,0,0,0,0
faith,easy,42,1,22,0,0,0,0,0,0
faith,easy,42,2,0,0,0,0,0,0,0
faith,easy,42,3,0,0,0,0,0,0,0
faith,easy,42,4,0,0,0,0,0,0,0
faith,easy,42,5,0,0,0,0,0,0,0
faith,easy,42,6,0,0,0,0,0,0,0
faith,easy,42,7,0,0,0,0,0,0,0
faith,easy,42,8,0,0,0,0,0,0,0
faith,easy,42,9,0,0,0,0,0,0,0
faith,easy,42,10,0,0,0,0,0,0,0
faith,easy,42,11,0,0,0,0,0,0,0
faith,easy,42,12,0,0,0,0,0,0,0
faith,easy,42,13,0,0,0,0,0,0,0
faith,easy,42,14,0,0,0,0,0,0,0
faith,easy,42,15,0,0,0,0,0,0,0
faith,easy,42,16,0,0,0,0,0,0,0
faith,easy,42,17,0,0,0,0,0,0,0
faith,easy,42,18,0,0,0,0,0,0,0
faith,easy,42,19,0,0,0,0,0,0,0
faith,easy,42,20,0,0,0,0,0,0,0
faith,easy,42,21,0,0,0,0,0,0,0
merchant,easy,7,1,29,0,0,0,0,0,0
merchant,easy,7,2,29,0,0,0,0,0,0
merchant,easy,7,3,29,0,0,0,0,0,0
merchant,easy,7,4,29,0,0,0,0,0,0
merchant,easy,7,5,29,0,0,0,0,0,0
merchant,easy,7,6,2,0,0,0,0,0,0
merchant,easy,7,7,2,0,0,0,0,0,0
merchant,easy,7,8,2,0,0,0,0,0,0
merchant,easy,7,9,2,0,0,0,0,0,0
merchant,easy,7,10,2,0,0,0,0,0,0
merchant,easy,7,11,2,0,0,0,0,0,0
merchant,easy,7,12,2,0,0,0,0,0,0
merchant,easy,7,13,2,0,0,0,0,0,0
merchant,easy,7,14,2,0,0,0,0,0,0
merchant,easy,7,15,0,0,0,0,0,0,0
merchant,easy,7,16,0,0,0,0,0,0,0
merchant,easy,7,17,0,0,0,0,0,0,0
merchant,easy,7,18,0,0,0,0,0,0,0
merchant,easy,7,19,0,0,0,0,0,0,0
merchant,easy,7,20,0,0,0,0,0,0,0
merchant,easy,7,21,0,0,0,0,0,0,0
merchant,easy,7,22,0,0,0,0,0,0,0
merchant,easy,7,23,0,0,0,0,0,0,0
merchant,easy,7,24,0,0,0,0,0,0,0
merchant,easy,7,25,0,0,0,0,0,0,0
merchant,easy,7,26,0,0,0,0,0,0,0
merchant,easy,7,27,0,0,0,0,0,0,0
merchant,easy,7,28,0,0,0,0,0,0,0
merchant,easy,7,29,0,0,0,0,0,0,0
merchant,easy,7,30,0,0,0,0,0,0,0
merchant,easy,7,31,0,0,0,0,0,0,0
merchant,easy,7,32,0,0,0,0,0,0,0
merchant,easy,7,33,0,0,0,0,0,0,0
merchant,easy,7,34,0,0,0,0,0,0,0
merchant,easy,7,35,0,0,0,0,0,0,0
merchant,easy,7,36,0,0,0,0,0,0,0
merchant,easy,7,37,0,0,0,0,0,0,0
merchant,easy,7,38,0,0,0,0,0,0,0
merchant,easy,7,39,0,0,0,0,0,0,0
merchant,easy,7,40,0,0,0,0,0,0,0
merchant,easy,7,41,0,0,0,0,0,0,0
merchant,easy,7,42,0,0,0,0,0,0,0
merchant,easy,7,43,0,0,0,0,0,0,0
merchant,easy,7,44,0,0,0,0,0,0,0
merchant,easy,7,45,0,0,0,0,0,0,0
merchant,easy,7,46,0,0,0,0,0,0,0
merchant,easy,7,47,0,0,0,0,0,0,0
merchant,easy,7,48,0,0,0,0,0,0,0
merchant,easy,7,49,0,0,0,0,0,0,0
merchant,easy,7,50,0,0,0,0,0,0,0
merchant,easy,7,51,0,0,0,0,0,0,0
merchant,easy,7,52,0,0,0,0,0,0,0
merchant,easy,7,53,0,0,0,0,0,0,0
merchant,easy,7,54,0,0,0,0,0,0,0
merchant,easy,7,55,0,0,0,0,0,0,0
merchant,easy,7,56,0,0,0,0,0,0,0
merchant,easy,7,57,0,0,0,0,0,0,0
merchant,easy,7,58,0,0,0,0,0,0,0
merchant,easy,7,59,0,0,0,0,0,0,0
merchant,easy,7,60,0,0,0,0,0,0,0
merchant,easy,7,61,0,0,0,0,0,0,0
merchant,easy,7,62,0,0,0,0,0,0,0
merchant,easy,7,63,0,0,0,0,0,0,0
merchant,easy,7,64,0,0,0,0,0,0,0
merchant,easy,7,65,0,0,0,0,0,0,0
merchant,easy,7,66,0,0,0,0,0,0,0
merchant,easy,7,67,0,0,0,0,0,0,0
merchant,easy,7,68,0,0,0,0,0,0,0
merchant,easy,7,69,0,0,0,0,0,0,0
merchant,easy,7,70,0,0,0,0,0,0,0
merchant,easy,7,71,0,0,0,0,0,0,0
merchant,easy,7,72,0,0,0,0,0,0,0
merchant,easy,7,73,0,0,0,0,0,0,0
merchant,easy,7,74,0,0,0,0,0,0,0
merchant,easy,7,75,0,0,0,0,0,0,0
merchant,easy,7,76,0,0,0,0,0,0,0
merchant,easy,7,77,0,0,0,0,0,0,0
merchant,easy,7,78,0,0,0,0,0,0,0
merchant,easy,7,79,0,0,0,0,0,0,0
merchant,easy,7,80,0,0,0,0,0,0,0
merchant,easy,7,81,0,0,0,0,0,0,0
merchant,easy,7,82,0,0,0,0,0,0,0
merchant,easy,7,83,0,0,0,0,0,0,0
merchant,easy,7,84,0,0,0,0,0,0,0
merchant,easy,7,85,0,0,0,0,0,0,0
merchant,easy,7,86,0,0,0,0,0,0,0
merchant,easy,7,87,0,0,0,0,0,0,0
merchant,easy,7,88,0,0,0,0,0,0,0
merchant,easy,7,89,0,0,0,0,0,0,0
merchant,easy,7,90,0,0,0,0,0,0,0
merchant,easy,7,91,0,0,0,0,0,0,0
merchant,easy,7,92,0,0,0,0,0,0,0
merchant,easy,7,93,0,0,0,0,0,0,0
merchant,easy,7,94,0,0,0,0,0,0,0
merchant,easy,7,95,0,0,0,0,0,0,0
merchant,easy,7,96,0,0,0,0,0,0,0
merchant,easy,7,97,0,0,0,0,0,0,0
merchant,easy,7,98,0,0,0,0,0,0,0
merchant,easy,7,99,0,0,0,0,0,0,0
merchant,easy,7,100,0,0,0,0,0,0,0
merchant,easy,19,1,31,0,0,0,0,0,0
merchant,easy,19,2,31,0,0,0,0,0,0
merchant,easy,19,3,31,0,0,0,0,0,0
merchant,easy,19,4,31,0,0,0,0,0,0
merchant,easy,19,5,31,0,0,0,0,0,0
merchant,easy,19,6,31,0,0,0,0,0,0
merchant,easy,19,7,31,0,0,0,0,0,0
merchant,easy,19,8,31,0,0,0,0,0,0
merchant,easy,19,9,31,0,0,0,0,0,0
merchant,easy,19,10,31,0,0,0,0,0,0
merchant,easy,19,11,31,0,0,0,0,0,0
merchant,easy,19,12,31,0,0,0,0,0,0
merchant,easy,19,13,31,0,0,0,0,0,0
merchant,easy,19,14,31,0,0,0,0,0,0
merchant,easy,19,15,31,0,0,0,0,0,0
merchant,easy,19,16,31,0,0,0,0,0,0
merchant,easy,19,17,19,0,0,0,0,0,0
merchant,easy,19,18,19,0,0,0,0,0,0
merchant,easy,19,19,19,0,0,0,0,0,0
merchant,easy,19,20,19,0,0,0,0,0,0
merchant,easy,19,21,19,0,0,0,0,0,0
merchant,easy,19,22,19,0,0,0,0,0,0
merchant,easy,19,23,19,0,0,0,0,0,0
merchant,easy,19,24,19,0,0,0,0,0,0
merchant,easy,19,25,19,0,0,0,0,0,0
merchant,easy,19,26,19,0,0,0,0,0,0
merchant,easy,19,27,19,0,0,0,0,0,0
merchant,easy,19,28,19,0,0,0,0,0,0
merchant,easy,19,29,19,0,0,0,0,0,0
merchant,easy,19,30,19,0,0,0,0,0,0
merchant,easy,19,31,19,0,0,0,0,0,0
merchant,easy,19,32,19,0,0,0,0,0,0
merchant,easy,19,33,19,0,0,0,0,0,0
merchant,easy,19,34,19,0,0,0,0,0,0
merchant,easy,19,35,19,0,0,0,0,0,0
merchant,easy,19,36,19,0,0,0,0,0,0
merchant,easy,19,37,19,0,0,0,0,0,0
merchant,easy,19,38,19,0,0,0,0,0,0
merchant,easy,19,39,19,0,0,0,0,0,0
merchant,easy,19,40,19,0,0,0,0,0,0
merchant,easy,19,41,19,0,0,0,0,0,0
merchant,easy,19,42,2,0,0,0,0,0,0
merchant,easy,19,43,2,0,0,0,0,0,0
merchant,easy,19,44,2,0,0,0,0,0,0
merchant,easy,19,45,2,0,0,0,0,0,0
merchant,easy,19,46,2,0,0,0,0,0,0
merchant,easy,19,47,0,0,0,0,0,0,0
merchant,easy,19,48,0,0,0,0,0,0,0
merchant,easy,19,49,0,0,0,0,0,0,0
merchant,easy,19,50,0,0,0,0,0,0,0
merchant,easy,19,51,0,0,0,0,0,0,0
merchant,easy,19,52,0,0,0,0,0,0,0
merchant,easy,19,53,0,0,0,0,0,0,0
merchant,easy,19,54,0,0,0,0,0,0,0
merchant,easy,19,55,0,0,0,0,0,0,0
merchant,easy,19,56,0,0,0,0,0,0,0
merchant,easy,19,57,0,0,0,0,0,0,0
merchant,easy,19,58,0,0,0,0,0,0,0
merchant,easy,19,59,0,0,0,0,0,0,0
merchant,easy,19,60,0,0,0,0,0,0,0
merchant,easy,19,61,0,0,0,0,0,0,0
merchant,easy,19,62,0,0,0,0,0,0,0
merchant,easy,19,63,0,0,0,0,0,0,0
merchant,easy,19,64,0,0,0,0,0,0,0
merchant,easy,19,65,0,0,0,0,0,0,0
merchant,easy,19,66,0,0,0,0,0,0,0
merchant,easy,19,67,0,0,0,0,0,0,0
merchant,easy,19,68,0,0,0,0,0,0,0
merchant,easy,19,69,0,0,0,0,0,0,0
merchant,easy,19,70,0,0,0,0,0,0,0
merchant,easy,19,71,0,0,0,0,0,0,0
merchant,easy,19,72,0,0,0,0,0,0,0
merchant,easy,19,73,0,0,0,0,0,0,0
merchant,easy,19,74,0,0,0,0,0,0,0
merchant,easy,19,75,0,0,0,0,0,0,0
merchant,easy,19,76,0,0,0,0,0,0,0
merchant,easy,19,77,0,0,0,0,0,0,0
merchant,easy,19,78,0,0,0,0,0,0,0
merchant,easy,19,79,0,0,0,0,0,0,0
merchant,easy,19,80,0,0,0,0,0,0,0
merchant,easy,19,81,0,0,0,0,0,0,0
merchant,easy,19,82,0,0,0,0,0,0,0
merchant,easy,19,83,0,0,0,0,0,0,0
merchant,easy,19,84,0,0,0,0,0,0,0
merchant,easy,19,85,0,0,0,0,0,0,0
merchant,easy,19,86,0,0,0,0,0,0,0
merchant,easy,19,87,0,0,0,0,0,0,0
merchant,easy,19,88,0,0,0,0,0,0,0
merchant,easy,19,89,0,0,0,0,0,0,0
merchant,easy,19,90,0,0,0,0,0,0,0
merchant,easy,19,91,0,0,0,0,0,0,0
merchant,easy,19,92,0,0,0,0,0,0,0
merchant,easy,19,93,0,0,0,0,0,0,0
merchant,easy,19,94,0,0,0,0,0,0,0
merchant,easy,19,95,0,0,0,0,0,0,0
merchant,easy,19,96,0,0,0,0,0,0,0
merchant,easy,19,97,0,0,0,0,0,0,0
merchant,easy,19,98,0,0,0,0,0,0,0
merchant,easy,19,99,0,0,0,0,0,0,0
merchant,easy,19,100,0,0,0,0,0,0,0
merchant,easy,42,1,22,0,0,0,0,0,0
merchant,easy,42,2,0,0,0,0,0,0,0
merchant,easy,42,3,0,0,0,0,0,0,0
merchant,easy,42,4,0,0,0,0,0,0,0
merchant,easy,42,5,0,0,0,0,0,0,0
merchant,easy,42,6,0,0,0,0,0,0,0
merchant,easy,42,7,0,0,0,0,0,0,0
merchant,easy,42,8,0,0,0,0,0,0,0
merchant,easy,42,9,0,0,0,0,0,0,0
merchant,easy,42,10,0,0,0,0,0,0,0
merchant,easy,42,11,0,0,0,0,0,0,0
merchant,easy,42,12,0,0,0,0,0,0,0
merchant,easy,42,13,0,0,0,0,0,0,0
merchant,easy,42,14,0,0,0,0,0,0,0
merchant,easy,42,15,0,0,0,0,0,0,0
merchant,easy,42,16,0,0,0,0,0,0,0
merchant,easy,42,17,0,0,0,0,0,0,0
merchant,easy,42,18,0,0,0,0,0,0,0
merchant,easy,42,19,0,0,0,0,0,0,0
merchant,easy,42,20,0,0,0,0,0,0,0
merchant,easy,42,21,0,0,0,0,0,0,0
merchant,easy,42,22,0,0,0,0,0,0,0
merchant,easy,42,23,0,0,0,0,0,0,0
merchant,easy,42,24,0,0,0,0,0,0,0
merchant,easy,42,25,0,0,0,0,0,0,0
merchant,easy,42,26,0,0,0,0,0,0,0
merchant,easy,42,27,0,0,0,0,0,0,0
merchant,easy,42,28,0,0,0,0,0,0,0
merchant,easy,42,29,0,0,0,0,0,0,0
merchant,easy,42,30,0,0,0,0,0,0,0
merchant,easy,42,31,0,0,0,0,0,0,0
merchant,easy,42,32,0,0,0,0,0,0,0
merchant,easy,42,33,0,0,0,0,0,0,0
merchant,easy,42,34,0,0,0,0,0,0,0
merchant,easy,42,35,0,0,0,0,0,0,0
merchant,easy,42,36,0,0,0,0,0,0,0
merchant,easy,42,37,0,0,0,0,0,0,0
merchant,easy,42,38,0,0,0,0,0,0,0
merchant,easy,42,39,0,0,0,0,0,0,0
merchant,easy,42,40,0,0,0,0,0,0,0
merchant,easy,42,41,0,0,0,0,0,0,0
merchant,easy,42,42,0,0,0,0,0,0,0
merchant,easy,42,43,0,0,0,0,0,0,0
merchant,easy,42,44,0,0,0,0,0,0,0
merchant,easy,42,45,0,0,0,0,0,0,0
merchant,easy,42,46,0,0,0,0,0,0,0
merchant,easy,42,47,0,0,0,0,0,0,0
merchant,easy,42,48,0,0,0,0,0,0,0
merchant,easy,42,49,0,0,0,0,0,0,0
merchant,easy,42,50,0,0,0,0,0,0,0
merchant,easy,42,51,0,0,0,0,0,0,0
merchant,easy,42,52,0,0,0,0,0,0,0
merchant,easy,42,53,0,0,0,0,0,0,0
merchant,easy,42,54,0,0,0,0,0,0,0
merchant,easy,42,55,0,0,0,0,0,0,0
merchant,easy,42,56,0,0,0,0,0,0,0
merchant,easy,42,57,0,0,0,0,0,0,0
merchant,easy,42,58,0,0,0,0,0,0,0
merchant,easy,42,59,0,0,0,0,0,0,0
merchant,easy,42,60,0,0,0,0,0,0,0
merchant,easy,42,61,0,0,0,0,0,0,0
merchant,easy,42,62,0,0,0,0,0,0,0
merchant,easy,42,63,0,0,0,0,0,0,0
merchant,easy,42,64,0,0,0,0,0,0,0
merchant,easy,42,65,0,0,0,0,0,0,0
merchant,easy,42,66,0,0,0,0,0,0,0
merchant,easy,42,67,0,0,0,0,0,0,0
merchant,easy,42,68,0,0,0,0,0,0,0
merchant,easy,42,69,0,0,0,0,0,0,0
merchant,easy,42,70,0,0,0,0,0,0,0
merchant,easy,42,71,0,0,0,0,0,0,0
merchant,easy,42,72,0,0,0,0,0,0,0
merchant,easy,42,73,0,0,0,0,0,0,0
merchant,easy,42,74,0,0,0,0,0,0,0
merchant,easy,42,75,0,0,0,0,0,0,0
merchant,easy,42,76,0,0,0,0,0,0,0
merchant,easy,42,77,0,0,0,0,0,0,0
merchant,easy,42,78,0,0,0,0,0,0,0
merchant,easy,42,79,0,0,0,0,0,0,0
merchant,easy,42,80,0,0,0,0,0,0,0
merchant,easy,42,81,0,0,0,0,0,0,0
merchant,easy,42,82,0,0,0,0,0,0,0
merchant,easy,42,83,0,0,0,0,0,0,0
merchant,easy,42,84,0,0,0,0,0,0,0
merchant,easy,42,85,0,0,0,0,0,0,0
merchant,easy,42,86,0,0,0,0,0,0,0
merchant,easy,42,87,0,0,0,0,0,0,0
merchant,easy,42,88,0,0,0,0,0,0,0
merchant,easy,42,89,0,0,0,0,0,0,0
merchant,easy,42,90,0,0,0,0,0,0,0
merchant,easy,42,91,0,0,0,0,0,0,0
merchant,easy,42,92,0,0,0,0,0,0,0
merchant,easy,42,93,0,0,0,0,0,0,0
merchant,easy,42,94,0,0,0,0,0,0,0
merchant,easy,42,95,0,0,0,0,0,0,0
merchant,easy,42,96,0,0,0,0,0,0,0
merchant,easy,42,97,0,0,0,0,0,0,0
merchant,easy,42,98,0,0,0,0,0,0,0
merchant,easy,42,99,0,0,0,0,0,0,0
merchant,easy,42,100,0,0,0,0,0,0,0
nomad,easy,7,1,119,1,1,0,0,0,0
nomad,easy,7,2,156,2,2,0,0,0,35
nomad,easy,7,3,27,1,1,0,0,0,35
nomad,easy,7,4,0,0,0,0,0,0,35
nomad,easy,7,5,0,0,0,0,0,0,35
nomad,easy,7,6,0,0,0,0,0,0,35
nomad,easy,7,7,0,0,0,0,0,0,35
nomad,easy,7,8,0,0,0,0,0,0,35
nomad,easy,7,9,0,0,0,0,0,0,35
nomad,easy,7,10,3,0,0,0,0,0,35
nomad,easy,7,11,3,0,0,0,0,0,35
nomad,easy,7,12,3,0,0,0,0,0,35
nomad,easy,7,13,3,0,0,0,0,0,35
nomad,easy,7,14,0,0,0,0,0,0,35
nomad,easy,7,15,0,0,0,0,0,0,35
nomad,easy,7,16,0,0,0,0,0,0,35
nomad,easy,7,17,0,0,0,0,0,0,35
nomad,easy,7,18,0,0,0,0,0,0,35
nomad,easy,7,19,0,0,0,0,0,0,35
nomad,easy,7,20,0,0,0,0,0,0,35
nomad,easy,19,1,110,2,2,0,0,0,0
nomad,easy,19,2,154,2,2,0,0,0,6
nomad,easy,19,3,128,2,2,0,0,0,6
nomad,easy,19,4,107,2,2,0,0,0,6
nomad,easy,19,5,88,2,2,0,0,0,6
nomad,easy,19,6,29,2,2,0,0,0,6
nomad,easy,19,7,3,1,1,0,0,0,6
nomad,easy,19,8,0,0,0,0,0,0,6
nomad,easy,19,9,0,0,0,0,0,0,6
nomad,easy,19,10,60,1,1,0,0,0,6
nomad,easy,19,11,60,1,1,0,0,0,6
nomad,easy,19,12,56,1,1,0,0,0,13
nomad,easy,19,13,46,1,1,0,0,0,13
nomad,easy,19,14,15,1,1,0,0,0,13
nomad,easy,19,15,0,0,0,0,0,0,13
nomad,easy,19,16,0,0,0,0,0,0,13
nomad,easy,19,17,0,0,0,0,0,0,13
nomad,easy,19,18,0,0,0,0,0,0,13
nomad,easy,19,19,0,0,0,0,0,0,13
nomad,easy,19,20,0,0,0,0,0,0,13
nomad,easy,19,21,0,0,0,0,0,0,13
nomad,easy,19,22,29,0,0,0,0,0,13
nomad,easy,42,1,112,1,1,0,0,0,0
nomad,easy,42,2,9,2,2,0,0,0,6
nomad,easy,42,3,3,1,1,0,0,0,6
nomad,easy,42,4,3,1,1,0,0,0,6
nomad,easy,42,5,3,1,1,0,0,0,6
nomad,easy,42,6,0,0,0,0,0,0,6
nomad,easy,42,7,0,0,0,0,0,0,6
nomad,easy,42,8,28,0,0,0,0,0,6
nomad,easy,42,9,21,0,0,0,0,0,6
nomad,easy,42,10,15,0,0,0,0,0,6
nomad,easy,42,11,11,0,0,0,0,0,6
nomad,easy,42,12,7,0,0,0,0,0,6
nomad,easy,42,13,5,0,0,0,0,0,6
nomad,easy,42,14,0,0,0,0,0,0,6
nomad,easy,42,15,0,0,0,0,0,0,6
nomad,easy,42,16,0,0,0,0,0,0,6
nomad,easy,42,17,0,0,0,0,0,0,6
nomad,easy,42,18,0,0,0,0,0,0,6
nomad,easy,42,19,0,0,0,0,0,0,6
nomad,easy,42,20,49,1,1,0,0,0,6
nomad,easy,42,21,46,1,1,0,0,0,6
nomad,easy,42,22,46,1,1,0,0,0,6
nomad,easy,42,23,46,1,1,0,0,0,6
nomad,easy,42,24,0,0,0,0,0,0,6
builder,easy,7,1,29,0,0,0,0,0,0
builder,easy,7,2,29,0,0,0,0,0,0
builder,easy,7,3,27,0,0,0,0,0,0
builder,easy,7,4,24,0,0,0,0,0,0
builder,easy,7,5,22,0,0,0,0,0,0
builder,easy,7,6,2,0,0,0,0,0,0
builder,easy,7,7,2,0,0,0,0,0,0
builder,easy,7,8,2,0,0,0,0,0,0
builder,easy,7,9,2,0,0,0,0,0,0
builder,easy,7,10,2,0,0,0,0,0,0
builder,easy,7,11,2,0,0,0,0,0,0
builder,easy,7,12,2,0,0,0,0,0,0
builder,easy,7,13,2,0,0,0,0,0,0
builder,easy,7,14,2,0,0,0,0,0,0
builder,easy,7,15,0,0,0,0,0,0,0
builder,easy,7,16,0,0,0,0,0,0,0
builder,easy,7,17,0,0,0,0,0,0,0
builder,easy,7,18,0,0,0,0,0,0,0
builder,easy,7,19,0,0,0,0,0,0,0
builder,easy,7,20,0,0,0,0,0,0,0
builder,easy,7,21,0,0,0,0,0,0,0
builder,easy,7,22,0,0,0,0,0,0,0
builder,easy,7,23,0,0,0,0,0,0,0
builder,easy,7,24,0,0,0,0,0,0,0
builder,easy,7,25,0,0,0,0,0,0,0
builder,easy,7,26,0,0,0,0,0,0,0
builder,easy,7,27,0,0,0,0,0,0,0
builder,easy,7,28,0,0,0,0,0,0,0
builder,easy,7,29,0,0,0,0,0,0,0
builder,easy,7,30,0,0,0,0,0,0,0
builder,easy,7,31,0,0,0,0,0,0,0
builder,easy,7,32,0,0,0,0,0,0,0
builder,easy,7,33,0,0,0,0,0,0,0
builder,easy,7,34,0,0,0,0,0,0,0
builder,easy,7,35,0,0,0,0,0,0,0
builder,easy,7,36,0,0,0,0,0,0,0
builder,easy,7,37,0,0,0,0,0,0,0
builder,easy,7,38,0,0,0,0,0,0,0
builder,easy,7,39,0,0,0,0,0,0,0
builder,easy,7,40,0,0,0,0,0,0,0
builder,easy,7,41,0,0,0,0,0,0,0
builder,easy,7,42,0,0,0,0,0,0,0
builder,easy,7,43,0,0,0,0,0,0,0
builder,easy,7,44,0,0,0,0,0,0,0
builder,easy,7,45,0,0,0,0,0,0,0
builder,easy,7,46,0,0,0,0,0,0,0
builder,easy,7,47,0,0,0,0,0,0,0
builder,easy,7,48,0,0,0,0,0,0,0
builder,easy,7,49,0,0,0,0,0,0,0
builder,easy,7,50,0,0,0,0,0,0,0
builder,easy,7,51,0,0,0,0,0,0,0
builder,easy,7,52,0,0,0,0,0,0,0
builder,easy,7,53,0,0,0,0,0,0,0
builder,easy,7,54,0,0,0,0,0,0,0
builder,easy,7,55,0,0,0,0,0,0,0
builder,easy,7,56,0,0,0,0,0,0,0
builder,easy,7,57,0,0,0,0,0,0,0
builder,easy,7,58,0,0,0,0,0,0,0
builder,easy,7,59,0,0,0,0,0,0,0
builder,easy,7,60,0,0,0,0,0,0,0
builder,easy,7,61,0,0,0,0,0,0,0
builder,easy,7,62,0,0,0,0,0,0,0
builder,easy,7,63,0,0,0,0,0,0,0
builder,easy,7,64,0,0,0,0,0,0,0
builder,easy,7,65,0,0,0,0,0,0,0
builder,easy,7,66,0,0,0,0,0,0,0
builder,easy,7,67,0,0,0,0,0,0,0
builder,easy,7,68,0,0,0,0,0,0,0
builder,easy,7,69,0,0,0,0,0,0,0
builder,easy,7,70,0,0,0,0,0,0,0
builder,easy,7,71,0,0,0,0,0,0,0
builder,easy,7,72,0,0,0,0,0,0,0
builder,easy,7,73,0,0,0,0,0,0,0
builder,easy,7,74,0,0,0,0,0,0,0
builder,easy,7,75,0,0,0,0,0,0,0
builder,easy,7,76,0,0,0,0,0,0,0
builder,easy,7,77,0,0,0,0,0,0,0
builder,easy,7,78,0,0,0,0,0,0,0
builder,easy,7,79,0,0,0,0,0,0,0
builder,easy,7,80,0,0,0,0,0,0,0
builder,easy,7,81,0,0,0,0,0,0,0
builder,easy,7,82,0,0,0,0,0,0,0
builder,easy,7,83,0,0,0,0,0,0,0
builder,easy,7,84,0,0,0,0,0,0,0
builder,easy,7,85,0,0,0,0,0,0,0
builder,easy,7,86,0,0,0,0,0,0,0
builder,easy,7,87,0,0,0,0,0,0,0
builder,easy,7,88,0,0,0,0,0,0,0
builder,easy,7,89,0,0,0,0,0,0,0
builder,easy,7,90,0,0,0,0,0,0,0
builder,easy,7,91,0,0,0,0,0,0,0
builder,easy,7,92,0,0,0,0,0,0,0
builder,easy,7,93,0,0,0,0,0,0,0
builder,easy,7,94,0,0,0,0,0,0,0
builder,easy,7,95,0,0,0,0,0,0,0
builder,easy,7,96,0,0,0,0,0,0,0
builder,easy,7,97,0,0,0,0,0,0,0
builder,easy,7,98,0,0,0,0,0,0,0
builder,easy,7,99,0,0,0,0,0,0,0
builder,easy,7,100,0,0,0,0,0,0,0
builder,easy,19,1,31,0,0,0,0,0,0
builder,easy,19,2,31,0,0,0,0,0,0
builder,easy,19,3,31,0,0,0,0,0,0
builder,easy,19,4,31,0,0,0,0,0,0
builder,easy,19,5,31,0,0,0,0,0,0
builder,easy,19,6,29,0,0,0,0,0,0
builder,easy,19,7,25,0,0,0,0,0,0
builder,easy,19,8,23,0,0,0,0,0,0
builder,easy,19,9,20,0,0,0,0,0,0
builder,easy,19,10,19,0,0,0,0,0,0
builder,easy,19,11,19,0,0,0,0,0,0
builder,easy,19,12,19,0,0,0,0,0,0
builder,easy,19,13,19,0,0,0,0,0,0
builder,easy,19,14,19,0,0,0,0,0,0
builder,easy,19,15,19,0,0,0,0,0,0
builder,easy,19,16,19,0,0,0,0,0,0
builder,easy,19,17,19,0,0,0,0,0,0
builder,easy,19,18,19,0,0,0,0,0,0
builder,easy,19,19,16,0,0,0,0,0,0
builder,easy,19,20,14,0,0,0,0,0,0
builder,easy,19,21,14,0,0,0,0,0,0
builder,easy,19,22,13,0,0,0,0,0,0
builder,easy,19,23,13,0,0,0,0,0,0
builder,easy,19,24,13,0,0,0,0,0,0
builder,easy,19,25,13,0,0,0,0,0,0
builder,easy,19,26,13,0,0,0,0,0,0
builder,easy,19,27,10,0,0,0,0,0,0
builder,easy,19,28,10,0,0,0,0,0,0
builder,easy,19,29,10,0,0,0,0,0,0
builder,easy,19,30,10,0,0,0,0,0,0
builder,easy,19,31,10,0,0,0,0,0,0
builder,easy,19,32,7,0,0,0,0,0,0
builder,easy,19,33,7,0,0,0,0,0,0
builder,easy,19,34,7,0,0,0,0,0,0
builder,easy,19,35,7,0,0,0,0,0,0
builder,easy,19,36,7,0,0,0,0,0,0
builder,easy,19,37,7,0,0,0,0,0,0
builder,easy,19,38,7,0,0,0,0,0,0
builder,easy,19,39,6,0,0,0,0,0,0
builder,easy,19,40,6,0,0,0,0,0,0
builder,easy,19,41,6,0,0,0,0,0,0
builder,easy,19,42,6,0,0,0,0,0,0
builder,easy,19,43,6,0,0,0,0,0,0
builder,easy,19,44,6,0,0,0,0,0,0
builder,easy,19,45,6,0,0,0,0,0,0
builder,easy,19,46,6,0,0,0,0,0,0
builder,easy,19,47,6,0,0,0,0,0,0
builder,easy,19,48,6,0,0,0,0,0,0
builder,easy,19,49,6,0,0,0,0,0,0
builder,easy,19,50,6,0,0,0,0,0,0
builder,easy,19,51,6,0,0,0,0,0,0
builder,easy,19,52,6,0,0,0,0,0,0
builder,easy,19,53,1,0,0,0,0,0,0
builder,easy,19,54,1,0,0,0,0,0,0
builder,easy,19,55,0,0,0,0,0,0,0
builder,easy,19,56,0,0,0,0,0,0,0
builder,easy,19,57,0,0,0,0,0,0,0
builder,easy,19,58,0,0,0,0,0,0,0
builder,easy,19,59,0,0,0,0,0,0,0
builder,easy,19,60,0,0,0,0,0,0,0
builder,easy,19,61,0,0,0,0,0,0,0
builder,easy,19,62,0,0,0,0,0,0,0
builder,easy,19,63,0,0,0,0,0,0,0
builder,easy,19,64,0,0,0,0,0,0,0
builder,easy,19,65,0,0,0,0,0,0,0
builder,easy,19,66,0,0,0,0,0,0,0
builder,easy,19,67,0,0,0,0,0,0,0
builder,easy,19,68,0,0,0,0,0,0,0
builder,easy,19,69,0,0,0,0,0,0,0
builder,easy,19,70,0,0,0,0,0,0,0
builder,easy,19,71,0,0,0,0,0,0,0
builder,easy,19,72,0,0,0,0,0,0,0
builder,easy,19,73,0,0,0,0,0,0,0
builder,easy,19,74,0,0,0,0,0,0,0
builder,easy,19,75,0,0,0,0,0,0,0
builder,easy,19,76,0,0,0,0,0,0,0
builder,easy,19,77,0,0,0,0,0,0,0
builder,easy,19,78,0,0,0,0,0,0,0
builder,easy,19,79,0,0,0,0,0,0,0
builder,easy,19,80,0,0,0,0,0,0,0
builder,easy,19,81,0,0,0,0,0,0,0
builder,easy,19,82,0,0,0,0,0,0,0
builder,easy,19,83,0,0,0,0,0,0,0
builder,easy,19,84,0,0,0,0,0,0,0
builder,easy,19,85,0,0,0,0,0,0,0
builder,easy,19,86,0,0,0,0,0,0,0
builder,easy,19,87,0,0,0,0,0,0,0
builder,easy,19,88,0,0,0,0,0,0,0
builder,easy,19,89,0,0,0,0,0,0,0
builder,easy,19,90,0,0,0,0,0,0,0
builder,easy,19,91,0,0,0,0,0,0,0
builder,easy,19,92,0,0,0,0,0,0,0
builder,easy,19,93,0,0,0,0,0,0,0
builder,easy,19,94,0,0,0,0,0,0,0
builder,easy,19,95,0,0,0,0,0,0,0
builder,easy,19,96,0,0,0,0,0,0,0
builder,easy,19,97,0,0,0,0,0,0,0
builder,easy,19,98,0,0,0,0,0,0,0
builder,easy,19,99,0,0,0,0,0,0,0
builder,easy,19,100,0,0,0,0,0,0,0
builder,easy,42,1,22,0,0,0,0,0,0
builder,easy,42,2,0,0,0,0,0,0,0
builder,easy,42,3,0,0,0,0,0,0,0
builder,easy,42,4,0,0,0,0,0,0,0
builder,easy,42,5,0,0,0,0,0,0,0
builder,easy,42,6,0,0,0,0,0,0,0
builder,easy,42,7,0,0,0,0,0,0,0
builder,easy,42,8,0,0,0,0,0,0,0
builder,easy,42,9,0,0,0,0,0,0,0
builder,easy,42,10,0,0,0,0,0,0,0
builder,easy,42,11,0,0,0,0,0,0,0
builder,easy,42,12,0,0,0,0,0,0,0
builder,easy,42,13,0,0,0,0,0,0,0
builder,easy,42,14,0,0,0,0,0,0,0
builder,easy,42,15,0,0,0,0,0,0,0
builder,easy,42,16,0,0,0,0,0,0,0
builder,easy,42,17,0,0,0,0,0,0,0
builder,easy,42,18,0,0,0,0,0,0,0
builder,easy,42,19,0,0,0,0,0,0,0
builder,easy,42,20,0,0,0,0,0,0,0
builder,easy,42,21,0,0,0,0,0,0,0
builder,easy,42,22,0,0,0,0,0,0,0
builder,easy,42,23,0,0,0,0,0,0,0
isolationist,easy,7,1,26,0,0,0,0,0,0
isolationist,easy,7,2,3,0,0,0,0,0,0
isolationist,easy,7,3,0,0,0,0,0,0,0
isolationist,easy,7,4,0,0,0,0,0,0,0
isolationist,easy,7,5,0,0,0,0,0,0,0
isolationist,easy,7,6,0,0,0,0,0,0,0
isolationist,easy,7,7,0,0,0,0,0,0,0
isolationist,easy,7,8,0,0,0,0,0,0,0
isolationist,easy,7,9,0,0,0,0,0,0,0
isolationist,easy,7,10,0,0,0,0,0,0,0
isolationist,easy,7,11,0,0,0,0,0,0,0
isolationist,easy,7,12,0,0,0,0,0,0,0
isolationist,easy,7,13,0,0,0,0,0,0,0
isolationist,easy,7,14,0,0,0,0,0,0,0
isolationist,easy,7,15,0,0,0,0,0,0,0
isolationist,easy,7,16,0,0,0,0,0,0,0
isolationist,easy,7,17,0,0,0,0,0,0,0
isolationist,easy,7,18,0,0,0,0,0,0,0
isolationist,easy,19,1,31,0,0,0,0,0,0
isolationist,easy,19,2,25,0,0,0,0,0,0
isolationist,easy,19,3,21,0,0,0,0,0,0
isolationist,easy,19,4,17,0,0,0,0,0,0
isolationist,easy,19,5,13,0,0,0,0,0,0
isolationist,easy,19,6,1,0,0,0,0,0,0
isolationist,easy,19,7,0,0,0,0,0,0,0
isolationist,easy,19,8,0,0,0,0,0,0,0
isolationist,easy,19,9,0,0,0,0,0,0,0
isolationist,easy,19,10,0,0,0,0,0,0,0
isolationist,easy,19,11,0,0,0,0,0,0,0
isolationist,easy,19,12,0,0,0,0,0,0,0
isolationist,easy,19,13,0,0,0,0,0,0,0
isolationist,easy,19,14,0,0,0,0,0,0,0
isolationist,easy,19,15,0,0,0,0,0,0,0
isolationist,easy,19,16,0,0,0,0,0,0,0
isolationist,easy,19,17,0,0,0,0,0,0,0
isolationist,easy,19,18,0,0,0,0,0,0,0
isolationist,easy,19,19,0,0,0,0,0,0,0
isolationist,easy,19,20,0,0,0,0,0,0,0
isolationist,easy,19,21,0,0,0,0,0,0,0
isolationist,easy,42,1,19,0,0,0,0,0,0
isolationist,easy,42,2,0,0,0,0,0,0,0
isolationist,easy,42,3,0,0,0,0,0,0,0
isolationist,easy,42,4,0,0,0,0,0,0,0
isolationist,easy,42,5,0,0,0,0,0,0,0
isolationist,easy,42,6,0,0,0,0,0,0,0
isolationist,easy,42,7,0,0,0,0,0,0,0
isolationist,easy,42,8,0,0,0,0,0,0,0
isolationist,easy,42,9,0,0,0,0,0,0,0
isolationist,easy,42,10,0,0,0,0,0,0,0
isolationist,easy,42,11,0,0,0,0,0,0,0
isolationist,easy,42,12,0,0,0,0,0,0,0
isolationist,easy,42,13,0,0,0,0,0,0,0
isolationist,easy,42,14,0,0,0,0,0,0,0
isolationist,easy,42,15,0,0,0,0,0,0,0
isolationist,easy,42,16,0,0,0,0,0,0,0
isolationist,easy,42,17,0,0,0,0,0,0,0
isolationist,easy,42,18,0,0,0,0,0,0,0
isolationist,easy,42,19,0,0,0,0,0,0,0
isolationist,easy,42,20,0,0,0,0,0,0,0
isolationist,easy,42,21,0,0,0,0,0,0,0
isolationist,easy,42,22,0,0,0,0,0,0,0
expansionist,easy,7,1,29,0,0,0,0,0,0
expansionist,easy,7,2,2,0,0,0,0,0,0
expansionist,easy,7,3,0,0,0,0,0,0,0
expansionist,easy,7,4,0,0,0,0,0,0,0
expansionist,easy,7,5,0,0,0,0,0,0,0
expansionist,easy,7,6,0,0,0,0,0,0,0
expansionist,easy,7,7,0,0,0,0,0,0,0
expansionist,easy,7,8,0,0,0,0,0,0,0
expansionist,easy,7,9,0,0,0,0,0,0,0
expansionist,easy,7,10,0,0,0,0,0,0,0
expansionist,easy,7,11,0,0,0,0,0,0,0
expansionist,easy,7,12,0,0,0,0,0,0,0
expansionist,easy,7,13,0,0,0,0,0,0,0
expansionist,easy,7,14,0,0,0,0,0,0,0
expansionist,easy,7,15,0,0,0,0,0,0,0
expansionist,easy,7,16,0,0,0,0,0,0,0
expansionist,easy,7,17,0,0,0,0,0,0,0
expansionist,easy,7,18,0,0,0,0,0,0,0
expansionist,easy,7,19,0,0,0,0,0,0,0
expansionist,easy,19,1,30,0,0,0,0,0,0
expansionist,easy,19,2,23,0,0,0,0,0,0
expansionist,easy,19,3,19,0,0,0,0,0,0
expansionist,easy,19,4,15,0,0,0,0,0,0
expansionist,easy,19,5,11,0,0,0,0,0,0
expansionist,easy,19,6,1,0,0,0,0,0,0
expansionist,easy,19,7,0,0,0,0,0,0,0
expansionist,easy,19,8,0,0,0,0,0,0,0
expansionist,easy,19,9,0,0,0,0,0,0,0
expansionist,easy,19,10,320,1,0,0,0,0,0
expansionist,easy,19,11,0,0,0,0,0,0,0
expansionist,easy,19,12,0,0,0,0,0,0,0
expansionist,easy,19,13,0,0,0,0,0,0,0
expansionist,easy,19,14,0,0,0,0,0,0,0
expansionist,easy,19,15,0,0,0,0,0,0,0
expansionist,easy,19,16,0,0,0,0,0,0,0
expansionist,easy,19,17,0,0,0,0,0,0,0
expansionist,easy,19,18,0,0,0,0,0,0,0
expansionist,easy,42,1,20,0,0,0,0,0,0
expansionist,easy,42,2,0,0,0,0,0,0,0
expansionist,easy,42,3,0,0,0,0,0,0,0
expansionist,easy,42,4,0,0,0,0,0,0,0
expansionist,easy,42,5,0,0,0,0,0,0,0
expansionist,easy,42,6,0,0,0,0,0,0,0
expansionist,easy,42,7,0,0,0,0,0,0,0
expansionist,easy,42,8,0,0,0,0,0,0,0
expansionist,easy,42,9,0,0,0,0,0,0,0
expansionist,easy,42,10,0,0,0,0,0,0,0
expansionist,easy,42,11,0,0,0,0,0,0,0
expansionist,easy,42,12,0,0,0,0,0,0,0
expansionist,easy,42,13,0,0,0,0,0,0,0
expansionist,easy,42,14,0,0,0,0,0,0,0
expansionist,easy,42,15,0,0,0,0,0,0,0
expansionist,easy,42,16,0,0,0,0,0,0,0
expansionist,easy,42,17,0,0,0,0,0,0,0
expansionist,easy,42,18,0,0,0,0,0,0,0
expansionist,easy,42,19,0,0,0,0,0,0,0
expansionist,easy,42,20,0,0,0,0,0,0,0
balanced,easy,7,1,54,0,0,0,0,0,0
balanced,easy,7,2,45,0,0,0,0,0,0
balanced,easy,7,3,33,0,0,0,0,0,0
balanced,easy,7,4,26,0,0,0,0,0,0
balanced,easy,7,5,22,0,0,0,0,0,0
balanced,easy,7,6,2,0,0,0,0,0,0
balanced,easy,7,7,0,0,0,0,0,0,0
balanced,easy,7,8,0,0,0,0,0,0,0
balanced,easy,7,9,0,0,0,0,0,0,0
balanced,easy,7,10,0,0,0,0,0,0,0
balanced,easy,7,11,0,0,0,0,0,0,0
balanced,easy,7,12,0,0,0,0,0,0,0
balanced,easy,7,13,0,0,0,0,0,0,0
balanced,easy,7,14,0,0,0,0,0,0,0
balanced,easy,7,15,0,0,0,0,0,0,0
balanced,easy,7,16,0,0,0,0,0,0,0
balanced,easy,7,17,0,0,0,0,0,0,0
balanced,easy,7,18,0,0,0,0,0,0,0
balanced,easy,7,19,0,0,0,0,0,0,0
balanced,easy,7,20,0,0,0,0,0,0,0
balanced,easy,7,21,0,0,0,0,0,0,0
balanced,easy,19,1,56,0,0,0,0,0,0
balanced,easy,19,2,56,0,0,0,0,0,0
balanced,easy,19,3,81,0,0,0,0,0,0
balanced,easy,19,4,97,0,0,0,0,0,0
balanced,easy,19,5,97,0,0,0,0,0,0
balanced,easy,19,6,97,0,0,0,0,0,0
balanced,easy,19,7,97,0,0,0,0,0,0
balanced,easy,19,8,97,0,0,0,0,0,0
balanced,easy,19,9,94,0,0,0,0,0,0
balanced,easy,19,10,119,0,0,0,0,0,0
balanced,easy,19,11,144,0,0,0,0,0,0
balanced,easy,19,12,144,0,0,0,0,0,0
balanced,easy,19,13,169,0,0,0,0,0,0
balanced,easy,19,14,194,0,0,0,0,0,0
balanced,easy,19,15,219,0,0,0,0,0,0
balanced,easy,19,16,244,0,0,0,0,0,0
balanced,easy,19,17,244,0,0,0,0,0,0
balanced,easy,19,18,269,0,0,0,0,0,0
balanced,easy,19,19,294,0,0,0,0,0,0
balanced,easy,19,20,319,0,0,0,0,0,0
balanced,easy,19,21,344,0,0,0,0,0,0
balanced,easy,19,22,344,0,0,0,0,0,0
balanced,easy,19,23,369,0,0,0,0,0,0
balanced,easy,19,24,369,0,0,0,0,0,0
balanced,easy,19,25,369,0,0,0,0,0,0
balanced,easy,19,26,394,0,0,0,0,0,0
balanced,easy,19,27,375,0,0,0,0,0,0
balanced,easy,19,28,338,0,0,0,0,0,0
balanced,easy,19,29,251,0,0,0,0,0,0
balanced,easy,19,30,218,0,0,0,0,0,0
balanced,easy,19,31,207,0,0,0,0,0,0
balanced,easy,19,32,197,0,0,0,0,0,0
balanced,easy,19,33,197,0,0,0,0,0,0
balanced,easy,19,34,197,0,0,0,0,0,0
balanced,easy,19,35,222,0,0,0,0,0,0
balanced,easy,19,36,247,0,0,0,0,0,0
balanced,easy,19,37,247,0,0,0,0,0,0
balanced,easy,19,38,272,0,0,0,0,0,0
balanced,easy,19,39,297,0,0,0,0,0,0
balanced,easy,19,40,322,0,0,0,0,0,0
balanced,easy,19,41,347,0,0,0,0,0,0
balanced,easy,19,42,347,0,0,0,0,0,0
balanced,easy,19,43,372,0,0,0,0,0,0
balanced,easy,19,44,397,0,0,0,0,0,0
balanced,easy,19,45,422,0,0,0,0,0,0
balanced,easy,19,46,447,0,0,0,0,0,0
balanced,easy,19,47,447,0,0,0,0,0,0
balanced,easy,19,48,472,0,0,0,0,0,0
balanced,easy,19,49,497,0,0,0,0,0,0
balanced,easy,19,50,522,0,0,0,0,0,0
balanced,easy,19,51,547,0,0,0,0,0,0
balanced,easy,19,52,547,0,0,0,0,0,0
balanced,easy,19,53,572,0,0,0,0,0,0
balanced,easy,19,54,597,0,0,0,0,0,0
balanced,easy,19,55,622,0,0,0,0,0,0
balanced,easy,19,56,647,0,0,0,0,0,0
balanced,easy,19,57,647,0,0,0,0,0,0
balanced,easy,19,58,672,0,0,0,0,0,0
balanced,easy,19,59,697,0,0,0,0,0,0
balanced,easy,19,60,722,0,0,0,0,0,0
balanced,easy,19,61,747,0,0,0,0,0,0
balanced,easy,19,62,585,0,0,0,0,0,0
balanced,easy,19,63,610,0,0,0,0,0,0
balanced,easy,19,64,635,0,0,0,0,0,0
balanced,easy,19,65,660,0,0,0,0,0,0
balanced,easy,19,66,685,0,0,0,0,0,0
balanced,easy,19,67,685,0,0,0,0,0,0
balanced,easy,19,68,710,0,0,0,0,0,0
balanced,easy,19,69,735,0,0,0,0,0,0
balanced,easy,19,70,760,0,0,0,0,0,0
balanced,easy,19,71,785,0,0,0,0,0,0
balanced,easy,19,72,785,0,0,0,0,0,0
balanced,easy,19,73,810,0,0,0,0,0,0
balanced,easy,19,74,835,0,0,0,0,0,0
balanced,easy,19,75,860,0,0,0,0,0,0
balanced,easy,19,76,885,0,0,0,0,0,0
balanced,easy,19,77,885,0,0,0,0,0,0
balanced,easy,19,78,910,0,0,0,0,0,0
balanced,easy,19,79,935,0,0,0,0,0,0
balanced,easy,19,80,960,0,0,0,0,0,0
balanced,easy,19,81,985,0,0,0,0,0,0
balanced,easy,19,82,985,0,0,0,0,0,0
balanced,easy,19,83,1010,0,0,0,0,0,0
balanced,easy,19,84,1035,0,0,0,0,0,0
balanced,easy,19,85,1060,0,0,0,0,0,0
balanced,easy,19,86,866,0,0,0,0,0,0
balanced,easy,19,87,866,0,0,0,0,0,0
balanced,easy,19,88,891,0,0,0,0,0,0
balanced,easy,19,89,916,0,0,0,0,0,0
balanced,easy,19,90,941,0,0,0,0,0,0
balanced,easy,19,91,966,0,0,0,0,0,0
balanced,easy,19,92,738,0,0,0,0,0,0
balanced,easy,19,93,763,0,0,0,0,0,0
balanced,easy,19,94,788,0,0,0,0,0,0
balanced,easy,19,95,813,0,0,0,0,0,0
balanced,easy,19,96,838,0,0,0,0,0,0
balanced,easy,19,97,838,0,0,0,0,0,0
balanced,easy,19,98,863,0,0,0,0,0,0
balanced,easy,19,99,888,0,0,0,0,0,0
balanced,easy,19,100,913,0,0,0,0,0,0
balanced,easy,42,1,47,0,0,0,0,0,0
balanced,easy,42,2,26,0,0,0,0,0,0
balanced,easy,42,3,26,0,0,0,0,0,0
balanced,easy,42,4,2,0,0,0,0,0,0
balanced,easy,42,5,2,0,0,0,0,0,0
balanced,easy,42,6,0,0,0,0,0,0,0
balanced,easy,42,7,0,0,0,0,0,0,0
balanced,easy,42,8,0,0,0,0,0,0,0
balanced,easy,42,9,0,0,0,0,0,0,0
balanced,easy,42,10,0,0,0,0,0,0,0
balanced,easy,42,11,0,0,0,0,0,0,0
balanced,easy,42,12,0,0,0,0,0,0,0
balanced,easy,42,13,0,0,0,0,0,0,0
balanced,easy,42,14,0,0,0,0,0,0,0
balanced,easy,42,15,0,0,0,0,0,0,0
balanced,easy,42,16,0,0,0,0,0,0,0
balanced,easy,42,17,0,0,0,0,0,0,0
balanced,easy,42,18,0,0,0,0,0,0,0
balanced,easy,42,19,0,0,0,0,0,0,0
balanced,easy,42,20,0,0,0,0,0,0,0
balanced,easy,42,21,0,0,0,0,0,0,0
balanced,easy,42,22,0,0,0,0,0,0,0
balanced,easy,42,23,0,0,0,0,0,0,0
balanced,easy,42,24,0,0,0,0,0,0,0
balanced,easy,42,25,0,0,0,0,0,0,0
exploit-hunter,easy,7,1,117,2,2,0,0,0,19
exploit-hunter,easy,7,2,201,2,2,0,0,0,37
exploit-hunter,easy,7,3,316,2,2,0,0,0,37
exploit-hunter,easy,7,4,384,2,2,0,0,0,37
exploit-hunter,easy,7,5,509,2,2,0,0,0,50
exploit-hunter,easy,7,6,649,2,2,0,0,0,50
exploit-hunter,easy,7,7,695,2,2,0,0,0,50
exploit-hunter,easy,7,8,735,2,2,0,0,0,50
exploit-hunter,easy,7,9,775,2,2,0,0,0,50
exploit-hunter,easy,7,10,855,2,2,0,0,0,50
exploit-hunter,easy,7,11,935,2,2,0,0,0,50
exploit-hunter,easy,7,12,1015,2,2,0,0,0,50
exploit-hunter,easy,7,13,1095,2,2,0,0,0,50
exploit-hunter,easy,7,14,1175,2,2,0,0,0,50
exploit-hunter,easy,7,15,1255,2,2,0,0,0,50
exploit-hunter,easy,7,16,1315,2,2,0,0,0,50
exploit-hunter,easy,7,17,1335,2,2,0,0,0,50
exploit-hunter,easy,7,18,1415,2,2,0,0,0,50
exploit-hunter,easy,7,19,1455,2,2,0,0,0,50
exploit-hunter,easy,7,20,1475,2,2,0,0,0,50
exploit-hunter,easy,7,21,1535,2,2,0,0,0,50
exploit-hunter,easy,7,22,1615,2,2,0,0,0,50
exploit-hunter,easy,7,23,1675,2,2,0,0,0,50
exploit-hunter,easy,7,24,1695,2,2,0,0,0,50
exploit-hunter,easy,7,25,1735,2,2,0,0,0,50
exploit-hunter,easy,7,26,1755,2,2,0,0,0,50
exploit-hunter,easy,7,27,1755,2,2,0,0,0,50
exploit-hunter,easy,7,28,1755,2,2,0,0,0,50
exploit-hunter,easy,7,29,1795,2,2,0,0,0,50
exploit-hunter,easy,7,30,1643,2,2,0,0,0,50
exploit-hunter,easy,7,31,1472,2,2,0,0,0,50
exploit-hunter,easy,7,32,1432,2,2,0,0,0,50
exploit-hunter,easy,7,33,1512,2,2,0,0,0,50
exploit-hunter,easy,7,34,1592,2,2,0,0,0,50
exploit-hunter,easy,7,35,1672,2,2,0,0,0,50
exploit-hunter,easy,7,36,1752,2,2,0,0,0,50
exploit-hunter,easy,7,37,1832,2,2,0,0,0,50
exploit-hunter,easy,7,38,1852,2,2,0,0,0,50
exploit-hunter,easy,7,39,1852,2,2,0,0,0,50
exploit-hunter,easy,7,40,1872,2,2,0,0,0,50
exploit-hunter,easy,7,41,1872,2,2,0,0,0,50
exploit-hunter,easy,7,42,1892,2,2,0,0,0,50
exploit-hunter,easy,7,43,1664,2,2,0,0,0,50
exploit-hunter,easy,7,44,1644,2,2,0,0,0,50
exploit-hunter,easy,7,45,1684,2,2,0,0,0,50
exploit-hunter,easy,7,46,1684,2,2,0,0,0,50
exploit-hunter,easy,7,47,1744,2,2,0,0,0,50
exploit-hunter,easy,7,48,1784,2,2,0,0,0,50
exploit-hunter,easy,7,49,1804,2,2,0,0,0,50
exploit-hunter,easy,7,50,1824,2,2,0,0,0,50
exploit-hunter,easy,7,51,1824,2,2,0,0,0,50
exploit-hunter,easy,7,52,1824,2,2,0,0,0,50
exploit-hunter,easy,7,53,1617,2,2,0,0,0,50
exploit-hunter,easy,19,1,131,2,2,0,0,0,21
exploit-hunter,easy,19,2,227,2,2,0,0,0,21
exploit-hunter,easy,19,3,308,2,2,0,0,0,21
exploit-hunter,easy,19,4,388,2,2,0,0,0,21
exploit-hunter,easy,19,5,468,2,2,0,0,0,21
exploit-hunter,easy,19,6,548,2,2,0,0,0,21
exploit-hunter,easy,19,7,628,2,2,0,0,0,21
exploit-hunter,easy,19,8,708,2,2,0,0,0,21
exploit-hunter,easy,19,9,788,2,2,0,0,0,21
exploit-hunter,easy,19,10,868,2,2,0,0,0,21
exploit-hunter,easy,19,11,948,2,2,0,0,0,21
exploit-hunter,easy,19,12,1028,2,2,0,0,0,21
exploit-hunter,easy,19,13,1108,2,2,0,0,0,21
exploit-hunter,easy,19,14,1188,2,2,0,0,0,21
exploit-hunter,easy,19,15,1268,2,2,0,0,0,21
exploit-hunter,easy,19,16,1348,2,2,0,0,0,21
exploit-hunter,easy,19,17,1428,2,2,0,0,0,21
exploit-hunter,easy,19,18,1508,2,2,0,0,0,21
exploit-hunter,easy,19,19,1588,2,2,0,0,0,21
exploit-hunter,easy,19,20,1668,2,2,0,0,0,21
exploit-hunter,easy,19,21,1748,2,2,0,0,0,21
exploit-hunter,easy,19,22,1828,2,2,0,0,0,21
exploit-hunter,easy,19,23,1908,2,2,0,0,0,21
exploit-hunter,easy,19,24,1988,2,2,0,0,0,21
exploit-hunter,easy,19,25,2068,2,2,0,0,0,21
exploit-hunter,easy,19,26,2108,2,2,0,0,0,21
exploit-hunter,easy,19,27,2108,2,2,0,0,0,21
exploit-hunter,easy,19,28,2168,2,2,0,0,0,21
exploit-hunter,easy,19,29,1950,2,2,0,0,0,21
exploit-hunter,easy,19,30,1838,2,2,0,0,0,21
exploit-hunter,easy,19,31,1838,2,2,0,0,0,21
exploit-hunter,easy,19,32,1838,2,2,0,0,0,21
exploit-hunter,easy,19,33,1838,2,2,0,0,0,21
exploit-hunter,easy,19,34,1838,2,2,0,0,0,21
exploit-hunter,easy,19,35,1898,2,2,0,0,0,21
exploit-hunter,easy,19,36,1978,2,2,0,0,0,21
exploit-hunter,easy,19,37,2058,2,2,0,0,0,21
exploit-hunter,easy,19,38,2138,2,2,0,0,0,21
exploit-hunter,easy,19,39,2218,2,2,0,0,0,21
exploit-hunter,easy,19,40,2298,2,2,0,0,0,21
exploit-hunter,easy,19,41,2378,2,2,0,0,0,21
exploit-hunter,easy,19,42,2458,2,2,0,0,0,21
exploit-hunter,easy,19,43,2538,2,2,0,0,0,21
exploit-hunter,easy,19,44,2618,2,2,0,0,0,21
exploit-hunter,easy,19,45,2563,2,2,0,0,0,21
exploit-hunter,easy,19,46,1943,2,2,0,0,0,21
exploit-hunter,easy,19,47,1507,2,2,0,0,0,21
exploit-hunter,easy,19,48,1409,2,2,0,0,0,21
exploit-hunter,easy,19,49,1449,2,2,0,0,0,21
exploit-hunter,easy,42,1,150,2,2,0,0,0,0
exploit-hunter,easy,42,2,177,2,2,0,0,0,10
exploit-hunter,easy,42,3,238,2,2,0,0,0,10
exploit-hunter,easy,42,4,323,2,2,0,0,0,15
exploit-hunter,easy,42,5,418,2,2,0,0,0,15
exploit-hunter,easy,42,6,498,2,2,0,0,0,15
exploit-hunter,easy,42,7,558,2,2,0,0,0,15
exploit-hunter,easy,42,8,638,2,2,0,0,0,15
exploit-hunter,easy,42,9,718,2,2,0,0,0,15
exploit-hunter,easy,42,10,798,2,2,0,0,0,15
exploit-hunter,easy,42,11,858,2,2,0,0,0,15
exploit-hunter,easy,42,12,918,2,2,0,0,0,15
exploit-hunter,easy,42,13,938,2,2,0,0,0,15
exploit-hunter,easy,42,14,998,2,2,0,0,0,15
exploit-hunter,easy,42,15,1078,2,2,0,0,0,15
exploit-hunter,easy,42,16,1138,2,2,0,0,0,15
exploit-hunter,easy,42,17,1198,2,2,0,0,0,15
exploit-hunter,easy,42,18,1238,2,2,0,0,0,15
exploit-hunter,easy,42,19,1258,2,2,0,0,0,15
exploit-hunter,easy,42,20,1338,2,2,0,0,0,15
exploit-hunter,easy,42,21,1418,2,2,0,0,0,15
exploit-hunter,easy,42,22,1478,2,2,0,0,0,15
exploit-hunter,easy,42,23,1478,2,2,0,0,0,15
exploit-hunter,easy,42,24,1558,2,2,0,0,0,15
exploit-hunter,easy,42,25,1638,2,2,0,0,0,15
exploit-hunter,easy,42,26,1658,2,2,0,0,0,15
exploit-hunter,easy,42,27,1658,2,2,0,0,0,15
exploit-hunter,easy,42,28,1658,2,2,0,0,0,15
exploit-hunter,easy,42,29,1576,2,2,0,0,0,15
exploit-hunter,easy,42,30,1656,2,2,0,0,0,15
exploit-hunter,easy,42,31,1736,2,2,0,0,0,15
exploit-hunter,easy,42,32,1776,2,2,0,0,0,15
exploit-hunter,easy,42,33,1776,2,2,0,0,0,15
exploit-hunter,easy,42,34,1776,2,2,0,0,0,15
exploit-hunter,easy,42,35,1776,2,2,0,0,0,15
exploit-hunter,easy,42,36,1776,2,2,0,0,0,15
exploit-hunter,easy,42,37,1776,2,2,0,0,0,15
exploit-hunter,easy,42,38,1816,2,2,0,0,0,15
exploit-hunter,easy,42,39,1876,2,2,0,0,0,15
exploit-hunter,easy,42,40,1876,2,2,0,0,0,15
exploit-hunter,easy,42,41,1481,2,2,0,0,0,15
exploit-hunter,easy,42,42,1273,2,2,0,0,0,15
exploit-hunter,easy,42,43,976,2,2,0,0,0,15
exploit-hunter,easy,42,44,930,2,2,0,0,0,15
exploit-hunter,easy,42,45,915,2,2,0,0,0,15
exploit-hunter,easy,42,46,935,2,2,0,0,0,15
exploit-hunter,easy,42,47,975,2,2,0,0,0,15
exploit-hunter,easy,42,48,1055,2,2,0,0,0,15
exploit-hunter,easy,42,49,1135,2,2,0,0,0,15
exploit-hunter,easy,42,50,1215,2,2,0,0,0,15
exploit-hunter,easy,42,51,1295,2,2,0,0,0,15
exploit-hunter,easy,42,52,1375,2,2,0,0,0,15
exploit-hunter,easy,42,53,1435,2,2,0,0,0,15
exploit-hunter,easy,42,54,1515,2,2,0,0,0,15
exploit-hunter,easy,42,55,1575,2,2,0,0,0,15
exploit-hunter,easy,42,56,1615,2,2,0,0,0,15
exploit-hunter,easy,42,57,1695,2,2,0,0,0,15
exploit-hunter,easy,42,58,1735,2,2,0,0,0,15
exploit-hunter,easy,42,59,1755,2,2,0,0,0,15
exploit-hunter,easy,42,60,1835,2,2,0,0,0,15
exploit-hunter,easy,42,61,1895,2,2,0,0,0,15
exploit-hunter,easy,42,62,1915,2,2,0,0,0,15
exploit-hunter,easy,42,63,1811,2,2,0,0,0,15
exploit-hunter,easy,42,64,1811,2,2,0,0,0,15
exploit-hunter,easy,42,65,1831,2,2,0,0,0,15
exploit-hunter,easy,42,66,1851,2,2,0,0,0,15
exploit-hunter,easy,42,67,1911,2,2,0,0,0,15
exploit-hunter,easy,42,68,1825,2,2,0,0,0,15
exploit-hunter,easy,42,69,1617,2,2,0,0,0,15
exploit-hunter,easy,42,70,1500,2,2,0,0,0,15
exploit-hunter,easy,42,71,1520,2,2,0,0,0,15
exploit-hunter,easy,42,72,1465,2,2,0,0,0,15
exploit-hunter,easy,42,73,1465,2,2,0,0,0,15
exploit-hunter,easy,42,74,1505,2,2,0,0,0,15
exploit-hunter,easy,42,75,1525,2,2,0,0,0,15
exploit-hunter,easy,42,76,1565,2,2,0,0,0,15
exploit-hunter,easy,42,77,1565,2,2,0,0,0,15
exploit-hunter,easy,42,78,1645,2,2,0,0,0,15
exploit-hunter,easy,42,79,1685,2,2,0,0,0,15
exploit-hunter,easy,42,80,1725,2,2,0,0,0,15
exploit-hunter,easy,42,81,1745,2,2,0,0,0,15
exploit-hunter,easy,42,82,1825,2,2,0,0,0,15
exploit-hunter,easy,42,83,1865,2,2,0,0,0,15
exploit-hunter,easy,42,84,1885,2,2,0,0,0,15
exploit-hunter,easy,42,85,1925,2,2,0,0,0,15
exploit-hunter,easy,42,86,1965,2,2,0,0,0,15
exploit-hunter,easy,42,87,2045,2,2,0,0,0,15
exploit-hunter,easy,42,88,2125,2,2,0,0,0,15
exploit-hunter,easy,42,89,2145,2,2,0,0,0,15
exploit-hunter,easy,42,90,2165,2,2,0,0,0,15
exploit-hunter,easy,42,91,2156,2,2,0,0,0,15
exploit-hunter,easy,42,92,1712,2,2,0,0,0,15
exploit-hunter,easy,42,93,1573,2,2,0,0,0,15
exploit-hunter,easy,42,94,1593,2,2,0,0,0,15
exploit-hunter,easy,42,95,1673,2,2,0,0,0,15
exploit-hunter,easy,42,96,1753,2,2,0,0,0,15
exploit-hunter,easy,42,97,1813,2,2,0,0,0,15
exploit-hunter,easy,42,98,1893,2,2,0,0,0,15
exploit-hunter,easy,42,99,1953,2,2,0,0,0,15
exploit-hunter,easy,42,100,1973,2,2,0,0,0,15
diplomat,easy,7,1,29,0,0,0,0,0,0
diplomat,easy,7,2,29,0,0,0,0,0,0
diplomat,easy,7,3,29,0,0,0,0,0,0
diplomat,easy,7,4,29,0,0,0,0,0,0
diplomat,easy,7,5,29,0,0,0,0,0,0
diplomat,easy,7,6,2,0,0,0,0,0,0
diplomat,easy,7,7,2,0,0,0,0,0,0
diplomat,easy,7,8,2,0,0,0,0,0,0
diplomat,easy,7,9,2,0,0,0,0,0,0
diplomat,easy,7,10,2,0,0,0,0,0,0
diplomat,easy,7,11,2,0,0,0,0,0,0
diplomat,easy,7,12,2,0,0,0,0,0,0
diplomat,easy,7,13,2,0,0,0,0,0,0
diplomat,easy,7,14,2,0,0,0,0,0,0
diplomat,easy,7,15,0,0,0,0,0,0,0
diplomat,easy,7,16,0,0,0,0,0,0,0
diplomat,easy,7,17,0,0,0,0,0,0,0
diplomat,easy,7,18,0,0,0,0,0,0,0
diplomat,easy,7,19,0,0,0,0,0,0,0
diplomat,easy,7,20,0,0,0,0,0,0,0
diplomat,easy,7,21,0,0,0,0,0,0,0
diplomat,easy,7,22,0,0,0,0,0,0,0
diplomat,easy,7,23,0,0,0,0,0,0,0
diplomat,easy,7,24,0,0,0,0,0,0,0
diplomat,easy,7,25,0,0,0,0,0,0,0
diplomat,easy,7,26,0,0,0,0,0,0,0
diplomat,easy,7,27,0,0,0,0,0,0,0
diplomat,easy,7,28,0,0,0,0,0,0,0
diplomat,easy,7,29,0,0,0,0,0,0,0
diplomat,easy,7,30,0,0,0,0,0,0,0
diplomat,easy,7,31,0,0,0,0,0,0,0
diplomat,easy,7,32,0,0,0,0,0,0,0
diplomat,easy,7,33,0,0,0,0,0,0,0
diplomat,easy,7,34,0,0,0,0,0,0,0
diplomat,easy,7,35,0,0,0,0,0,0,0
diplomat,easy,7,36,0,0,0,0,0,0,0
diplomat,easy,7,37,0,0,0,0,0,0,0
diplomat,easy,7,38,0,0,0,0,0,0,0
diplomat,easy,7,39,0,0,0,0,0,0,0
diplomat,easy,7,40,0,0,0,0,0,0,0
diplomat,easy,7,41,0,0,0,0,0,0,0
diplomat,easy,7,42,0,0,0,0,0,0,0
diplomat,easy,7,43,0,0,0,0,0,0,0
diplomat,easy,7,44,0,0,0,0,0,0,0
diplomat,easy,7,45,0,0,0,0,0,0,0
diplomat,easy,7,46,0,0,0,0,0,0,0
diplomat,easy,7,47,0,0,0,0,0,0,0
diplomat,easy,7,48,0,0,0,0,0,0,0
diplomat,easy,7,49,0,0,0,0,0,0,0
diplomat,easy,7,50,0,0,0,0,0,0,0
diplomat,easy,7,51,0,0,0,0,0,0,0
diplomat,easy,7,52,0,0,0,0,0,0,0
diplomat,easy,7,53,0,0,0,0,0,0,0
diplomat,easy,7,54,0,0,0,0,0,0,0
diplomat,easy,7,55,0,0,0,0,0,0,0
diplomat,easy,7,56,0,0,0,0,0,0,0
diplomat,easy,7,57,0,0,0,0,0,0,0
diplomat,easy,7,58,0,0,0,0,0,0,0
diplomat,easy,7,59,0,0,0,0,0,0,0
diplomat,easy,7,60,0,0,0,0,0,0,0
diplomat,easy,7,61,0,0,0,0,0,0,0
diplomat,easy,7,62,0,0,0,0,0,0,0
diplomat,easy,7,63,0,0,0,0,0,0,0
diplomat,easy,7,64,0,0,0,0,0,0,0
diplomat,easy,7,65,0,0,0,0,0,0,0
diplomat,easy,7,66,0,0,0,0,0,0,0
diplomat,easy,7,67,0,0,0,0,0,0,0
diplomat,easy,7,68,0,0,0,0,0,0,0
diplomat,easy,7,69,0,0,0,0,0,0,0
diplomat,easy,7,70,0,0,0,0,0,0,0
diplomat,easy,7,71,0,0,0,0,0,0,0
diplomat,easy,7,72,0,0,0,0,0,0,0
diplomat,easy,7,73,0,0,0,0,0,0,0
diplomat,easy,7,74,0,0,0,0,0,0,0
diplomat,easy,7,75,0,0,0,0,0,0,0
diplomat,easy,7,76,0,0,0,0,0,0,0
diplomat,easy,7,77,0,0,0,0,0,0,0
diplomat,easy,7,78,0,0,0,0,0,0,0
diplomat,easy,7,79,0,0,0,0,0,0,0
diplomat,easy,7,80,0,0,0,0,0,0,0
diplomat,easy,7,81,0,0,0,0,0,0,0
diplomat,easy,7,82,0,0,0,0,0,0,0
diplomat,easy,7,83,0,0,0,0,0,0,0
diplomat,easy,7,84,0,0,0,0,0,0,0
diplomat,easy,7,85,0,0,0,0,0,0,0
diplomat,easy,7,86,0,0,0,0,0,0,0
diplomat,easy,7,87,0,0,0,0,0,0,0
diplomat,easy,7,88,0,0,0,0,0,0,0
diplomat,easy,7,89,0,0,0,0,0,0,0
diplomat,easy,7,90,0,0,0,0,0,0,0
diplomat,easy,7,91,0,0,0,0,0,0,0
diplomat,easy,7,92,0,0,0,0,0,0,0
diplomat,easy,7,93,0,0,0,0,0,0,0
diplomat,easy,7,94,0,0,0,0,0,0,0
diplomat,easy,7,95,0,0,0,0,0,0,0
diplomat,easy,7,96,0,0,0,0,0,0,0
diplomat,easy,7,97,0,0,0,0,0,0,0
diplomat,easy,7,98,0,0,0,0,0,0,0
diplomat,easy,7,99,0,0,0,0,0,0,0
diplomat,easy,7,100,0,0,0,0,0,0,0
diplomat,easy,19,1,31,0,0,0,0,0,0
diplomat,easy,19,2,29,0,0,0,0,0,0
diplomat,easy,19,3,27,0,0,0,0,0,0
diplomat,easy,19,4,22,0,0,0,0,0,0
diplomat,easy,19,5,17,0,0,0,0,0,0
diplomat,easy,19,6,2,0,0,0,0,0,0
diplomat,easy,19,7,0,0,0,0,0,0,0
diplomat,easy,19,8,0,0,0,0,0,0,0
diplomat,easy,19,9,0,0,0,0,0,0,0
diplomat,easy,19,10,0,0,0,0,0,0,0
diplomat,easy,19,11,0,0,0,0,0,0,0
diplomat,easy,19,12,0,0,0,0,0,0,0
diplomat,easy,19,13,0,0,0,0,0,0,0
diplomat,easy,19,14,0,0,0,0,0,0,0
diplomat,easy,19,15,0,0,0,0,0,0,0
diplomat,easy,19,16,0,0,0,0,0,0,0
diplomat,easy,19,17,0,0,0,0,0,0,0
diplomat,easy,19,18,0,0,0,0,0,0,0
diplomat,easy,19,19,0,0,0,0,0,0,0
diplomat,easy,19,20,0,0,0,0,0,0,0
diplomat,easy,19,21,0,0,0,0,0,0,0
diplomat,easy,19,22,0,0,0,0,0,0,0
diplomat,easy,42,1,22,0,0,0,0,0,0
diplomat,easy,42,2,22,0,0,0,0,0,0
diplomat,easy,42,3,22,0,0,0,0,0,0
diplomat,easy,42,4,22,0,0,0,0,0,0
diplomat,easy,42,5,22,0,0,0,0,0,0
diplomat,easy,42,6,22,0,0,0,0,0,0
diplomat,easy,42,7,22,0,0,0,0,0,0
diplomat,easy,42,8,22,0,0,0,0,0,0
diplomat,easy,42,9,22,0,0,0,0,0,0
diplomat,easy,42,10,22,0,0,0,0,0,0
diplomat,easy,42,11,22,0,0,0,0,0,0
diplomat,easy,42,12,22,0,0,0,0,0,0
diplomat,easy,42,13,22,0,0,0,0,0,0
diplomat,easy,42,14,22,0,0,0,0,0,0
diplomat,easy,42,15,21,0,0,0,0,0,0
diplomat,easy,42,16,20,0,0,0,0,0,0
diplomat,easy,42,17,2,0,0,0,0,0,0
diplomat,easy,42,18,1,0,0,0,0,0,0
diplomat,easy,42,19,1,0,0,0,0,0,0
diplomat,easy,42,20,0,0,0,0,0,0,0
diplomat,easy,42,21,0,0,0,0,0,0,0
diplomat,easy,42,22,0,0,0,0,0,0,0
diplomat,easy,42,23,0,0,0,0,0,0,0
diplomat,easy,42,24,0,0,0,0,0,0,0
diplomat,easy,42,25,0,0,0,0,0,0,0
diplomat,easy,42,26,0,0,0,0,0,0,0
diplomat,easy,42,27,0,0,0,0,0,0,0
diplomat,easy,42,28,0,0,0,0,0,0,0
diplomat,easy,42,29,0,0,0,0,0,0,0
diplomat,easy,42,30,0,0,0,0,0,0,0
diplomat,easy,42,31,0,0,0,0,0,0,0
diplomat,easy,42,32,0,0,0,0,0,0,0
diplomat,easy,42,33,0,0,0,0,0,0,0
diplomat,easy,42,34,0,0,0,0,0,0,0
diplomat,easy,42,35,0,0,0,0,0,0,0
diplomat,easy,42,36,0,0,0,0,0,0,0
diplomat,easy,42,37,0,0,0,0,0,0,0
diplomat,easy,42,38,0,0,0,0,0,0,0
diplomat,easy,42,39,0,0,0,0,0,0,0
diplomat,easy,42,40,0,0,0,0,0,0,0
diplomat,easy,42,41,0,0,0,0,0,0,0
diplomat,easy,42,42,0,0,0,0,0,0,0
diplomat,easy,42,43,0,0,0,0,0,0,0
diplomat,easy,42,44,0,0,0,0,0,0,0
diplomat,easy,42,45,0,0,0,0,0,0,0
diplomat,easy,42,46,0,0,0,0,0,0,0
diplomat,easy,42,47,0,0,0,0,0,0,0
diplomat,easy,42,48,0,0,0,0,0,0,0
diplomat,easy,42,49,0,0,0,0,0,0,0
diplomat,easy,42,50,0,0,0,0,0,0,0
diplomat,easy,42,51,0,0,0,0,0,0,0
diplomat,easy,42,52,0,0,0,0,0,0,0
diplomat,easy,42,53,0,0,0,0,0,0,0
diplomat,easy,42,54,0,0,0,0,0,0,0
diplomat,easy,42,55,0,0,0,0,0,0,0
diplomat,easy,42,56,0,0,0,0,0,0,0
diplomat,easy,42,57,0,0,0,0,0,0,0
diplomat,easy,42,58,0,0,0,0,0,0,0
diplomat,easy,42,59,0,0,0,0,0,0,0
diplomat,easy,42,60,0,0,0,0,0,0,0
diplomat,easy,42,61,0,0,0,0,0,0,0
diplomat,easy,42,62,0,0,0,0,0,0,0
diplomat,easy,42,63,0,0,0,0,0,0,0
diplomat,easy,42,64,0,0,0,0,0,0,0
diplomat,easy,42,65,0,0,0,0,0,0,0
diplomat,easy,42,66,0,0,0,0,0,0,0
diplomat,easy,42,67,0,0,0,0,0,0,0
diplomat,easy,42,68,0,0,0,0,0,0,0
diplomat,easy,42,69,0,0,0,0,0,0,0
diplomat,easy,42,70,0,0,0,0,0,0,0
diplomat,easy,42,71,0,0,0,0,0,0,0
diplomat,easy,42,72,0,0,0,0,0,0,0
diplomat,easy,42,73,0,0,0,0,0,0,0
diplomat,easy,42,74,0,0,0,0,0,0,0
diplomat,easy,42,75,0,0,0,0,0,0,0
diplomat,easy,42,76,0,0,0,0,0,0,0
diplomat,easy,42,77,0,0,0,0,0,0,0
diplomat,easy,42,78,0,0,0,0,0,0,0
diplomat,easy,42,79,0,0,0,0,0,0,0
diplomat,easy,42,80,0,0,0,0,0,0,0
diplomat,easy,42,81,0,0,0,0,0,0,0
diplomat,easy,42,82,0,0,0,0,0,0,0
diplomat,easy,42,83,0,0,0,0,0,0,0
diplomat,easy,42,84,0,0,0,0,0,0,0
diplomat,easy,42,85,0,0,0,0,0,0,0
diplomat,easy,42,86,0,0,0,0,0,0,0
diplomat,easy,42,87,0,0,0,0,0,0,0
diplomat,easy,42,88,0,0,0,0,0,0,0
diplomat,easy,42,89,0,0,0,0,0,0,0
diplomat,easy,42,90,0,0,0,0,0,0,0
diplomat,easy,42,91,0,0,0,0,0,0,0
diplomat,easy,42,92,0,0,0,0,0,0,0
diplomat,easy,42,93,0,0,0,0,0,0,0
diplomat,easy,42,94,0,0,0,0,0,0,0
diplomat,easy,42,95,0,0,0,0,0,0,0
diplomat,easy,42,96,0,0,0,0,0,0,0
diplomat,easy,42,97,0,0,0,0,0,0,0
diplomat,easy,42,98,0,0,0,0,0,0,0
diplomat,easy,42,99,0,0,0,0,0,0,0
diplomat,easy,42,100,0,0,0,0,0,0,0
spymaster,easy,7,1,29,0,0,0,0,0,0
spymaster,easy,7,2,29,0,0,0,0,0,0
spymaster,easy,7,3,29,0,0,0,0,0,0
spymaster,easy,7,4,29,0,0,0,0,0,0
spymaster,easy,7,5,29,0,0,0,0,0,0
spymaster,easy,7,6,2,0,0,0,0,0,0
spymaster,easy,7,7,2,0,0,0,0,0,0
spymaster,easy,7,8,2,0,0,0,0,0,0
spymaster,easy,7,9,2,0,0,0,0,0,0
spymaster,easy,7,10,2,0,0,0,0,0,0
spymaster,easy,7,11,2,0,0,0,0,0,0
spymaster,easy,7,12,2,0,0,0,0,0,0
spymaster,easy,7,13,2,0,0,0,0,0,0
spymaster,easy,7,14,2,0,0,0,0,0,0
spymaster,easy,7,15,0,0,0,0,0,0,0
spymaster,easy,7,16,0,0,0,0,0,0,0
spymaster,easy,7,17,0,0,0,0,0,0,0
spymaster,easy,7,18,0,0,0,0,0,0,0
spymaster,easy,7,19,0,0,0,0,0,0,0
spymaster,easy,7,20,0,0,0,0,0,0,0
spymaster,easy,7,21,0,0,0,0,0,0,0
spymaster,easy,7,22,0,0,0,0,0,0,0
spymaster,easy,7,23,0,0,0,0,0,0,0
spymaster,easy,7,24,0,0,0,0,0,0,0
spymaster,easy,7,25,0,0,0,0,0,0,0
spymaster,easy,7,26,0,0,0,0,0,0,0
spymaster,easy,7,27,0,0,0,0,0,0,0
spymaster,easy,7,28,0,0,0,0,0,0,0
spymaster,easy,7,29,0,0,0,0,0,0,0
spymaster,easy,7,30,0,0,0,0,0,0,0
spymaster,easy,7,31,0,0,0,0,0,0,0
spymaster,easy,7,32,0,0,0,0,0,0,0
spymaster,easy,7,33,0,0,0,0,0,0,0
spymaster,easy,7,34,0,0,0,0,0,0,0
spymaster,easy,7,35,0,0,0,0,0,0,0
spymaster,easy,7,36,0,0,0,0,0,0,0
spymaster,easy,7,37,0,0,0,0,0,0,0
spymaster,easy,7,38,0,0,0,0,0,0,0
spymaster,easy,7,39,0,0,0,0,0,0,0
spymaster,easy,7,40,0,0,0,0,0,0,0
spymaster,easy,7,41,0,0,0,0,0,0,0
spymaster,easy,7,42,0,0,0,0,0,0,0
spymaster,easy,7,43,0,0,0,0,0,0,0
spymaster,easy,7,44,0,0,0,0,0,0,0
spymaster,easy,7,45,0,0,0,0,0,0,0
spymaster,easy,7,46,0,0,0,0,0,0,0
spymaster,easy,7,47,0,0,0,0,0,0,0
spymaster,easy,7,48,0,0,0,0,0,0,0
spymaster,easy,7,49,0,0,0,0,0,0,0
spymaster,easy,7,50,0,0,0,0,0,0,0
spymaster,easy,7,51,0,0,0,0,0,0,0
spymaster,easy,7,52,0,0,0,0,0,0,0
spymaster,easy,7,53,0,0,0,0,0,0,0
spymaster,easy,7,54,0,0,0,0,0,0,0
spymaster,easy,7,55,0,0,0,0,0,0,0
spymaster,easy,7,56,0,0,0,0,0,0,0
spymaster,easy,7,57,0,0,0,0,0,0,0
spymaster,easy,7,58,0,0,0,0,0,0,0
spymaster,easy,7,59,0,0,0,0,0,0,0
spymaster,easy,7,60,0,0,0,0,0,0,0
spymaster,easy,7,61,0,0,0,0,0,0,0
spymaster,easy,7,62,0,0,0,0,0,0,0
spymaster,easy,7,63,0,0,0,0,0,0,0
spymaster,easy,7,64,0,0,0,0,0,0,0
spymaster,easy,7,65,0,0,0,0,0,0,0
spymaster,easy,7,66,0,0,0,0,0,0,0
spymaster,easy,7,67,0,0,0,0,0,0,0
spymaster,easy,7,68,0,0,0,0,0,0,0
spymaster,easy,7,69,0,0,0,0,0,0,0
spymaster,easy,7,70,0,0,0,0,0,0,0
spymaster,easy,7,71,0,0,0,0,0,0,0
spymaster,easy,7,72,0,0,0,0,0,0,0
spymaster,easy,7,73,0,0,0,0,0,0,0
spymaster,easy,7,74,0,0,0,0,0,0,0
spymaster,easy,7,75,0,0,0,0,0,0,0
spymaster,easy,7,76,0,0,0,0,0,0,0
spymaster,easy,7,77,0,0,0,0,0,0,0
spymaster,easy,7,78,0,0,0,0,0,0,0
spymaster,easy,7,79,0,0,0,0,0,0,0
spymaster,easy,7,80,0,0,0,0,0,0,0
spymaster,easy,7,81,0,0,0,0,0,0,0
spymaster,easy,7,82,0,0,0,0,0,0,0
spymaster,easy,7,83,0,0,0,0,0,0,0
spymaster,easy,7,84,0,0,0,0,0,0,0
spymaster,easy,7,85,0,0,0,0,0,0,0
spymaster,easy,7,86,0,0,0,0,0,0,0
spymaster,easy,7,87,0,0,0,0,0,0,0
spymaster,easy,7,88,0,0,0,0,0,0,0
spymaster,easy,7,89,0,0,0,0,0,0,0
spymaster,easy,7,90,0,0,0,0,0,0,0
spymaster,easy,7,91,0,0,0,0,0,0,0
spymaster,easy,7,92,0,0,0,0,0,0,0
spymaster,easy,7,93,0,0,0,0,0,0,0
spymaster,easy,7,94,0,0,0,0,0,0,0
spymaster,easy,7,95,0,0,0,0,0,0,0
spymaster,easy,7,96,0,0,0,0,0,0,0
spymaster,easy,7,97,0,0,0,0,0,0,0
spymaster,easy,7,98,0,0,0,0,0,0,0
spymaster,easy,7,99,0,0,0,0,0,0,0
spymaster,easy,7,100,0,0,0,0,0,0,0
spymaster,easy,19,1,31,0,0,0,0,0,0
spymaster,easy,19,2,31,0,0,0,0,0,0
spymaster,easy,19,3,31,0,0,0,0,0,0
spymaster,easy,19,4,31,0,0,0,0,0,0
spymaster,easy,19,5,31,0,0,0,0,0,0
spymaster,easy,19,6,28,0,0,0,0,0,0
spymaster,easy,19,7,20,0,0,0,0,0,0
spymaster,easy,19,8,16,0,0,0,0,0,0
spymaster,easy,19,9,12,0,0,0,0,0,0
spymaster,easy,19,10,11,0,0,0,0,0,0
spymaster,easy,19,11,11,0,0,0,0,0,0
spymaster,easy,19,12,11,0,0,0,0,0,0
spymaster,easy,19,13,11,0,0,0,0,0,0
spymaster,easy,19,14,11,0,0,0,0,0,0
spymaster,easy,19,15,11,0,0,0,0,0,0
spymaster,easy,19,16,11,0,0,0,0,0,0
spymaster,easy,19,17,11,0,0,0,0,0,0
spymaster,easy,19,18,11,0,0,0,0,0,0
spymaster,easy,19,19,11,0,0,0,0,0,0
spymaster,easy,19,20,11,0,0,0,0,0,0
spymaster,easy,19,21,11,0,0,0,0,0,0
spymaster,easy,19,22,11,0,0,0,0,0,0
spymaster,easy,19,23,11,0,0,0,0,0,0
spymaster,easy,19,24,11,0,0,0,0,0,0
spymaster,easy,19,25,11,0,0,0,0,0,0
spymaster,easy,19,26,11,0,0,0,0,0,0
spymaster,easy,19,27,11,0,0,0,0,0,0
spymaster,easy,19,28,10,0,0,0,0,0,0
spymaster,easy,19,29,9,0,0,0,0,0,0
spymaster,easy,19,30,6,0,0,0,0,0,0
spymaster,easy,19,31,6,0,0,0,0,0,0
spymaster,easy,19,32,6,0,0,0,0,0,0
spymaster,easy,19,33,6,0,0,0,0,0,0
spymaster,easy,19,34,6,0,0,0,0,0,0
spymaster,easy,19,35,6,0,0,0,0,0,0
spymaster,easy,19,36,6,0,0,0,0,0,0
spymaster,easy,19,37,6,0,0,0,0,0,0
spymaster,easy,19,38,6,0,0,0,0,0,0
spymaster,easy,19,39,6,0,0,0,0,0,0
spymaster,easy,19,40,0,0,0,0,0,0,0
spymaster,easy,19,41,0,0,0,0,0,0,0
spymaster,easy,19,42,0,0,0,0,0,0,0
spymaster,easy,19,43,0,0,0,0,0,0,0
spymaster,easy,19,44,0,0,0,0,0,0,0
spymaster,easy,19,45,0,0,0,0,0,0,0
spymaster,easy,19,46,0,0,0,0,0,0,0
spymaster,easy,19,47,0,0,0,0,0,0,0
spymaster,easy,19,48,0,0,0,0,0,0,0
spymaster,easy,19,49,0,0,0,0,0,0,0
spymaster,easy,19,50,0,0,0,0,0,0,0
spymaster,easy,19,51,0,0,0,0,0,0,0
spymaster,easy,19,52,0,0,0,0,0,0,0
spymaster,easy,19,53,0,0,0,0,0,0,0
spymaster,easy,19,54,0,0,0,0,0,0,0
spymaster,easy,19,55,0,0,0,0,0,0,0
spymaster,easy,19,56,0,0,0,0,0,0,0
spymaster,easy,19,57,0,0,0,0,0,0,0
spymaster,easy,19,58,0,0,0,0,0,0,0
spymaster,easy,19,59,0,0,0,0,0,0,0
spymaster,easy,19,60,0,0,0,0,0,0,0
spymaster,easy,19,61,0,0,0,0,0,0,0
spymaster,easy,19,62,0,0,0,0,0,0,0
spymaster,easy,19,63,0,0,0,0,0,0,0
spymaster,easy,19,64,0,0,0,0,0,0,0
spymaster,easy,19,65,0,0,0,0,0,0,0
spymaster,easy,19,66,0,0,0,0,0,0,0
spymaster,easy,19,67,0,0,0,0,0,0,0
spymaster,easy,19,68,0,0,0,0,0,0,0
spymaster,easy,19,69,0,0,0,0,0,0,0
spymaster,easy,19,70,0,0,0,0,0,0,0
spymaster,easy,19,71,0,0,0,0,0,0,0
spymaster,easy,19,72,0,0,0,0,0,0,0
spymaster,easy,19,73,0,0,0,0,0,0,0
spymaster,easy,19,74,0,0,0,0,0,0,0
spymaster,easy,19,75,0,0,0,0,0,0,0
spymaster,easy,19,76,0,0,0,0,0,0,0
spymaster,easy,19,77,0,0,0,0,0,0,0
spymaster,easy,19,78,0,0,0,0,0,0,0
spymaster,easy,19,79,0,0,0,0,0,0,0
spymaster,easy,19,80,0,0,0,0,0,0,0
spymaster,easy,19,81,0,0,0,0,0,0,0
spymaster,easy,19,82,0,0,0,0,0,0,0
spymaster,easy,19,83,0,0,0,0,0,0,0
spymaster,easy,19,84,0,0,0,0,0,0,0
spymaster,easy,19,85,0,0,0,0,0,0,0
spymaster,easy,19,86,0,0,0,0,0,0,0
spymaster,easy,19,87,0,0,0,0,0,0,0
spymaster,easy,19,88,0,0,0,0,0,0,0
spymaster,easy,19,89,0,0,0,0,0,0,0
spymaster,easy,19,90,0,0,0,0,0,0,0
spymaster,easy,19,91,0,0,0,0,0,0,0
spymaster,easy,19,92,0,0,0,0,0,0,0
spymaster,easy,19,93,0,0,0,0,0,0,0
spymaster,easy,19,94,0,0,0,0,0,0,0
spymaster,easy,19,95,0,0,0,0,0,0,0
spymaster,easy,19,96,0,0,0,0,0,0,0
spymaster,easy,19,97,0,0,0,0,0,0,0
spymaster,easy,19,98,0,0,0,0,0,0,0
spymaster,easy,19,99,0,0,0,0,0,0,0
spymaster,easy,19,100,0,0,0,0,0,0,0
spymaster,easy,42,1,22,0,0,0,0,0,0
spymaster,easy,42,2,0,0,0,0,0,0,0
spymaster,easy,42,3,0,0,0,0,0,0,0
spymaster,easy,42,4,0,0,0,0,0,0,0
spymaster,easy,42,5,0,0,0,0,0,0,0
spymaster,easy,42,6,0,0,0,0,0,0,0
spymaster,easy,42,7,0,0,0,0,0,0,0
spymaster,easy,42,8,0,0,0,0,0,0,0
spymaster,easy,42,9,0,0,0,0,0,0,0
spymaster,easy,42,10,0,0,0,0,0,0,0
spymaster,easy,42,11,0,0,0,0,0,0,0
spymaster,easy,42,12,0,0,0,0,0,0,0
spymaster,easy,42,13,0,0,0,0,0,0,0
spymaster,easy,42,14,0,0,0,0,0,0,0
spymaster,easy,42,15,0,0,0,0,0,0,0
spymaster,easy,42,16,0,0,0,0,0,0,0
spymaster,easy,42,17,0,0,0,0,0,0,0
spymaster,easy,42,18,0,0,0,0,0,0,0
spymaster,easy,42,19,0,0,0,0,0,0,0
spymaster,easy,42,20,0,0,0,0,0,0,0
spymaster,easy,42,21,0,0,0,0,0,0,0
spymaster,easy,42,22,0,0,0,0,0,0,0
thalassocrat,easy,7,1,29,0,0,0,0,0,0
thalassocrat,easy,7,2,29,0,0,0,0,0,0
thalassocrat,easy,7,3,25,0,0,0,0,0,0
thalassocrat,easy,7,4,22,0,0,0,0,0,0
thalassocrat,easy,7,5,22,0,0,0,0,0,0
thalassocrat,easy,7,6,2,0,0,0,0,0,0
thalassocrat,easy,7,7,2,0,0,0,0,0,0
thalassocrat,easy,7,8,2,0,0,0,0,0,0
thalassocrat,easy,7,9,2,0,0,0,0,0,0
thalassocrat,easy,7,10,2,0,0,0,0,0,0
thalassocrat,easy,7,11,2,0,0,0,0,0,0
thalassocrat,easy,7,12,2,0,0,0,0,0,0
thalassocrat,easy,7,13,2,0,0,0,0,0,0
thalassocrat,easy,7,14,2,0,0,0,0,0,0
thalassocrat,easy,7,15,0,0,0,0,0,0,0
thalassocrat,easy,7,16,0,0,0,0,0,0,0
thalassocrat,easy,7,17,0,0,0,0,0,0,0
thalassocrat,easy,7,18,0,0,0,0,0,0,0
thalassocrat,easy,7,19,0,0,0,0,0,0,0
thalassocrat,easy,7,20,0,0,0,0,0,0,0
thalassocrat,easy,7,21,0,0,0,0,0,0,0
thalassocrat,easy,7,22,0,0,0,0,0,0,0
thalassocrat,easy,7,23,0,0,0,0,0,0,0
thalassocrat,easy,7,24,0,0,0,0,0,0,0
thalassocrat,easy,7,25,0,0,0,0,0,0,0
thalassocrat,easy,7,26,0,0,0,0,0,0,0
thalassocrat,easy,7,27,0,0,0,0,0,0,0
thalassocrat,easy,7,28,0,0,0,0,0,0,0
thalassocrat,easy,7,29,0,0,0,0,0,0,0
thalassocrat,easy,7,30,0,0,0,0,0,0,0
thalassocrat,easy,7,31,0,0,0,0,0,0,0
thalassocrat,easy,7,32,0,0,0,0,0,0,0
thalassocrat,easy,7,33,0,0,0,0,0,0,0
thalassocrat,easy,7,34,0,0,0,0,0,0,0
thalassocrat,easy,7,35,0,0,0,0,0,0,0
thalassocrat,easy,7,36,0,0,0,0,0,0,0
thalassocrat,easy,7,37,0,0,0,0,0,0,0
thalassocrat,easy,7,38,0,0,0,0,0,0,0
thalassocrat,easy,7,39,0,0,0,0,0,0,0
thalassocrat,easy,7,40,0,0,0,0,0,0,0
thalassocrat,easy,7,41,0,0,0,0,0,0,0
thalassocrat,easy,7,42,0,0,0,0,0,0,0
thalassocrat,easy,7,43,0,0,0,0,0,0,0
thalassocrat,easy,7,44,0,0,0,0,0,0,0
thalassocrat,easy,7,45,0,0,0,0,0,0,0
thalassocrat,easy,7,46,0,0,0,0,0,0,0
thalassocrat,easy,7,47,0,0,0,0,0,0,0
thalassocrat,easy,7,48,0,0,0,0,0,0,0
thalassocrat,easy,7,49,0,0,0,0,0,0,0
thalassocrat,easy,7,50,0,0,0,0,0,0,0
thalassocrat,easy,7,51,0,0,0,0,0,0,0
thalassocrat,easy,7,52,0,0,0,0,0,0,0
thalassocrat,easy,7,53,0,0,0,0,0,0,0
thalassocrat,easy,7,54,0,0,0,0,0,0,0
thalassocrat,easy,7,55,0,0,0,0,0,0,0
thalassocrat,easy,7,56,0,0,0,0,0,0,0
thalassocrat,easy,7,57,0,0,0,0,0,0,0
thalassocrat,easy,7,58,0,0,0,0,0,0,0
thalassocrat,easy,7,59,0,0,0,0,0,0,0
thalassocrat,easy,7,60,0,0,0,0,0,0,0
thalassocrat,easy,7,61,0,0,0,0,0,0,0
thalassocrat,easy,7,62,0,0,0,0,0,0,0
thalassocrat,easy,7,63,0,0,0,0,0,0,0
thalassocrat,easy,7,64,0,0,0,0,0,0,0
thalassocrat,easy,7,65,0,0,0,0,0,0,0
thalassocrat,easy,7,66,0,0,0,0,0,0,0
thalassocrat,easy,7,67,0,0,0,0,0,0,0
thalassocrat,easy,7,68,0,0,0,0,0,0,0
thalassocrat,easy,7,69,0,0,0,0,0,0,0
thalassocrat,easy,7,70,0,0,0,0,0,0,0
thalassocrat,easy,7,71,0,0,0,0,0,0,0
thalassocrat,easy,7,72,0,0,0,0,0,0,0
thalassocrat,easy,7,73,0,0,0,0,0,0,0
thalassocrat,easy,7,74,0,0,0,0,0,0,0
thalassocrat,easy,7,75,0,0,0,0,0,0,0
thalassocrat,easy,7,76,0,0,0,0,0,0,0
thalassocrat,easy,7,77,0,0,0,0,0,0,0
thalassocrat,easy,7,78,0,0,0,0,0,0,0
thalassocrat,easy,7,79,0,0,0,0,0,0,0
thalassocrat,easy,7,80,0,0,0,0,0,0,0
thalassocrat,easy,7,81,0,0,0,0,0,0,0
thalassocrat,easy,7,82,0,0,0,0,0,0,0
thalassocrat,easy,7,83,0,0,0,0,0,0,0
thalassocrat,easy,7,84,0,0,0,0,0,0,0
thalassocrat,easy,7,85,0,0,0,0,0,0,0
thalassocrat,easy,7,86,0,0,0,0,0,0,0
thalassocrat,easy,7,87,0,0,0,0,0,0,0
thalassocrat,easy,7,88,0,0,0,0,0,0,0
thalassocrat,easy,7,89,0,0,0,0,0,0,0
thalassocrat,easy,7,90,0,0,0,0,0,0,0
thalassocrat,easy,7,91,0,0,0,0,0,0,0
thalassocrat,easy,7,92,0,0,0,0,0,0,0
thalassocrat,easy,7,93,0,0,0,0,0,0,0
thalassocrat,easy,7,94,0,0,0,0,0,0,0
thalassocrat,easy,7,95,0,0,0,0,0,0,0
thalassocrat,easy,7,96,0,0,0,0,0,0,0
thalassocrat,easy,7,97,0,0,0,0,0,0,0
thalassocrat,easy,7,98,0,0,0,0,0,0,0
thalassocrat,easy,7,99,0,0,0,0,0,0,0
thalassocrat,easy,7,100,0,0,0,0,0,0,0
thalassocrat,easy,19,1,31,0,0,0,0,0,0
thalassocrat,easy,19,2,31,0,0,0,0,0,0
thalassocrat,easy,19,3,31,0,0,0,0,0,0
thalassocrat,easy,19,4,28,0,0,0,0,0,0
thalassocrat,easy,19,5,25,0,0,0,0,0,0
thalassocrat,easy,19,6,3,0,0,0,0,0,0
thalassocrat,easy,19,7,0,0,0,0,0,0,0
thalassocrat,easy,19,8,0,0,0,0,0,0,0
thalassocrat,easy,19,9,0,0,0,0,0,0,0
thalassocrat,easy,19,10,0,0,0,0,0,0,0
thalassocrat,easy,19,11,0,0,0,0,0,0,0
thalassocrat,easy,19,12,0,0,0,0,0,0,0
thalassocrat,easy,19,13,0,0,0,0,0,0,0
thalassocrat,easy,19,14,0,0,0,0,0,0,0
thalassocrat,easy,19,15,0,0,0,0,0,0,0
thalassocrat,easy,19,16,0,0,0,0,0,0,0
thalassocrat,easy,19,17,0,0,0,0,0,0,0
thalassocrat,easy,19,18,0,0,0,0,0,0,0
thalassocrat,easy,19,19,0,0,0,0,0,0,0
thalassocrat,easy,19,20,0,0,0,0,0,0,0
thalassocrat,easy,19,21,0,0,0,0,0,0,0
thalassocrat,easy,19,22,0,0,0,0,0,0,0
thalassocrat,easy,19,23,0,0,0,0,0,0,0
thalassocrat,easy,19,24,0,0,0,0,0,0,0
thalassocrat,easy,19,25,0,0,0,0,0,0,0
thalassocrat,easy,19,26,0,0,0,0,0,0,0
thalassocrat,easy,19,27,0,0,0,0,0,0,0
thalassocrat,easy,19,28,0,0,0,0,0,0,0
thalassocrat,easy,19,29,0,0,0,0,0,0,0
thalassocrat,easy,19,30,0,0,0,0,0,0,0
thalassocrat,easy,19,31,0,0,0,0,0,0,0
thalassocrat,easy,19,32,0,0,0,0,0,0,0
thalassocrat,easy,19,33,0,0,0,0,0,0,0
thalassocrat,easy,19,34,0,0,0,0,0,0,0
thalassocrat,easy,19,35,0,0,0,0,0,0,0
thalassocrat,easy,19,36,0,0,0,0,0,0,0
thalassocrat,easy,19,37,0,0,0,0,0,0,0
thalassocrat,easy,19,38,0,0,0,0,0,0,0
thalassocrat,easy,19,39,0,0,0,0,0,0,0
thalassocrat,easy,19,40,0,0,0,0,0,0,0
thalassocrat,easy,19,41,0,0,0,0,0,0,0
thalassocrat,easy,19,42,0,0,0,0,0,0,0
thalassocrat,easy,19,43,0,0,0,0,0,0,0
thalassocrat,easy,19,44,0,0,0,0,0,0,0
thalassocrat,easy,19,45,0,0,0,0,0,0,0
thalassocrat,easy,19,46,0,0,0,0,0,0,0
thalassocrat,easy,19,47,0,0,0,0,0,0,0
thalassocrat,easy,19,48,0,0,0,0,0,0,0
thalassocrat,easy,19,49,0,0,0,0,0,0,0
thalassocrat,easy,19,50,0,0,0,0,0,0,0
thalassocrat,easy,19,51,0,0,0,0,0,0,0
thalassocrat,easy,19,52,0,0,0,0,0,0,0
thalassocrat,easy,19,53,0,0,0,0,0,0,0
thalassocrat,easy,19,54,0,0,0,0,0,0,0
thalassocrat,easy,19,55,0,0,0,0,0,0,0
thalassocrat,easy,19,56,0,0,0,0,0,0,0
thalassocrat,easy,19,57,0,0,0,0,0,0,0
thalassocrat,easy,19,58,0,0,0,0,0,0,0
thalassocrat,easy,19,59,0,0,0,0,0,0,0
thalassocrat,easy,19,60,0,0,0,0,0,0,0
thalassocrat,easy,19,61,0,0,0,0,0,0,0
thalassocrat,easy,19,62,0,0,0,0,0,0,0
thalassocrat,easy,19,63,0,0,0,0,0,0,0
thalassocrat,easy,19,64,0,0,0,0,0,0,0
thalassocrat,easy,19,65,0,0,0,0,0,0,0
thalassocrat,easy,19,66,0,0,0,0,0,0,0
thalassocrat,easy,19,67,0,0,0,0,0,0,0
thalassocrat,easy,19,68,0,0,0,0,0,0,0
thalassocrat,easy,19,69,0,0,0,0,0,0,0
thalassocrat,easy,19,70,0,0,0,0,0,0,0
thalassocrat,easy,19,71,0,0,0,0,0,0,0
thalassocrat,easy,19,72,0,0,0,0,0,0,0
thalassocrat,easy,19,73,0,0,0,0,0,0,0
thalassocrat,easy,19,74,0,0,0,0,0,0,0
thalassocrat,easy,19,75,0,0,0,0,0,0,0
thalassocrat,easy,19,76,0,0,0,0,0,0,0
thalassocrat,easy,19,77,0,0,0,0,0,0,0
thalassocrat,easy,19,78,0,0,0,0,0,0,0
thalassocrat,easy,19,79,0,0,0,0,0,0,0
thalassocrat,easy,19,80,0,0,0,0,0,0,0
thalassocrat,easy,19,81,0,0,0,0,0,0,0
thalassocrat,easy,19,82,0,0,0,0,0,0,0
thalassocrat,easy,19,83,0,0,0,0,0,0,0
thalassocrat,easy,19,84,0,0,0,0,0,0,0
thalassocrat,easy,19,85,0,0,0,0,0,0,0
thalassocrat,easy,19,86,0,0,0,0,0,0,0
thalassocrat,easy,19,87,0,0,0,0,0,0,0
thalassocrat,easy,19,88,0,0,0,0,0,0,0
thalassocrat,easy,19,89,0,0,0,0,0,0,0
thalassocrat,easy,19,90,0,0,0,0,0,0,0
thalassocrat,easy,19,91,0,0,0,0,0,0,0
thalassocrat,easy,19,92,0,0,0,0,0,0,0
thalassocrat,easy,19,93,0,0,0,0,0,0,0
thalassocrat,easy,19,94,0,0,0,0,0,0,0
thalassocrat,easy,19,95,0,0,0,0,0,0,0
thalassocrat,easy,19,96,0,0,0,0,0,0,0
thalassocrat,easy,19,97,0,0,0,0,0,0,0
thalassocrat,easy,19,98,0,0,0,0,0,0,0
thalassocrat,easy,19,99,0,0,0,0,0,0,0
thalassocrat,easy,19,100,0,0,0,0,0,0,0
thalassocrat,easy,42,1,22,0,0,0,0,0,0
thalassocrat,easy,42,2,0,0,0,0,0,0,0
thalassocrat,easy,42,3,0,0,0,0,0,0,0
thalassocrat,easy,42,4,0,0,0,0,0,0,0
thalassocrat,easy,42,5,0,0,0,0,0,0,0
thalassocrat,easy,42,6,0,0,0,0,0,0,0
thalassocrat,easy,42,7,0,0,0,0,0,0,0
thalassocrat,easy,42,8,0,0,0,0,0,0,0
thalassocrat,easy,42,9,0,0,0,0,0,0,0
thalassocrat,easy,42,10,0,0,0,0,0,0,0
thalassocrat,easy,42,11,0,0,0,0,0,0,0
thalassocrat,easy,42,12,0,0,0,0,0,0,0
thalassocrat,easy,42,13,0,0,0,0,0,0,0
thalassocrat,easy,42,14,0,0,0,0,0,0,0
thalassocrat,easy,42,15,0,0,0,0,0,0,0
thalassocrat,easy,42,16,0,0,0,0,0,0,0
thalassocrat,easy,42,17,0,0,0,0,0,0,0
thalassocrat,easy,42,18,0,0,0,0,0,0,0
thalassocrat,easy,42,19,0,0,0,0,0,0,0
thalassocrat,easy,42,20,0,0,0,0,0,0,0
thalassocrat,easy,42,21,0,0,0,0,0,0,0
thalassocrat,easy,42,22,0,0,0,0,0,0,0
slaver,easy,7,1,97,2,2,0,0,0,19
slaver,easy,7,2,154,2,2,0,0,0,36
slaver,easy,7,3,254,2,2,0,0,0,36
slaver,easy,7,4,304,2,2,0,0,0,36
slaver,easy,7,5,354,2,2,0,0,0,36
slaver,easy,7,6,379,2,2,0,0,0,36
slaver,easy,7,7,404,2,2,0,0,0,36
slaver,easy,7,8,429,2,2,0,0,0,36
slaver,easy,7,9,454,2,2,0,0,0,36
slaver,easy,7,10,504,2,2,0,0,0,36
slaver,easy,7,11,573,2,2,0,0,0,36
slaver,easy,7,12,573,2,2,0,0,0,36
slaver,easy,7,13,573,2,2,0,0,0,36
slaver,easy,7,14,573,2,2,0,0,0,36
slaver,easy,7,15,573,2,2,0,0,0,36
slaver,easy,7,16,573,2,2,0,0,0,36
slaver,easy,7,17,515,2,2,0,0,0,36
slaver,easy,7,18,515,2,2,0,0,0,36
slaver,easy,7,19,515,2,2,0,0,0,36
slaver,easy,7,20,515,2,2,0,0,0,36
slaver,easy,7,21,515,2,2,0,0,0,36
slaver,easy,7,22,590,2,2,0,0,0,36
slaver,easy,7,23,590,2,2,0,0,0,36
slaver,easy,7,24,590,2,2,0,0,0,36
slaver,easy,7,25,590,2,2,0,0,0,36
slaver,easy,7,26,640,2,2,0,0,0,36
slaver,easy,7,27,640,2,2,0,0,0,36
slaver,easy,7,28,690,2,2,0,0,0,36
slaver,easy,7,29,690,2,2,0,0,0,36
slaver,easy,7,30,690,2,2,0,0,0,36
slaver,easy,7,31,690,2,2,0,0,0,36
slaver,easy,7,32,765,2,2,0,0,0,36
slaver,easy,7,33,865,2,2,0,0,0,36
slaver,easy,7,34,965,2,2,0,0,0,36
slaver,easy,7,35,1065,2,2,0,0,0,36
slaver,easy,7,36,1140,2,2,0,0,0,36
slaver,easy,7,37,1190,2,2,0,0,0,36
slaver,easy,7,38,1215,2,2,0,0,0,36
slaver,easy,7,39,1265,2,2,0,0,0,36
slaver,easy,7,40,1315,2,2,0,0,0,36
slaver,easy,7,41,1365,2,2,0,0,0,36
slaver,easy,7,42,1440,2,2,0,0,0,36
slaver,easy,7,43,1361,2,2,0,0,0,36
slaver,easy,7,44,1370,2,2,0,0,0,36
slaver,easy,7,45,1420,2,2,0,0,0,36
slaver,easy,7,46,1470,2,2,0,0,0,36
slaver,easy,7,47,1545,2,2,0,0,0,36
slaver,easy,7,48,1645,2,2,0,0,0,36
slaver,easy,7,49,1695,2,2,0,0,0,36
slaver,easy,7,50,1720,2,2,0,0,0,36
slaver,easy,7,51,1770,2,2,0,0,0,36
slaver,easy,7,52,1820,2,2,0,0,0,36
slaver,easy,7,53,1870,2,2,0,0,0,36
slaver,easy,7,54,1870,2,2,0,0,0,36
slaver,easy,7,55,1895,2,2,0,0,0,36
slaver,easy,7,56,1970,2,2,0,0,0,36
slaver,easy,7,57,2070,2,2,0,0,0,36
slaver,easy,7,58,2095,2,2,0,0,0,36
slaver,easy,7,59,2095,2,2,0,0,0,36
slaver,easy,7,60,2095,2,2,0,0,0,36
slaver,easy,7,61,1941,2,2,0,0,0,36
slaver,easy,7,62,1686,2,2,0,0,0,36
slaver,easy,7,63,1706,2,2,0,0,0,36
slaver,easy,7,64,1746,2,2,0,0,0,36
slaver,easy,7,65,1826,2,2,0,0,0,36
slaver,easy,7,66,1826,2,2,0,0,0,36
slaver,easy,7,67,1826,2,2,0,0,0,36
slaver,easy,7,68,1343,2,2,0,0,0,36
slaver,easy,7,69,1233,2,2,0,0,0,36
slaver,easy,7,70,1194,2,2,0,0,0,38
slaver,easy,7,71,1294,2,2,0,0,0,38
slaver,easy,7,72,1095,2,2,0,0,0,38
slaver,easy,7,73,897,2,2,0,0,0,38
slaver,easy,7,74,947,2,2,0,0,0,38
slaver,easy,7,75,1022,2,2,0,0,0,38
slaver,easy,7,76,930,2,2,0,0,0,38
slaver,easy,7,77,810,2,2,0,0,0,38
slaver,easy,7,78,805,2,2,0,0,0,38
slaver,easy,7,79,865,2,2,0,0,0,38
slaver,easy,7,80,902,2,2,0,0,0,38
slaver,easy,7,81,918,2,2,0,0,0,39
slaver,easy,7,82,1018,2,2,0,0,0,39
slaver,easy,7,83,1012,2,2,0,0,0,39
slaver,easy,7,84,1069,2,2,0,0,0,39
slaver,easy,7,85,1169,2,2,0,0,0,39
slaver,easy,7,86,1269,2,2,0,0,0,39
slaver,easy,7,87,1269,2,2,0,0,0,39
slaver,easy,7,88,1269,2,2,0,0,0,39
slaver,easy,7,89,1369,2,2,0,0,0,39
slaver,easy,7,90,1419,2,2,0,0,0,39
slaver,easy,7,91,1494,2,2,0,0,0,39
slaver,easy,7,92,1519,2,2,0,0,0,39
slaver,easy,7,93,1619,2,2,0,0,0,39
slaver,easy,7,94,1719,2,2,0,0,0,39
slaver,easy,7,95,1794,2,2,0,0,0,39
slaver,easy,7,96,1894,2,2,0,0,0,39
slaver,easy,7,97,1994,2,2,0,0,0,39
slaver,easy,7,98,2069,2,2,0,0,0,39
slaver,easy,7,99,2094,2,2,0,0,0,39
slaver,easy,7,100,2144,2,2,0,0,0,39
slaver,easy,19,1,128,2,2,0,0,0,11
slaver,easy,19,2,198,2,2,0,0,0,21
slaver,easy,19,3,298,2,2,0,0,0,21
slaver,easy,19,4,321,2,2,0,0,0,21
slaver,easy,19,5,263,2,2,0,0,0,21
slaver,easy,19,6,207,2,2,0,0,0,21
slaver,easy,19,7,173,2,2,0,0,0,21
slaver,easy,19,8,149,2,2,0,0,0,21
slaver,easy,19,9,133,2,2,0,0,0,21
slaver,easy,19,10,182,2,2,0,0,0,21
slaver,easy,19,11,182,2,2,0,0,0,21
slaver,easy,19,12,182,2,2,0,0,0,21
slaver,easy,19,13,257,2,2,0,0,0,21
slaver,easy,19,14,282,2,2,0,0,0,21
slaver,easy,19,15,282,2,2,0,0,0,21
slaver,easy,19,16,274,2,2,0,0,0,21
slaver,easy,19,17,265,2,2,0,0,0,21
slaver,easy,19,18,265,2,2,0,0,0,21
slaver,easy,19,19,265,2,2,0,0,0,21
slaver,easy,19,20,229,2,2,0,0,0,21
slaver,easy,19,21,218,2,2,0,0,0,21
slaver,easy,19,22,268,2,2,0,0,0,21
slaver,easy,19,23,268,2,2,0,0,0,21
slaver,easy,19,24,268,2,2,0,0,0,21
slaver,easy,19,25,268,2,2,0,0,0,21
slaver,easy,19,26,268,2,2,0,0,0,21
slaver,easy,19,27,268,2,2,0,0,0,21
slaver,easy,19,28,268,2,2,0,0,0,21
slaver,easy,19,29,249,2,2,0,0,0,21
slaver,easy,19,30,240,2,2,0,0,0,21
slaver,easy,19,31,240,2,2,0,0,0,21
slaver,easy,19,32,232,2,2,0,0,0,21
slaver,easy,19,33,232,2,2,0,0,0,21
slaver,easy,19,34,232,2,2,0,0,0,21
slaver,easy,19,35,282,2,2,0,0,0,21
slaver,easy,19,36,382,2,2,0,0,0,21
slaver,easy,19,37,482,2,2,0,0,0,21
slaver,easy,19,38,582,2,2,0,0,0,21
slaver,easy,19,39,682,2,2,0,0,0,21
slaver,easy,19,40,782,2,2,0,0,0,21
slaver,easy,19,41,882,2,2,0,0,0,21
slaver,easy,19,42,907,2,2,0,0,0,21
slaver,easy,19,43,907,2,2,0,0,0,21
slaver,easy,19,44,907,2,2,0,0,0,21
slaver,easy,19,45,907,2,2,0,0,0,21
slaver,easy,19,46,907,2,2,0,0,0,21
slaver,easy,19,47,907,2,2,0,0,0,21
slaver,easy,19,48,957,2,2,0,0,0,21
slaver,easy,19,49,1057,2,2,0,0,0,21
slaver,easy,19,50,1132,2,2,0,0,0,21
slaver,easy,19,51,1157,2,2,0,0,0,21
slaver,easy,19,52,1182,2,2,0,0,0,21
slaver,easy,19,53,1232,2,2,0,0,0,21
slaver,easy,19,54,1257,2,2,0,0,0,21
slaver,easy,19,55,1282,2,2,0,0,0,21
slaver,easy,19,56,1332,2,2,0,0,0,21
slaver,easy,19,57,1382,2,2,0,0,0,21
slaver,easy,19,58,1407,2,2,0,0,0,21
slaver,easy,19,59,1507,2,2,0,0,0,21
slaver,easy,19,60,1607,2,2,0,0,0,21
slaver,easy,19,61,1707,2,2,0,0,0,21
slaver,easy,19,62,1782,2,2,0,0,0,21
slaver,easy,19,63,1832,2,2,0,0,0,21
slaver,easy,19,64,1882,2,2,0,0,0,21
slaver,easy,19,65,1907,2,2,0,0,0,21
slaver,easy,19,66,1907,2,2,0,0,0,21
slaver,easy,19,67,1932,2,2,0,0,0,21
slaver,easy,19,68,2032,2,2,0,0,0,21
slaver,easy,19,69,2132,2,2,0,0,0,21
slaver,easy,19,70,2232,2,2,0,0,0,21
slaver,easy,19,71,2282,2,2,0,0,0,21
slaver,easy,19,72,2282,2,2,0,0,0,21
slaver,easy,19,73,2282,2,2,0,0,0,21
slaver,easy,19,74,2282,2,2,0,0,0,21
slaver,easy,19,75,2332,2,2,0,0,0,21
slaver,easy,19,76,2382,2,2,0,0,0,21
slaver,easy,19,77,2457,2,2,0,0,0,21
slaver,easy,19,78,2557,2,2,0,0,0,21
slaver,easy,19,79,2657,2,2,0,0,0,21
slaver,easy,19,80,2757,2,2,0,0,0,21
slaver,easy,19,81,2857,2,2,0,0,0,21
slaver,easy,19,82,2957,2,2,0,0,0,21
slaver,easy,19,83,3057,2,2,0,0,0,21
slaver,easy,19,84,3157,2,2,0,0,0,21
slaver,easy,19,85,3257,2,2,0,0,0,21
slaver,easy,19,86,3357,2,2,0,0,0,21
slaver,easy,19,87,3457,2,2,0,0,0,21
slaver,easy,19,88,3557,2,2,0,0,0,21
slaver,easy,19,89,3657,2,2,0,0,0,21
slaver,easy,19,90,3757,2,2,0,0,0,21
slaver,easy,19,91,3857,2,2,0,0,0,21
slaver,easy,19,92,3957,2,2,0,0,0,21
slaver,easy,19,93,4057,2,2,0,0,0,21
slaver,easy,19,94,4157,2,2,0,0,0,21
slaver,easy,19,95,4257,2,2,0,0,0,21
slaver,easy,19,96,4357,2,2,0,0,0,21
slaver,easy,19,97,4407,2,2,0,0,0,21
slaver,easy,19,98,4487,2,2,0,0,0,21
slaver,easy,19,99,4567,2,2,0,0,0,21
slaver,easy,19,100,4627,2,2,0,0,0,21
slaver,easy,42,1,112,2,2,0,0,0,0
slaver,easy,42,2,109,2,2,0,0,0,10
slaver,easy,42,3,183,2,2,0,0,0,10
slaver,easy,42,4,273,2,2,0,0,0,10
slaver,easy,42,5,364,2,2,0,0,0,21
slaver,easy,42,6,444,2,2,0,0,0,21
slaver,easy,42,7,444,2,2,0,0,0,21
slaver,easy,42,8,504,2,2,0,0,0,21
slaver,easy,42,9,504,2,2,0,0,0,21
slaver,easy,42,10,504,2,2,0,0,0,21
slaver,easy,42,11,471,2,2,0,0,0,21
slaver,easy,42,12,406,2,2,0,0,0,21
slaver,easy,42,13,345,2,2,0,0,0,21
slaver,easy,42,14,346,2,2,0,0,0,21
slaver,easy,42,15,333,2,2,0,0,0,21
slaver,easy,42,16,297,2,2,0,0,0,21
slaver,easy,42,17,280,2,2,0,0,0,21
slaver,easy,42,18,254,2,2,0,0,0,21
slaver,easy,42,19,231,2,2,0,0,0,21
slaver,easy,42,20,254,2,2,0,0,0,21
slaver,easy,42,21,201,2,2,0,0,0,22
slaver,easy,42,22,239,2,2,0,0,0,22
slaver,easy,42,23,228,2,2,0,0,0,22
slaver,easy,42,24,278,2,2,0,0,0,22
slaver,easy,42,25,278,2,2,0,0,0,22
slaver,easy,42,26,278,2,2,0,0,0,22
slaver,easy,42,27,303,2,2,0,0,0,22
slaver,easy,42,28,303,2,2,0,0,0,22
slaver,easy,42,29,303,2,2,0,0,0,22
slaver,easy,42,30,403,2,2,0,0,0,22
slaver,easy,42,31,428,2,2,0,0,0,22
slaver,easy,42,32,428,2,2,0,0,0,22
slaver,easy,42,33,453,2,2,0,0,0,22
slaver,easy,42,34,478,2,2,0,0,0,22
slaver,easy,42,35,478,2,2,0,0,0,22
slaver,easy,42,36,503,2,2,0,0,0,22
slaver,easy,42,37,503,2,2,0,0,0,22
slaver,easy,42,38,578,2,2,0,0,0,22
slaver,easy,42,39,678,2,2,0,0,0,22
slaver,easy,42,40,703,2,2,0,0,0,22
slaver,easy,42,41,703,2,2,0,0,0,22
slaver,easy,42,42,692,2,2,0,0,0,22
slaver,easy,42,43,625,2,2,0,0,0,22
slaver,easy,42,44,613,2,2,0,0,0,22
slaver,easy,42,45,613,2,2,0,0,0,22
slaver,easy,42,46,613,2,2,0,0,0,22
slaver,easy,42,47,638,2,2,0,0,0,22
slaver,easy,42,48,738,2,2,0,0,0,22
slaver,easy,42,49,738,2,2,0,0,0,22
slaver,easy,42,50,763,2,2,0,0,0,22
slaver,easy,42,51,788,2,2,0,0,0,22
slaver,easy,42,52,813,2,2,0,0,0,22
slaver,easy,42,53,863,2,2,0,0,0,22
slaver,easy,42,54,888,2,2,0,0,0,22
slaver,easy,42,55,938,2,2,0,0,0,22
slaver,easy,42,56,988,2,2,0,0,0,22
slaver,easy,42,57,1088,2,2,0,0,0,22
slaver,easy,42,58,1055,2,2,0,0,0,22
slaver,easy,42,59,1055,2,2,0,0,0,22
slaver,easy,42,60,1130,2,2,0,0,0,22
slaver,easy,42,61,1205,2,2,0,0,0,22
slaver,easy,42,62,1230,2,2,0,0,0,22
slaver,easy,42,63,1230,2,2,0,0,0,22
slaver,easy,42,64,1255,2,2,0,0,0,22
slaver,easy,42,65,1280,2,2,0,0,0,22
slaver,easy,42,66,1305,2,2,0,0,0,22
slaver,easy,42,67,1355,2,2,0,0,0,22
slaver,easy,42,68,1405,2,2,0,0,0,22
slaver,easy,42,69,1430,2,2,0,0,0,22
slaver,easy,42,70,1430,2,2,0,0,0,22
slaver,easy,42,71,1505,2,2,0,0,0,22
slaver,easy,42,72,1530,2,2,0,0,0,22
slaver,easy,42,73,1530,2,2,0,0,0,22
slaver,easy,42,74,1555,2,2,0,0,0,22
slaver,easy,42,75,1605,2,2,0,0,0,22
slaver,easy,42,76,1655,2,2,0,0,0,22
slaver,easy,42,77,1705,2,2,0,0,0,22
slaver,easy,42,78,1805,2,2,0,0,0,22
slaver,easy,42,79,1905,2,2,0,0,0,22
slaver,easy,42,80,1955,2,2,0,0,0,22
slaver,easy,42,81,2005,2,2,0,0,0,22
slaver,easy,42,82,2105,2,2,0,0,0,22
slaver,easy,42,83,2180,2,2,0,0,0,22
slaver,easy,42,84,2245,2,2,0,0,0,22
slaver,easy,42,85,2285,2,2,0,0,0,22
slaver,easy,42,86,2345,2,2,0,0,0,22
slaver,easy,42,87,2425,2,2,0,0,0,22
slaver,easy,42,88,2465,2,2,0,0,0,22
slaver,easy,42,89,2465,2,2,0,0,0,22
slaver,easy,42,90,2191,2,2,0,0,0,22
slaver,easy,42,91,2069,2,2,0,0,0,22
slaver,easy,42,92,1811,2,2,0,0,0,22
slaver,easy,42,93,1609,2,2,0,0,0,22
slaver,easy,42,94,1547,2,2,0,0,0,22
slaver,easy,42,95,1547,2,2,0,0,0,22
slaver,easy,42,96,1567,2,2,0,0,0,22
slaver,easy,42,97,1627,2,2,0,0,0,22
slaver,easy,42,98,1687,2,2,0,0,0,22
slaver,easy,42,99,1687,2,2,0,0,0,22
slaver,easy,42,100,1687,2,2,0,0,0,22
techlord,easy,7,1,29,0,0,0,0,0,0
techlord,easy,7,2,29,0,0,0,0,0,0
techlord,easy,7,3,29,0,0,0,0,0,0
techlord,easy,7,4,29,0,0,0,0,0,0
techlord,easy,7,5,29,0,0,0,0,0,0
techlord,easy,7,6,2,0,0,0,0,0,0
techlord,easy,7,7,2,0,0,0,0,0,0
techlord,easy,7,8,2,0,0,0,0,0,0
techlord,easy,7,9,2,0,0,0,0,0,0
techlord,easy,7,10,2,0,0,0,0,0,0
techlord,easy,7,11,2,0,0,0,0,0,0
techlord,easy,7,12,2,0,0,0,0,0,0
techlord,easy,7,13,2,0,0,0,0,0,0
techlord,easy,7,14,2,0,0,0,0,0,0
techlord,easy,7,15,0,0,0,0,0,0,0
techlord,easy,7,16,0,0,0,0,0,0,0
techlord,easy,7,17,0,0,0,0,0,0,0
techlord,easy,7,18,0,0,0,0,0,0,0
techlord,easy,7,19,0,0,0,0,0,0,0
techlord,easy,7,20,0,0,0,0,0,0,0
techlord,easy,7,21,0,0,0,0,0,0,0
techlord,easy,7,22,0,0,0,0,0,0,0
techlord,easy,7,23,0,0,0,0,0,0,0
techlord,easy,7,24,0,0,0,0,0,0,0
techlord,easy,7,25,0,0,0,0,0,0,0
techlord,easy,7,26,0,0,0,0,0,0,0
techlord,easy,7,27,0,0,0,0,0,0,0
techlord,easy,7,28,0,0,0,0,0,0,0
techlord,easy,7,29,0,0,0,0,0,0,0
techlord,easy,7,30,0,0,0,0,0,0,0
techlord,easy,7,31,0,0,0,0,0,0,0
techlord,easy,7,32,0,0,0,0,0,0,0
techlord,easy,7,33,0,0,0,0,0,0,0
techlord,easy,7,34,0,0,0,0,0,0,0
techlord,easy,7,35,0,0,0,0,0,0,0
techlord,easy,7,36,0,0,0,0,0,0,0
techlord,easy,7,37,0,0,0,0,0,0,0
techlord,easy,7,38,0,0,0,0,0,0,0
techlord,easy,7,39,0,0,0,0,0,0,0
techlord,easy,7,40,0,0,0,0,0,0,0
techlord,easy,7,41,0,0,0,0,0,0,0
techlord,easy,7,42,0,0,0,0,0,0,0
techlord,easy,7,43,0,0,0,0,0,0,0
techlord,easy,7,44,0,0,0,0,0,0,0
techlord,easy,7,45,0,0,0,0,0,0,0
techlord,easy,7,46,0,0,0,0,0,0,0
techlord,easy,7,47,0,0,0,0,0,0,0
techlord,easy,7,48,0,0,0,0,0,0,0
techlord,easy,7,49,0,0,0,0,0,0,0
techlord,easy,7,50,0,0,0,0,0,0,0
techlord,easy,7,51,0,0,0,0,0,0,0
techlord,easy,7,52,0,0,0,0,0,0,0
techlord,easy,7,53,0,0,0,0,0,0,0
techlord,easy,7,54,0,0,0,0,0,0,0
techlord,easy,7,55,0,0,0,0,0,0,0
techlord,easy,7,56,0,0,0,0,0,0,0
techlord,easy,7,57,0,0,0,0,0,0,0
techlord,easy,7,58,0,0,0,0,0,0,0
techlord,easy,7,59,0,0,0,0,0,0,0
techlord,easy,7,60,0,0,0,0,0,0,0
techlord,easy,7,61,0,0,0,0,0,0,0
techlord,easy,7,62,0,0,0,0,0,0,0
techlord,easy,7,63,0,0,0,0,0,0,0
techlord,easy,7,64,0,0,0,0,0,0,0
techlord,easy,7,65,0,0,0,0,0,0,0
techlord,easy,7,66,0,0,0,0,0,0,0
techlord,easy,7,67,0,0,0,0,0,0,0
techlord,easy,7,68,0,0,0,0,0,0,0
techlord,easy,7,69,0,0,0,0,0,0,0
techlord,easy,7,70,0,0,0,0,0,0,0
techlord,easy,7,71,0,0,0,0,0,0,0
techlord,easy,7,72,0,0,0,0,0,0,0
techlord,easy,7,73,0,0,0,0,0,0,0
techlord,easy,7,74,0,0,0,0,0,0,0
techlord,easy,7,75,0,0,0,0,0,0,0
techlord,easy,7,76,0,0,0,0,0,0,0
techlord,easy,7,77,0,0,0,0,0,0,0
techlord,easy,7,78,0,0,0,0,0,0,0
techlord,easy,7,79,0,0,0,0,0,0,0
techlord,easy,7,80,0,0,0,0,0,0,0
techlord,easy,7,81,0,0,0,0,0,0,0
techlord,easy,7,82,0,0,0,0,0,0,0
techlord,easy,7,83,0,0,0,0,0,0,0
techlord,easy,7,84,0,0,0,0,0,0,0
techlord,easy,7,85,0,0,0,0,0,0,0
techlord,easy,7,86,0,0,0,0,0,0,0
techlord,easy,7,87,0,0,0,0,0,0,0
techlord,easy,7,88,0,0,0,0,0,0,0
techlord,easy,7,89,0,0,0,0,0,0,0
techlord,easy,7,90,0,0,0,0,0,0,0
techlord,easy,7,91,0,0,0,0,0,0,0
techlord,easy,7,92,0,0,0,0,0,0,0
techlord,easy,7,93,0,0,0,0,0,0,0
techlord,easy,7,94,0,0,0,0,0,0,0
techlord,easy,7,95,0,0,0,0,0,0,0
techlord,easy,7,96,0,0,0,0,0,0,0
techlord,easy,7,97,0,0,0,0,0,0,0
techlord,easy,7,98,0,0,0,0,0,0,0
techlord,easy,7,99,0,0,0,0,0,0,0
techlord,easy,7,100,0,0,0,0,0,0,0
techlord,easy,19,1,31,0,0,0,0,0,0
techlord,easy,19,2,31,0,0,0,0,0,0
techlord,easy,19,3,31,0,0,0,0,0,0
techlord,easy,19,4,31,0,0,0,0,0,0
techlord,easy,19,5,31,0,0,0,0,0,0
techlord,easy,19,6,31,0,0,0,0,0,0
techlord,easy,19,7,31,0,0,0,0,0,0
techlord,easy,19,8,31,0,0,0,0,0,0
techlord,easy,19,9,31,0,0,0,0,0,0
techlord,easy,19,10,31,0,0,0,0,0,0
techlord,easy,19,11,31,0,0,0,0,0,0
techlord,easy,19,12,31,0,0,0,0,0,0
techlord,easy,19,13,31,0,0,0,0,0,0
techlord,easy,19,14,31,0,0,0,0,0,0
techlord,easy,19,15,31,0,0,0,0,0,0
techlord,easy,19,16,31,0,0,0,0,0,0
techlord,easy,19,17,19,0,0,0,0,0,0
techlord,easy,19,18,19,0,0,0,0,0,0
techlord,easy,19,19,19,0,0,0,0,0,0
techlord,easy,19,20,19,0,0,0,0,0,0
techlord,easy,19,21,19,0,0,0,0,0,0
techlord,easy,19,22,19,0,0,0,0,0,0
techlord,easy,19,23,19,0,0,0,0,0,0
techlord,easy,19,24,19,0,0,0,0,0,0
techlord,easy,19,25,19,0,0,0,0,0,0
techlord,easy,19,26,19,0,0,0,0,0,0
techlord,easy,19,27,19,0,0,0,0,0,0
techlord,easy,19,28,19,0,0,0,0,0,0
techlord,easy,19,29,19,0,0,0,0,0,0
techlord,easy,19,30,15,0,0,0,0,0,0
techlord,easy,19,31,11,0,0,0,0,0,0
techlord,easy,19,32,10,0,0,0,0,0,0
techlord,easy,19,33,7,0,0,0,0,0,0
techlord,easy,19,34,6,0,0,0,0,0,0
techlord,easy,19,35,6,0,0,0,0,0,0
techlord,easy,19,36,6,0,0,0,0,0,0
techlord,easy,19,37,6,0,0,0,0,0,0
techlord,easy,19,38,6,0,0,0,0,0,0
techlord,easy,19,39,6,0,0,0,0,0,0
techlord,easy,19,40,6,0,0,0,0,0,0
techlord,easy,19,41,1,0,0,0,0,0,0
techlord,easy,19,42,1,0,0,0,0,0,0
techlord,easy,19,43,1,0,0,0,0,0,0
techlord,easy,19,44,1,0,0,0,0,0,0
techlord,easy,19,45,1,0,0,0,0,0,0
techlord,easy,19,46,1,0,0,0,0,0,0
techlord,easy,19,47,0,0,0,0,0,0,0
techlord,easy,19,48,0,0,0,0,0,0,0
techlord,easy,19,49,0,0,0,0,0,0,0
techlord,easy,19,50,0,0,0,0,0,0,0
techlord,easy,19,51,0,0,0,0,0,0,0
techlord,easy,19,52,0,0,0,0,0,0,0
techlord,easy,19,53,0,0,0,0,0,0,0
techlord,easy,19,54,0,0,0,0,0,0,0
techlord,easy,19,55,0,0,0,0,0,0,0
techlord,easy,19,56,0,0,0,0,0,0,0
techlord,easy,19,57,0,0,0,0,0,0,0
techlord,easy,19,58,0,0,0,0,0,0,0
techlord,easy,19,59,0,0,0,0,0,0,0
techlord,easy,19,60,0,0,0,0,0,0,0
techlord,easy,19,61,0,0,0,0,0,0,0
techlord,easy,19,62,0,0,0,0,0,0,0
techlord,easy,19,63,0,0,0,0,0,0,0
techlord,easy,19,64,0,0,0,0,0,0,0
techlord,easy,19,65,0,0,0,0,0,0,0
techlord,easy,19,66,0,0,0,0,0,0,0
techlord,easy,19,67,0,0,0,0,0,0,0
techlord,easy,19,68,0,0,0,0,0,0,0
techlord,easy,19,69,0,0,0,0,0,0,0
techlord,easy,19,70,0,0,0,0,0,0,0
techlord,easy,19,71,0,0,0,0,0,0,0
techlord,easy,19,72,0,0,0,0,0,0,0
techlord,easy,19,73,0,0,0,0,0,0,0
techlord,easy,19,74,0,0,0,0,0,0,0
techlord,easy,19,75,0,0,0,0,0,0,0
techlord,easy,19,76,0,0,0,0,0,0,0
techlord,easy,19,77,0,0,0,0,0,0,0
techlord,easy,19,78,0,0,0,0,0,0,0
techlord,easy,19,79,0,0,0,0,0,0,0
techlord,easy,19,80,0,0,0,0,0,0,0
techlord,easy,19,81,0,0,0,0,0,0,0
techlord,easy,19,82,0,0,0,0,0,0,0
techlord,easy,19,83,0,0,0,0,0,0,0
techlord,easy,19,84,0,0,0,0,0,0,0
techlord,easy,19,85,0,0,0,0,0,0,0
techlord,easy,19,86,0,0,0,0,0,0,0
techlord,easy,19,87,0,0,0,0,0,0,0
techlord,easy,19,88,0,0,0,0,0,0,0
techlord,easy,19,89,0,0,0,0,0,0,0
techlord,easy,19,90,0,0,0,0,0,0,0
techlord,easy,19,91,0,0,0,0,0,0,0
techlord,easy,19,92,0,0,0,0,0,0,0
techlord,easy,19,93,0,0,0,0,0,0,0
techlord,easy,19,94,0,0,0,0,0,0,0
techlord,easy,19,95,0,0,0,0,0,0,0
techlord,easy,19,96,0,0,0,0,0,0,0
techlord,easy,19,97,0,0,0,0,0,0,0
techlord,easy,19,98,0,0,0,0,0,0,0
techlord,easy,19,99,0,0,0,0,0,0,0
techlord,easy,19,100,0,0,0,0,0,0,0
techlord,easy,42,1,22,0,0,0,0,0,0
techlord,easy,42,2,0,0,0,0,0,0,0
techlord,easy,42,3,0,0,0,0,0,0,0
techlord,easy,42,4,0,0,0,0,0,0,0
techlord,easy,42,5,0,0,0,0,0,0,0
techlord,easy,42,6,0,0,0,0,0,0,0
techlord,easy,42,7,0,0,0,0,0,0,0
techlord,easy,42,8,0,0,0,0,0,0,0
techlord,easy,42,9,0,0,0,0,0,0,0
techlord,easy,42,10,0,0,0,0,0,0,0
techlord,easy,42,11,0,0,0,0,0,0,0
techlord,easy,42,12,0,0,0,0,0,0,0
techlord,easy,42,13,0,0,0,0,0,0,0
techlord,easy,42,14,0,0,0,0,0,0,0
techlord,easy,42,15,0,0,0,0,0,0,0
techlord,easy,42,16,0,0,0,0,0,0,0
techlord,easy,42,17,0,0,0,0,0,0,0
techlord,easy,42,18,0,0,0,0,0,0,0
techlord,easy,42,19,0,0,0,0,0,0,0
techlord,easy,42,20,0,0,0,0,0,0,0
techlord,easy,42,21,0,0,0,0,0,0,0
techlord,easy,42,22,0,0,0,0,0,0,0
techlord,easy,42,23,0,0,0,0,0,0,0
techlord,easy,42,24,0,0,0,0,0,0,0
techlord,easy,42,25,0,0,0,0,0,0,0
techlord,easy,42,26,0,0,0,0,0,0,0
techlord,easy,42,27,0,0,0,0,0,0,0
techlord,easy,42,28,0,0,0,0,0,0,0
techlord,easy,42,29,0,0,0,0,0,0,0
techlord,easy,42,30,0,0,0,0,0,0,0
techlord,easy,42,31,0,0,0,0,0,0,0
techlord,easy,42,32,0,0,0,0,0,0,0
techlord,easy,42,33,0,0,0,0,0,0,0
techlord,easy,42,34,0,0,0,0,0,0,0
techlord,easy,42,35,0,0,0,0,0,0,0
techlord,easy,42,36,0,0,0,0,0,0,0
techlord,easy,42,37,0,0,0,0,0,0,0
techlord,easy,42,38,0,0,0,0,0,0,0
techlord,easy,42,39,0,0,0,0,0,0,0
techlord,easy,42,40,0,0,0,0,0,0,0
techlord,easy,42,41,0,0,0,0,0,0,0
techlord,easy,42,42,0,0,0,0,0,0,0
techlord,easy,42,43,0,0,0,0,0,0,0
techlord,easy,42,44,0,0,0,0,0,0,0
techlord,easy,42,45,0,0,0,0,0,0,0
techlord,easy,42,46,0,0,0,0,0,0,0
techlord,easy,42,47,0,0,0,0,0,0,0
techlord,easy,42,48,0,0,0,0,0,0,0
techlord,easy,42,49,0,0,0,0,0,0,0
techlord,easy,42,50,0,0,0,0,0,0,0
techlord,easy,42,51,0,0,0,0,0,0,0
techlord,easy,42,52,0,0,0,0,0,0,0
techlord,easy,42,53,0,0,0,0,0,0,0
techlord,easy,42,54,0,0,0,0,0,0,0
techlord,easy,42,55,0,0,0,0,0,0,0
techlord,easy,42,56,0,0,0,0,0,0,0
techlord,easy,42,57,0,0,0,0,0,0,0
techlord,easy,42,58,0,0,0,0,0,0,0
techlord,easy,42,59,0,0,0,0,0,0,0
techlord,easy,42,60,0,0,0,0,0,0,0
techlord,easy,42,61,0,0,0,0,0,0,0
techlord,easy,42,62,0,0,0,0,0,0,0
techlord,easy,42,63,0,0,0,0,0,0,0
techlord,easy,42,64,0,0,0,0,0,0,0
techlord,easy,42,65,0,0,0,0,0,0,0
techlord,easy,42,66,0,0,0,0,0,0,0
techlord,easy,42,67,0,0,0,0,0,0,0
techlord,easy,42,68,0,0,0,0,0,0,0
techlord,easy,42,69,0,0,0,0,0,0,0
techlord,easy,42,70,0,0,0,0,0,0,0
techlord,easy,42,71,0,0,0,0,0,0,0
techlord,easy,42,72,0,0,0,0,0,0,0
techlord,easy,42,73,0,0,0,0,0,0,0
techlord,easy,42,74,0,0,0,0,0,0,0
techlord,easy,42,75,0,0,0,0,0,0,0
techlord,easy,42,76,0,0,0,0,0,0,0
techlord,easy,42,77,0,0,0,0,0,0,0
techlord,easy,42,78,0,0,0,0,0,0,0
techlord,easy,42,79,0,0,0,0,0,0,0
techlord,easy,42,80,0,0,0,0,0,0,0
techlord,easy,42,81,0,0,0,0,0,0,0
techlord,easy,42,82,0,0,0,0,0,0,0
techlord,easy,42,83,0,0,0,0,0,0,0
techlord,easy,42,84,0,0,0,0,0,0,0
techlord,easy,42,85,0,0,0,0,0,0,0
techlord,easy,42,86,0,0,0,0,0,0,0
techlord,easy,42,87,0,0,0,0,0,0,0
techlord,easy,42,88,0,0,0,0,0,0,0
techlord,easy,42,89,0,0,0,0,0,0,0
techlord,easy,42,90,0,0,0,0,0,0,0
techlord,easy,42,91,0,0,0,0,0,0,0
techlord,easy,42,92,0,0,0,0,0,0,0
techlord,easy,42,93,0,0,0,0,0,0,0
techlord,easy,42,94,0,0,0,0,0,0,0
techlord,easy,42,95,0,0,0,0,0,0,0
techlord,easy,42,96,0,0,0,0,0,0,0
techlord,easy,42,97,0,0,0,0,0,0,0
techlord,easy,42,98,0,0,0,0,0,0,0
techlord,easy,42,99,0,0,0,0,0,0,0
techlord,easy,42,100,0,0,0,0,0,0,0
survivor,easy,7,1,29,0,0,0,0,0,0
survivor,easy,7,2,29,0,0,0,0,0,0
survivor,easy,7,3,29,0,0,0,0,0,0
survivor,easy,7,4,29,0,0,0,0,0,0
survivor,easy,7,5,29,0,0,0,0,0,0
survivor,easy,7,6,2,0,0,0,0,0,0
survivor,easy,7,7,2,0,0,0,0,0,0
survivor,easy,7,8,2,0,0,0,0,0,0
survivor,easy,7,9,2,0,0,0,0,0,0
survivor,easy,7,10,2,0,0,0,0,0,0
survivor,easy,7,11,2,0,0,0,0,0,0
survivor,easy,7,12,2,0,0,0,0,0,0
survivor,easy,7,13,2,0,0,0,0,0,0
survivor,easy,7,14,2,0,0,0,0,0,0
survivor,easy,7,15,0,0,0,0,0,0,0
survivor,easy,7,16,0,0,0,0,0,0,0
survivor,easy,7,17,0,0,0,0,0,0,0
survivor,easy,7,18,0,0,0,0,0,0,0
survivor,easy,7,19,0,0,0,0,0,0,0
survivor,easy,7,20,0,0,0,0,0,0,0
survivor,easy,7,21,0,0,0,0,0,0,0
survivor,easy,7,22,0,0,0,0,0,0,0
survivor,easy,7,23,0,0,0,0,0,0,0
survivor,easy,7,24,0,0,0,0,0,0,0
survivor,easy,7,25,0,0,0,0,0,0,0
survivor,easy,7,26,0,0,0,0,0,0,0
survivor,easy,7,27,0,0,0,0,0,0,0
survivor,easy,7,28,0,0,0,0,0,0,0
survivor,easy,7,29,0,0,0,0,0,0,0
survivor,easy,7,30,0,0,0,0,0,0,0
survivor,easy,7,31,0,0,0,0,0,0,0
survivor,easy,7,32,0,0,0,0,0,0,0
survivor,easy,7,33,0,0,0,0,0,0,0
survivor,easy,7,34,0,0,0,0,0,0,0
survivor,easy,7,35,0,0,0,0,0,0,0
survivor,easy,7,36,0,0,0,0,0,0,0
survivor,easy,7,37,0,0,0,0,0,0,0
survivor,easy,7,38,0,0,0,0,0,0,0
survivor,easy,7,39,0,0,0,0,0,0,0
survivor,easy,7,40,0,0,0,0,0,0,0
survivor,easy,7,41,0,0,0,0,0,0,0
survivor,easy,7,42,0,0,0,0,0,0,0
survivor,easy,7,43,0,0,0,0,0,0,0
survivor,easy,7,44,0,0,0,0,0,0,0
survivor,easy,7,45,0,0,0,0,0,0,0
survivor,easy,7,46,0,0,0,0,0,0,0
survivor,easy,7,47,40,0,0,0,0,0,0
survivor,easy,7,48,40,0,0,0,0,0,0
survivor,easy,7,49,40,0,0,0,0,0,0
survivor,easy,7,50,40,0,0,0,0,0,0
survivor,easy,7,51,40,0,0,0,0,0,0
survivor,easy,7,52,40,0,0,0,0,0,0
survivor,easy,7,53,40,0,0,0,0,0,0
survivor,easy,7,54,40,0,0,0,0,0,0
survivor,easy,7,55,40,0,0,0,0,0,0
survivor,easy,7,56,40,0,0,0,0,0,0
survivor,easy,7,57,40,0,0,0,0,0,0
survivor,easy,7,58,40,0,0,0,0,0,0
survivor,easy,7,59,40,0,0,0,0,0,0
survivor,easy,7,60,60,0,0,0,0,0,0
survivor,easy,7,61,60,0,0,0,0,0,0
survivor,easy,7,62,60,0,0,0,0,0,0
survivor,easy,7,63,60,0,0,0,0,0,0
survivor,easy,7,64,60,0,0,0,0,0,0
survivor,easy,7,65,60,0,0,0,0,0,0
survivor,easy,7,66,49,0,0,0,0,0,0
survivor,easy,7,67,49,0,0,0,0,0,0
survivor,easy,7,68,49,0,0,0,0,0,0
survivor,easy,7,69,49,0,0,0,0,0,0
survivor,easy,7,70,49,0,0,0,0,0,0
survivor,easy,7,71,59,0,0,0,0,0,0
survivor,easy,7,72,59,0,0,0,0,0,0
survivor,easy,7,73,59,0,0,0,0,0,0
survivor,easy,7,74,59,0,0,0,0,0,0
survivor,easy,7,75,59,0,0,0,0,0,0
survivor,easy,7,76,59,0,0,0,0,0,0
survivor,easy,7,77,59,0,0,0,0,0,0
survivor,easy,7,78,59,0,0,0,0,0,0
survivor,easy,7,79,59,0,0,0,0,0,0
survivor,easy,7,80,59,0,0,0,0,0,0
survivor,easy,7,81,59,0,0,0,0,0,0
survivor,easy,7,82,59,0,0,0,0,0,0
survivor,easy,7,83,59,0,0,0,0,0,0
survivor,easy,7,84,59,0,0,0,0,0,0
survivor,easy,7,85,70,0,0,0,0,0,0
survivor,easy,7,86,70,0,0,0,0,0,0
survivor,easy,7,87,70,0,0,0,0,0,0
survivor,easy,7,88,70,0,0,0,0,0,0
survivor,easy,7,89,70,0,0,0,0,0,0
survivor,easy,7,90,70,0,0,0,0,0,0
survivor,easy,7,91,70,0,0,0,0,0,0
survivor,easy,7,92,90,0,0,0,0,0,0
survivor,easy,7,93,90,0,0,0,0,0,0
survivor,easy,7,94,90,0,0,0,0,0,0
survivor,easy,7,95,90,0,0,0,0,0,0
survivor,easy,7,96,90,0,0,0,0,0,0
survivor,easy,7,97,90,0,0,0,0,0,0
survivor,easy,7,98,90,0,0,0,0,0,0
survivor,easy,7,99,90,0,0,0,0,0,0
survivor,easy,7,100,110,0,0,0,0,0,0
survivor,easy,19,1,31,0,0,0,0,0,0
survivor,easy,19,2,31,0,0,0,0,0,0
survivor,easy,19,3,31,0,0,0,0,0,0
survivor,easy,19,4,31,0,0,0,0,0,0
survivor,easy,19,5,31,0,0,0,0,0,0
survivor,easy,19,6,31,0,0,0,0,0,0
survivor,easy,19,7,31,0,0,0,0,0,0
survivor,easy,19,8,31,0,0,0,0,0,0
survivor,easy,19,9,24,0,0,0,0,0,0
survivor,easy,19,10,22,0,0,0,0,0,0
survivor,easy,19,11,22,0,0,0,0,0,0
survivor,easy,19,12,22,0,0,0,0,0,0
survivor,easy,19,13,22,0,0,0,0,0,0
survivor,easy,19,14,22,0,0,0,0,0,0
survivor,easy,19,15,22,0,0,0,0,0,0
survivor,easy,19,16,22,0,0,0,0,0,0
survivor,easy,19,17,22,0,0,0,0,0,0
survivor,easy,19,18,22,0,0,0,0,0,0
survivor,easy,19,19,22,0,0,0,0,0,0
survivor,easy,19,20,22,0,0,0,0,0,0
survivor,easy,19,21,22,0,0,0,0,0,0
survivor,easy,19,22,22,0,0,0,0,0,0
survivor,easy,19,23,22,0,0,0,0,0,0
survivor,easy,19,24,22,0,0,0,0,0,0
survivor,easy,19,25,22,0,0,0,0,0,0
survivor,easy,19,26,22,0,0,0,0,0,0
survivor,easy,19,27,22,0,0,0,0,0,0
survivor,easy,19,28,22,0,0,0,0,0,0
survivor,easy,19,29,22,0,0,0,0,0,0
survivor,easy,19,30,22,0,0,0,0,0,0
survivor,easy,19,31,22,0,0,0,0,0,0
survivor,easy,19,32,22,0,0,0,0,0,0
survivor,easy,19,33,22,0,0,0,0,0,0
survivor,easy,19,34,22,0,0,0,0,0,0
survivor,easy,19,35,22,0,0,0,0,0,0
survivor,easy,19,36,22,0,0,0,0,0,0
survivor,easy,19,37,42,0,0,0,0,0,0
survivor,easy,19,38,42,0,0,0,0,0,0
survivor,easy,19,39,42,0,0,0,0,0,0
survivor,easy,19,40,4,0,0,0,0,0,0
survivor,easy,19,41,44,0,0,0,0,0,0
survivor,easy,19,42,44,0,0,0,0,0,0
survivor,easy,19,43,4,0,0,0,0,0,0
survivor,easy,19,44,24,0,0,0,0,0,0
survivor,easy,19,45,44,0,0,0,0,0,0
survivor,easy,19,46,0,0,0,0,0,0,0
survivor,easy,19,47,0,0,0,0,0,0,0
survivor,easy,19,48,0,0,0,0,0,0,0
survivor,easy,19,49,0,0,0,0,0,0,0
survivor,easy,19,50,0,0,0,0,0,0,0
survivor,easy,19,51,0,0,0,0,0,0,0
survivor,easy,19,52,0,0,0,0,0,0,0
survivor,easy,19,53,0,0,0,0,0,0,0
survivor,easy,19,54,0,0,0,0,0,0,0
survivor,easy,19,55,0,0,0,0,0,0,0
survivor,easy,19,56,0,0,0,0,0,0,0
survivor,easy,19,57,0,0,0,0,0,0,0
survivor,easy,19,58,0,0,0,0,0,0,0
survivor,easy,19,59,0,0,0,0,0,0,0
survivor,easy,19,60,0,0,0,0,0,0,0
survivor,easy,19,61,0,0,0,0,0,0,0
survivor,easy,19,62,0,0,0,0,0,0,0
survivor,easy,19,63,0,0,0,0,0,0,0
survivor,easy,19,64,0,0,0,0,0,0,0
survivor,easy,19,65,0,0,0,0,0,0,0
survivor,easy,19,66,0,0,0,0,0,0,0
survivor,easy,19,67,0,0,0,0,0,0,0
survivor,easy,19,68,0,0,0,0,0,0,0
survivor,easy,19,69,0,0,0,0,0,0,0
survivor,easy,19,70,0,0,0,0,0,0,0
survivor,easy,19,71,0,0,0,0,0,0,0
survivor,easy,19,72,0,0,0,0,0,0,0
survivor,easy,19,73,0,0,0,0,0,0,0
survivor,easy,19,74,0,0,0,0,0,0,0
survivor,easy,19,75,0,0,0,0,0,0,0
survivor,easy,19,76,0,0,0,0,0,0,0
survivor,easy,19,77,0,0,0,0,0,0,0
survivor,easy,19,78,0,0,0,0,0,0,0
survivor,easy,19,79,0,0,0,0,0,0,0
survivor,easy,19,80,0,0,0,0,0,0,0
survivor,easy,19,81,20,0,0,0,0,0,0
survivor,easy,19,82,60,0,0,0,0,0,0
survivor,easy,19,83,60,0,0,0,0,0,0
survivor,easy,19,84,60,0,0,0,0,0,0
survivor,easy,19,85,60,0,0,0,0,0,0
survivor,easy,19,86,60,0,0,0,0,0,0
survivor,easy,19,87,60,0,0,0,0,0,0
survivor,easy,19,88,60,0,0,0,0,0,0
survivor,easy,19,89,60,0,0,0,0,0,0
survivor,easy,19,90,60,0,0,0,0,0,0
survivor,easy,19,91,60,0,0,0,0,0,0
survivor,easy,19,92,60,0,0,0,0,0,0
survivor,easy,19,93,60,0,0,0,0,0,0
survivor,easy,19,94,60,0,0,0,0,0,0
survivor,easy,19,95,60,0,0,0,0,0,0
survivor,easy,19,96,60,0,0,0,0,0,0
survivor,easy,19,97,60,0,0,0,0,0,0
survivor,easy,19,98,25,0,0,0,0,0,0
survivor,easy,19,99,65,0,0,0,0,0,0
survivor,easy,19,100,65,0,0,0,0,0,0
survivor,easy,42,1,22,0,0,0,0,0,0
survivor,easy,42,2,0,0,0,0,0,0,0
survivor,easy,42,3,0,0,0,0,0,0,0
survivor,easy,42,4,0,0,0,0,0,0,0
survivor,easy,42,5,0,0,0,0,0,0,0
survivor,easy,42,6,0,0,0,0,0,0,0
survivor,easy,42,7,0,0,0,0,0,0,0
survivor,easy,42,8,0,0,0,0,0,0,0
survivor,easy,42,9,0,0,0,0,0,0,0
survivor,easy,42,10,0,0,0,0,0,0,0
survivor,easy,42,11,0,0,0,0,0,0,0
survivor,easy,42,12,0,0,0,0,0,0,0
survivor,easy,42,13,0,0,0,0,0,0,0
survivor,easy,42,14,0,0,0,0,0,0,0
survivor,easy,42,15,0,0,0,0,0,0,0
survivor,easy,42,16,0,0,0,0,0,0,0
survivor,easy,42,17,0,0,0,0,0,0,0
survivor,easy,42,18,0,0,0,0,0,0,0
survivor,easy,42,19,0,0,0,0,0,0,0
survivor,easy,42,20,0,0,0,0,0,0,0
survivor,easy,42,21,0,0,0,0,0,0,0
survivor,easy,42,22,0,0,0,0,0,0,0
survivor,easy,42,23,0,0,0,0,0,0,0
survivor,easy,42,24,0,0,0,0,0,0,0
survivor,easy,42,25,0,0,0,0,0,0,0
survivor,easy,42,26,0,0,0,0,0,0,0
survivor,easy,42,27,0,0,0,0,0,0,0
passive,hard,7,1,2,0,0,0,0,0,0
passive,hard,7,2,2,0,0,0,0,0,0
passive,hard,7,3,2,0,0,0,0,0,0
passive,hard,7,4,0,0,0,0,0,0,0
passive,hard,7,5,0,0,0,0,0,0,0
passive,hard,7,6,0,0,0,0,0,0,0
passive,hard,7,7,0,0,0,0,0,0,0
passive,hard,7,8,0,0,0,0,0,0,0
passive,hard,7,9,0,0,0,0,0,0,0
passive,hard,7,10,0,0,0,0,0,0,0
passive,hard,7,11,0,0,0,0,0,0,0
passive,hard,7,12,0,0,0,0,0,0,0
passive,hard,7,13,0,0,0,0,0,0,0
passive,hard,7,14,0,0,0,0,0,0,0
passive,hard,7,15,0,0,0,0,0,0,0
passive,hard,7,16,0,0,0,0,0,0,0
passive,hard,7,17,0,0,0,0,0,0,0
passive,hard,7,18,0,0,0,0,0,0,0
passive,hard,7,19,0,0,0,0,0,0,0
passive,hard,7,20,0,0,0,0,0,0,0
passive,hard,7,21,0,0,0,0,0,0,0
passive,hard,7,22,0,0,0,0,0,0,0
passive,hard,7,23,0,0,0,0,0,0,0
passive,hard,7,24,0,0,0,0,0,0,0
passive,hard,7,25,0,0,0,0,0,0,0
passive,hard,7,26,0,0,0,0,0,0,0
passive,hard,19,1,36,0,0,0,0,0,0
passive,hard,19,2,36,0,0,0,0,0,0
passive,hard,19,3,36,0,0,0,0,0,0
passive,hard,19,4,36,0,0,0,0,0,0
passive,hard,19,5,36,0,0,0,0,0,0
passive,hard,19,6,34,0,0,0,0,0,0
passive,hard,19,7,27,0,0,0,0,0,0
passive,hard,19,8,22,0,0,0,0,0,0
passive,hard,19,9,2,0,0,0,0,0,0
passive,hard,19,10,2,0,0,0,0,0,0
passive,hard,19,11,0,0,0,0,0,0,0
passive,hard,19,12,0,0,0,0,0,0,0
passive,hard,19,13,0,0,0,0,0,0,0
passive,hard,19,14,0,0,0,0,0,0,0
passive,hard,19,15,0,0,0,0,0,0,0
passive,hard,19,16,0,0,0,0,0,0,0
passive,hard,19,17,0,0,0,0,0,0,0
passive,hard,19,18,0,0,0,0,0,0,0
passive,hard,19,19,0,0,0,0,0,0,0
passive,hard,19,20,0,0,0,0,0,0,0
passive,hard,19,21,0,0,0,0,0,0,0
passive,hard,19,22,0,0,0,0,0,0,0
passive,hard,19,23,0,0,0,0,0,0,0
passive,hard,42,1,29,0,0,0,0,0,0
passive,hard,42,2,29,0,0,0,0,0,0
passive,hard,42,3,29,0,0,0,0,0,0
passive,hard,42,4,29,0,0,0,0,0,0
passive,hard,42,5,29,0,0,0,0,0,0
passive,hard,42,6,29,0,0,0,0,0,0
passive,hard,42,7,29,0,0,0,0,0,0
passive,hard,42,8,29,0,0,0,0,0,0
passive,hard,42,9,29,0,0,0,0,0,0
passive,hard,42,10,29,0,0,0,0,0,0
passive,hard,42,11,29,0,0,0,0,0,0
passive,hard,42,12,29,0,0,0,0,0,0
passive,hard,42,13,29,0,0,0,0,0,0
passive,hard,42,14,29,0,0,0,0,0,0
passive,hard,42,15,29,0,0,0,0,0,0
passive,hard,42,16,29,0,0,0,0,0,0
passive,hard,42,17,29,0,0,0,0,0,0
passive,hard,42,18,29,0,0,0,0,0,0
passive,hard,42,19,29,0,0,0,0,0,0
passive,hard,42,20,29,0,0,0,0,0,0
passive,hard,42,21,29,0,0,0,0,0,0
passive,hard,42,22,29,0,0,0,0,0,0
passive,hard,42,23,29,0,0,0,0,0,0
passive,hard,42,24,29,0,0,0,0,0,0
passive,hard,42,25,29,0,0,0,0,0,0
passive,hard,42,26,29,0,0,0,0,0,0
passive,hard,42,27,29,0,0,0,0,0,0
passive,hard,42,28,29,0,0,0,0,0,0
passive,hard,42,29,29,0,0,0,0,0,0
passive,hard,42,30,29,0,0,0,0,0,0
passive,hard,42,31,29,0,0,0,0,0,0
passive,hard,42,32,29,0,0,0,0,0,0
passive,hard,42,33,29,0,0,0,0,0,0
passive,hard,42,34,29,0,0,0,0,0,0
passive,hard,42,35,29,0,0,0,0,0,0
passive,hard,42,36,29,0,0,0,0,0,0
passive,hard,42,37,29,0,0,0,0,0,0
passive,hard,42,38,29,0,0,0,0,0,0
passive,hard,42,39,29,0,0,0,0,0,0
passive,hard,42,40,29,0,0,0,0,0,0
passive,hard,42,41,29,0,0,0,0,0,0
passive,hard,42,42,29,0,0,0,0,0,0
passive,hard,42,43,29,0,0,0,0,0,0
passive,hard,42,44,29,0,0,0,0,0,0
passive,hard,42,45,29,0,0,0,0,0,0
passive,hard,42,46,29,0,0,0,0,0,0
passive,hard,42,47,29,0,0,0,0,0,0
passive,hard,42,48,29,0,0,0,0,0,0
passive,hard,42,49,29,0,0,0,0,0,0
passive,hard,42,50,29,0,0,0,0,0,0
passive,hard,42,51,29,0,0,0,0,0,0
passive,hard,42,52,29,0,0,0,0,0,0
passive,hard,42,53,29,0,0,0,0,0,0
passive,hard,42,54,29,0,0,0,0,0,0
passive,hard,42,55,29,0,0,0,0,0,0
passive,hard,42,56,29,0,0,0,0,0,0
passive,hard,42,57,29,0,0,0,0,0,0
passive,hard,42,58,29,0,0,0,0,0,0
passive,hard,42,59,29,0,0,0,0,0,0
passive,hard,42,60,29,0,0,0,0,0,0
passive,hard,42,61,29,0,0,0,0,0,0
passive,hard,42,62,29,0,0,0,0,0,0
passive,hard,42,63,29,0,0,0,0,0,0
passive,hard,42,64,29,0,0,0,0,0,0
passive,hard,42,65,29,0,0,0,0,0,0
passive,hard,42,66,29,0,0,0,0,0,0
passive,hard,42,67,29,0,0,0,0,0,0
passive,hard,42,68,29,0,0,0,0,0,0
passive,hard,42,69,29,0,0,0,0,0,0
passive,hard,42,70,29,0,0,0,0,0,0
passive,hard,42,71,29,0,0,0,0,0,0
passive,hard,42,72,29,0,0,0,0,0,0
passive,hard,42,73,29,0,0,0,0,0,0
passive,hard,42,74,29,0,0,0,0,0,0
passive,hard,42,75,29,0,0,0,0,0,0
passive,hard,42,76,29,0,0,0,0,0,0
passive,hard,42,77,29,0,0,0,0,0,0
passive,hard,42,78,29,0,0,0,0,0,0
passive,hard,42,79,29,0,0,0,0,0,0
passive,hard,42,80,29,0,0,0,0,0,0
passive,hard,42,81,29,0,0,0,0,0,0
passive,hard,42,82,29,0,0,0,0,0,0
passive,hard,42,83,29,0,0,0,0,0,0
passive,hard,42,84,29,0,0,0,0,0,0
passive,hard,42,85,29,0,0,0,0,0,0
passive,hard,42,86,29,0,0,0,0,0,0
passive,hard,42,87,29,0,0,0,0,0,0
passive,hard,42,88,29,0,0,0,0,0,0
passive,hard,42,89,29,0,0,0,0,0,0
passive,hard,42,90,29,0,0,0,0,0,0
passive,hard,42,91,29,0,0,0,0,0,0
passive,hard,42,92,29,0,0,0,0,0,0
passive,hard,42,93,29,0,0,0,0,0,0
passive,hard,42,94,29,0,0,0,0,0,0
passive,hard,42,95,29,0,0,0,0,0,0
passive,hard,42,96,29,0,0,0,0,0,0
passive,hard,42,97,29,0,0,0,0,0,0
passive,hard,42,98,29,0,0,0,0,0,0
passive,hard,42,99,29,0,0,0,0,0,0
passive,hard,42,100,29,0,0,0,0,0,0
conquest,hard,7,1,121,2,2,0,0,0,11
conquest,hard,7,2,119,2,2,0,0,0,19
conquest,hard,7,3,119,2,2,0,0,0,19
conquest,hard,7,4,80,2,2,0,0,0,19
conquest,hard,7,5,59,1,1,0,0,0,19
conquest,hard,7,6,17,1,1,0,0,0,19
conquest,hard,7,7,11,1,1,0,0,0,19
conquest,hard,7,8,2,1,1,0,0,0,19
conquest,hard,7,9,0,0,0,0,0,0,19
conquest,hard,7,10,40,0,0,0,0,0,19
conquest,hard,7,11,24,0,0,0,0,0,19
conquest,hard,7,12,0,0,0,0,0,0,19
conquest,hard,7,13,0,0,0,0,0,0,19
conquest,hard,7,14,0,0,0,0,0,0,19
conquest,hard,7,15,0,0,0,0,0,0,19
conquest,hard,7,16,0,0,0,0,0,0,19
conquest,hard,7,17,0,0,0,0,0,0,19
conquest,hard,7,18,0,0,0,0,0,0,19
conquest,hard,7,19,0,0,0,0,0,0,19
conquest,hard,7,20,0,0,0,0,0,0,19
conquest,hard,7,21,0,0,0,0,0,0,19
conquest,hard,7,22,0,0,0,0,0,0,19
conquest,hard,7,23,0,0,0,0,0,0,19
conquest,hard,7,24,0,0,0,0,0,0,19
conquest,hard,19,1,116,1,1,0,0,0,0
conquest,hard,19,2,113,1,1,0,0,0,13
conquest,hard,19,3,101,1,1,0,0,0,13
conquest,hard,19,4,88,1,1,0,0,0,13
conquest,hard,19,5,80,1,1,0,0,0,13
conquest,hard,19,6,43,1,1,0,0,0,13
conquest,hard,19,7,15,1,1,0,0,0,13
conquest,hard,19,8,1,0,0,0,0,0,13
conquest,hard,19,9,0,0,0,0,0,0,13
conquest,hard,19,10,80,1,1,0,0,0,13
conquest,hard,19,11,26,1,1,0,0,0,18
conquest,hard,19,12,26,1,1,0,0,0,18
conquest,hard,19,13,5,1,1,0,0,0,18
conquest,hard,19,14,0,0,0,0,0,0,18
conquest,hard,19,15,0,0,0,0,0,0,18
conquest,hard,19,16,0,0,0,0,0,0,18
conquest,hard,19,17,0,0,0,0,0,0,18
conquest,hard,19,18,0,0,0,0,0,0,18
conquest,hard,19,19,0,0,0,0,0,0,18
conquest,hard,19,20,0,0,0,0,0,0,18
conquest,hard,19,21,0,0,0,0,0,0,18
conquest,hard,19,22,37,0,0,0,0,0,18
conquest,hard,42,1,149,2,2,0,0,0,0
conquest,hard,42,2,135,2,2,0,0,0,33
conquest,hard,42,3,101,2,2,0,0,0,33
conquest,hard,42,4,43,2,2,0,0,0,33
conquest,hard,42,5,1,1,1,0,0,0,33
conquest,hard,42,6,0,0,0,0,0,0,33
conquest,hard,42,7,0,0,0,0,0,0,33
conquest,hard,42,8,0,0,0,0,0,0,33
conquest,hard,42,9,0,0,0,0,0,0,33
conquest,hard,42,10,0,0,0,0,0,0,33
conquest,hard,42,11,0,0,0,0,0,0,33
conquest,hard,42,12,0,0,0,0,0,0,33
conquest,hard,42,13,0,0,0,0,0,0,33
conquest,hard,42,14,40,0,0,0,0,0,33
conquest,hard,42,15,32,0,0,0,0,0,33
conquest,hard,42,16,23,0,0,0,0,0,33
conquest,hard,42,17,10,0,0,0,0,0,33
conquest,hard,42,18,7,0,0,0,0,0,33
conquest,hard,42,19,3,0,0,0,0,0,33
conquest,hard,42,20,83,1,1,0,0,0,33
conquest,hard,42,21,119,1,1,0,0,0,44
conquest,hard,42,22,106,1,1,0,0,0,44
conquest,hard,42,23,97,1,1,0,0,0,44
conquest,hard,42,24,109,2,2,0,0,0,47
conquest,hard,42,25,145,2,2,0,0,0,47
conquest,hard,42,26,132,2,2,0,0,0,47
conquest,hard,42,27,119,2,2,0,0,0,47
faith,hard,7,1,2,0,0,0,0,0,0
faith,hard,7,2,2,0,0,0,0,0,0
faith,hard,7,3,2,0,0,0,0,0,0
faith,hard,7,4,0,0,0,0,0,0,0
faith,hard,7,5,0,0,0,0,0,0,0
faith,hard,7,6,0,0,0,0,0,0,0
faith,hard,7,7,0,0,0,0,0,0,0
faith,hard,7,8,0,0,0,0,0,0,0
faith,hard,7,9,0,0,0,0,0,0,0
faith,hard,7,10,0,0,0,0,0,0,0
faith,hard,7,11,0,0,0,0,0,0,0
faith,hard,7,12,0,0,0,0,0,0,0
faith,hard,7,13,0,0,0,0,0,0,0
faith,hard,7,14,0,0,0,0,0,0,0
faith,hard,7,15,0,0,0,0,0,0,0
faith,hard,7,16,0,0,0,0,0,0,0
faith,hard,7,17,0,0,0,0,0,0,0
faith,hard,7,18,0,0,0,0,0,0,0
faith,hard,19,1,34,0,0,0,0,0,0
faith,hard,19,2,27,0,0,0,0,0,0
faith,hard,19,3,23,0,0,0,0,0,0
faith,hard,19,4,18,0,0,0,0,0,0
faith,hard,19,5,14,0,0,0,0,0,0
faith,hard,19,6,1,0,0,0,0,0,0
faith,hard,19,7,0,0,0,0,0,0,0
faith,hard,19,8,0,0,0,0,0,0,0
faith,hard,19,9,0,0,0,0,0,0,0
faith,hard,19,10,0,0,0,0,0,0,0
faith,hard,19,11,0,0,0,0,0,0,0
faith,hard,19,12,0,0,0,0,0,0,0
faith,hard,19,13,0,0,0,0,0,0,0
faith,hard,19,14,0,0,0,0,0,0,0
faith,hard,19,15,0,0,0,0,0,0,0
faith,hard,19,16,0,0,0,0,0,0,0
faith,hard,19,17,0,0,0,0,0,0,0
faith,hard,19,18,0,0,0,0,0,0,0
faith,hard,19,19,0,0,0,0,0,0,0
faith,hard,42,1,29,0,0,0,0,0,0
faith,hard,42,2,29,0,0,0,0,0,0
faith,hard,42,3,23,0,0,0,0,0,0
faith,hard,42,4,18,0,0,0,0,0,0
faith,hard,42,5,1,0,0,0,0,0,0
faith,hard,42,6,1,0,0,0,0,0,0
faith,hard,42,7,1,0,0,0,0,0,0
faith,hard,42,8,1,0,0,0,0,0,0
faith,hard,42,9,1,0,0,0,0,0,0
faith,hard,42,10,1,0,0,0,0,0,0
faith,hard,42,11,1,0,0,0,0,0,0
faith,hard,42,12,1,0,0,0,0,0,0
faith,hard,42,13,0,0,0,0,0,0,0
faith,hard,42,14,0,0,0,0,0,0,0
faith,hard,42,15,0,0,0,0,0,0,0
faith,hard,42,16,0,0,0,0,0,0,0
faith,hard,42,17,0,0,0,0,0,0,0
faith,hard,42,18,0,0,0,0,0,0,0
faith,hard,42,19,0,0,0,0,0,0,0
faith,hard,42,20,0,0,0,0,0,0,0
faith,hard,42,21,0,0,0,0,0,0,0
faith,hard,42,22,0,0,0,0,0,0,0
faith,hard,42,23,0,0,0,0,0,0,0
faith,hard,42,24,0,0,0,0,0,0,0
faith,hard,42,25,0,0,0,0,0,0,0
faith,hard,42,26,0,0,0,0,0,0,0
merchant,hard,7,1,2,0,0,0,0,0,0
merchant,hard,7,2,2,0,0,0,0,0,0
merchant,hard,7,3,2,0,0,0,0,0,0
merchant,hard,7,4,0,0,0,0,0,0,0
merchant,hard,7,5,0,0,0,0,0,0,0
merchant,hard,7,6,0,0,0,0,0,0,0
merchant,hard,7,7,0,0,0,0,0,0,0
merchant,hard,7,8,0,0,0,0,0,0,0
merchant,hard,7,9,0,0,0,0,0,0,0
merchant,hard,7,10,0,0,0,0,0,0,0
merchant,hard,7,11,0,0,0,0,0,0,0
merchant,hard,7,12,0,0,0,0,0,0,0
merchant,hard,7,13,0,0,0,0,0,0,0
merchant,hard,7,14,0,0,0,0,0,0,0
merchant,hard,7,15,0,0,0,0,0,0,0
merchant,hard,7,16,0,0,0,0,0,0,0
merchant,hard,7,17,0,0,0,0,0,0,0
merchant,hard,7,18,0,0,0,0,0,0,0
merchant,hard,7,19,0,0,0,0,0,0,0
merchant,hard,7,20,0,0,0,0,0,0,0
merchant,hard,7,21,0,0,0,0,0,0,0
merchant,hard,7,22,0,0,0,0,0,0,0
merchant,hard,7,23,0,0,0,0,0,0,0
merchant,hard,7,24,0,0,0,0,0,0,0
merchant,hard,7,25,0,0,0,0,0,0,0
merchant,hard,7,26,0,0,0,0,0,0,0
merchant,hard,7,27,0,0,0,0,0,0,0
merchant,hard,7,28,0,0,0,0,0,0,0
merchant,hard,7,29,0,0,0,0,0,0,0
merchant,hard,7,30,0,0,0,0,0,0,0
merchant,hard,7,31,0,0,0,0,0,0,0
merchant,hard,7,32,0,0,0,0,0,0,0
merchant,hard,7,33,0,0,0,0,0,0,0
merchant,hard,7,34,0,0,0,0,0,0,0
merchant,hard,7,35,0,0,0,0,0,0,0
merchant,hard,7,36,0,0,0,0,0,0,0
merchant,hard,7,37,0,0,0,0,0,0,0
merchant,hard,7,38,0,0,0,0,0,0,0
merchant,hard,7,39,0,0,0,0,0,0,0
merchant,hard,7,40,0,0,0,0,0,0,0
merchant,hard,7,41,0,0,0,0,0,0,0
merchant,hard,7,42,0,0,0,0,0,0,0
merchant,hard,7,43,0,0,0,0,0,0,0
merchant,hard,7,44,0,0,0,0,0,0,0
merchant,hard,7,45,0,0,0,0,0,0,0
merchant,hard,7,46,0,0,0,0,0,0,0
merchant,hard,7,47,0,0,0,0,0,0,0
merchant,hard,7,48,0,0,0,0,0,0,0
merchant,hard,7,49,0,0,0,0,0,0,0
merchant,hard,7,50,0,0,0,0,0,0,0
merchant,hard,7,51,0,0,0,0,0,0,0
merchant,hard,7,52,0,0,0,0,0,0,0
merchant,hard,7,53,0,0,0,0,0,0,0
merchant,hard,7,54,0,0,0,0,0,0,0
merchant,hard,7,55,0,0,0,0,0,0,0
merchant,hard,7,56,0,0,0,0,0,0,0
merchant,hard,7,57,0,0,0,0,0,0,0
merchant,hard,7,58,0,0,0,0,0,0,0
merchant,hard,7,59,0,0,0,0,0,0,0
merchant,hard,7,60,0,0,0,0,0,0,0
merchant,hard,7,61,0,0,0,0,0,0,0
merchant,hard,7,62,0,0,0,0,0,0,0
merchant,hard,7,63,0,0,0,0,0,0,0
merchant,hard,7,64,0,0,0,0,0,0,0
merchant,hard,7,65,0,0,0,0,0,0,0
merchant,hard,7,66,0,0,0,0,0,0,0
merchant,hard,7,67,0,0,0,0,0,0,0
merchant,hard,7,68,0,0,0,0,0,0,0
merchant,hard,7,69,0,0,0,0,0,0,0
merchant,hard,7,70,0,0,0,0,0,0,0
merchant,hard,7,71,0,0,0,0,0,0,0
merchant,hard,7,72,0,0,0,0,0,0,0
merchant,hard,7,73,0,0,0,0,0,0,0
merchant,hard,7,74,0,0,0,0,0,0,0
merchant,hard,7,75,0,0,0,0,0,0,0
merchant,hard,7,76,0,0,0,0,0,0,0
merchant,hard,7,77,0,0,0,0,0,0,0
merchant,hard,7,78,0,0,0,0,0,0,0
merchant,hard,7,79,0,0,0,0,0,0,0
merchant,hard,7,80,0,0,0,0,0,0,0
merchant,hard,7,81,0,0,0,0,0,0,0
merchant,hard,7,82,0,0,0,0,0,0,0
merchant,hard,7,83,0,0,0,0,0,0,0
merchant,hard,7,84,0,0,0,0,0,0,0
merchant,hard,7,85,0,0,0,0,0,0,0
merchant,hard,7,86,0,0,0,0,0,0,0
merchant,hard,7,87,0,0,0,0,0,0,0
merchant,hard,7,88,0,0,0,0,0,0,0
merchant,hard,7,89,0,0,0,0,0,0,0
merchant,hard,7,90,0,0,0,0,0,0,0
merchant,hard,7,91,0,0,0,0,0,0,0
merchant,hard,7,92,0,0,0,0,0,0,0
merchant,hard,7,93,0,0,0,0,0,0,0
merchant,hard,7,94,0,0,0,0,0,0,0
merchant,hard,7,95,0,0,0,0,0,0,0
merchant,hard,7,96,0,0,0,0,0,0,0
merchant,hard,7,97,0,0,0,0,0,0,0
merchant,hard,7,98,0,0,0,0,0,0,0
merchant,hard,7,99,0,0,0,0,0,0,0
merchant,hard,7,100,0,0,0,0,0,0,0
merchant,hard,19,1,36,0,0,0,0,0,0
merchant,hard,19,2,36,0,0,0,0,0,0
merchant,hard,19,3,36,0,0,0,0,0,0
merchant,hard,19,4,36,0,0,0,0,0,0
merchant,hard,19,5,36,0,0,0,0,0,0
merchant,hard,19,6,36,0,0,0,0,0,0
merchant,hard,19,7,36,0,0,0,0,0,0
merchant,hard,19,8,36,0,0,0,0,0,0
merchant,hard,19,9,36,0,0,0,0,0,0
merchant,hard,19,10,36,0,0,0,0,0,0
merchant,hard,19,11,36,0,0,0,0,0,0
merchant,hard,19,12,36,0,0,0,0,0,0
merchant,hard,19,13,36,0,0,0,0,0,0
merchant,hard,19,14,36,0,0,0,0,0,0
merchant,hard,19,15,36,0,0,0,0,0,0
merchant,hard,19,16,36,0,0,0,0,0,0
merchant,hard,19,17,36,0,0,0,0,0,0
merchant,hard,19,18,36,0,0,0,0,0,0
merchant,hard,19,19,36,0,0,0,0,0,0
merchant,hard,19,20,36,0,0,0,0,0,0
merchant,hard,19,21,36,0,0,0,0,0,0
merchant,hard,19,22,36,0,0,0,0,0,0
merchant,hard,19,23,36,0,0,0,0,0,0
merchant,hard,19,24,36,0,0,0,0,0,0
merchant,hard,19,25,36,0,0,0,0,0,0
merchant,hard,19,26,36,0,0,0,0,0,0
merchant,hard,19,27,36,0,0,0,0,0,0
merchant,hard,19,28,36,0,0,0,0,0,0
merchant,hard,19,29,36,0,0,0,0,0,0
merchant,hard,19,30,36,0,0,0,0,0,0
merchant,hard,19,31,29,0,0,0,0,0,0
merchant,hard,19,32,29,0,0,0,0,0,0
merchant,hard,19,33,29,0,0,0,0,0,0
merchant,hard,19,34,29,0,0,0,0,0,0
merchant,hard,19,35,29,0,0,0,0,0,0
merchant,hard,19,36,22,0,0,0,0,0,0
merchant,hard,19,37,3,0,0,0,0,0,0
merchant,hard,19,38,0,0,0,0,0,0,0
merchant,hard,19,39,0,0,0,0,0,0,0
merchant,hard,19,40,0,0,0,0,0,0,0
merchant,hard,19,41,0,0,0,0,0,0,0
merchant,hard,19,42,0,0,0,0,0,0,0
merchant,hard,19,43,0,0,0,0,0,0,0
merchant,hard,19,44,0,0,0,0,0,0,0
merchant,hard,19,45,0,0,0,0,0,0,0
merchant,hard,19,46,0,0,0,0,0,0,0
merchant,hard,19,47,0,0,0,0,0,0,0
merchant,hard,19,48,0,0,0,0,0,0,0
merchant,hard,19,49,0,0,0,0,0,0,0
merchant,hard,19,50,0,0,0,0,0,0,0
merchant,hard,19,51,0,0,0,0,0,0,0
merchant,hard,19,52,0,0,0,0,0,0,0
merchant,hard,19,53,0,0,0,0,0,0,0
merchant,hard,19,54,0,0,0,0,0,0,0
merchant,hard,19,55,0,0,0,0,0,0,0
merchant,hard,19,56,0,0,0,0,0,0,0
merchant,hard,19,57,0,0,0,0,0,0,0
merchant,hard,19,58,0,0,0,0,0,0,0
merchant,hard,19,59,0,0,0,0,0,0,0
merchant,hard,19,60,0,0,0,0,0,0,0
merchant,hard,19,61,0,0,0,0,0,0,0
merchant,hard,19,62,0,0,0,0,0,0,0
merchant,hard,19,63,0,0,0,0,0,0,0
merchant,hard,19,64,0,0,0,0,0,0,0
merchant,hard,19,65,0,0,0,0,0,0,0
merchant,hard,19,66,0,0,0,0,0,0,0
merchant,hard,19,67,0,0,0,0,0,0,0
merchant,hard,19,68,0,0,0,0,0,0,0
merchant,hard,19,69,0,0,0,0,0,0,0
merchant,hard,19,70,0,0,0,0,0,0,0
merchant,hard,19,71,0,0,0,0,0,0,0
merchant,hard,19,72,0,0,0,0,0,0,0
merchant,hard,19,73,0,0,0,0,0,0,0
merchant,hard,19,74,0,0,0,0,0,0,0
merchant,hard,19,75,0,0,0,0,0,0,0
merchant,hard,19,76,0,0,0,0,0,0,0
merchant,hard,19,77,0,0,0,0,0,0,0
merchant,hard,19,78,0,0,0,0,0,0,0
merchant,hard,19,79,0,0,0,0,0,0,0
merchant,hard,19,80,0,0,0,0,0,0,0
merchant,hard,19,81,0,0,0,0,0,0,0
merchant,hard,19,82,0,0,0,0,0,0,0
merchant,hard,19,83,0,0,0,0,0,0,0
merchant,hard,19,84,0,0,0,0,0,0,0
merchant,hard,19,85,0,0,0,0,0,0,0
merchant,hard,19,86,0,0,0,0,0,0,0
merchant,hard,19,87,0,0,0,0,0,0,0
merchant,hard,19,88,0,0,0,0,0,0,0
merchant,hard,19,89,0,0,0,0,0,0,0
merchant,hard,19,90,0,0,0,0,0,0,0
merchant,hard,19,91,0,0,0,0,0,0,0
merchant,hard,19,92,0,0,0,0,0,0,0
merchant,hard,19,93,0,0,0,0,0,0,0
merchant,hard,19,94,0,0,0,0,0,0,0
merchant,hard,19,95,0,0,0,0,0,0,0
merchant,hard,19,96,0,0,0,0,0,0,0
merchant,hard,19,97,0,0,0,0,0,0,0
merchant,hard,19,98,0,0,0,0,0,0,0
merchant,hard,19,99,0,0,0,0,0,0,0
merchant,hard,19,100,0,0,0,0,0,0,0
merchant,hard,42,1,29,0,0,0,0,0,0
merchant,hard,42,2,29,0,0,0,0,0,0
merchant,hard,42,3,29,0,0,0,0,0,0
merchant,hard,42,4,29,0,0,0,0,0,0
merchant,hard,42,5,29,0,0,0,0,0,0
merchant,hard,42,6,29,0,0,0,0,0,0
merchant,hard,42,7,29,0,0,0,0,0,0
merchant,hard,42,8,29,0,0,0,0,0,0
merchant,hard,42,9,29,0,0,0,0,0,0
merchant,hard,42,10,29,0,0,0,0,0,0
merchant,hard,42,11,29,0,0,0,0,0,0
merchant,hard,42,12,29,0,0,0,0,0,0
merchant,hard,42,13,29,0,0,0,0,0,0
merchant,hard,42,14,29,0,0,0,0,0,0
merchant,hard,42,15,29,0,0,0,0,0,0
merchant,hard,42,16,29,0,0,0,0,0,0
merchant,hard,42,17,29,0,0,0,0,0,0
merchant,hard,42,18,29,0,0,0,0,0,0
merchant,hard,42,19,29,0,0,0,0,0,0
merchant,hard,42,20,29,0,0,0,0,0,0
merchant,hard,42,21,29,0,0,0,0,0,0
merchant,hard,42,22,29,0,0,0,0,0,0
merchant,hard,42,23,29,0,0,0,0,0,0
merchant,hard,42,24,29,0,0,0,0,0,0
merchant,hard,42,25,29,0,0,0,0,0,0
merchant,hard,42,26,29,0,0,0,0,0,0
merchant,hard,42,27,29,0,0,0,0,0,0
merchant,hard,42,28,29,0,0,0,0,0,0
merchant,hard,42,29,29,0,0,0,0,0,0
merchant,hard,42,30,29,0,0,0,0,0,0
merchant,hard,42,31,29,0,0,0,0,0,0
merchant,hard,42,32,29,0,0,0,0,0,0
merchant,hard,42,33,29,0,0,0,0,0,0
merchant,hard,42,34,29,0,0,0,0,0,0
merchant,hard,42,35,29,0,0,0,0,0,0
merchant,hard,42,36,29,0,0,0,0,0,0
merchant,hard,42,37,29,0,0,0,0,0,0
merchant,hard,42,38,29,0,0,0,0,0,0
merchant,hard,42,39,29,0,0,0,0,0,0
merchant,hard,42,40,29,0,0,0,0,0,0
merchant,hard,42,41,29,0,0,0,0,0,0
merchant,hard,42,42,29,0,0,0,0,0,0
merchant,hard,42,43,29,0,0,0,0,0,0
merchant,hard,42,44,29,0,0,0,0,0,0
merchant,hard,42,45,29,0,0,0,0,0,0
merchant,hard,42,46,29,0,0,0,0,0,0
merchant,hard,42,47,29,0,0,0,0,0,0
merchant,hard,42,48,29,0,0,0,0,0,0
merchant,hard,42,49,29,0,0,0,0,0,0
merchant,hard,42,50,29,0,0,0,0,0,0
merchant,hard,42,51,29,0,0,0,0,0,0
merchant,hard,42,52,29,0,0,0,0,0,0
merchant,hard,42,53,29,0,0,0,0,0,0
merchant,hard,42,54,29,0,0,0,0,0,0
merchant,hard,42,55,29,0,0,0,0,0,0
merchant,hard,42,56,29,0,0,0,0,0,0
merchant,hard,42,57,29,0,0,0,0,0,0
merchant,hard,42,58,29,0,0,0,0,0,0
merchant,hard,42,59,29,0,0,0,0,0,0
merchant,hard,42,60,29,0,0,0,0,0,0
merchant,hard,42,61,29,0,0,0,0,0,0
merchant,hard,42,62,29,0,0,0,0,0,0
merchant,hard,42,63,29,0,0,0,0,0,0
merchant,hard,42,64,29,0,0,0,0,0,0
merchant,hard,42,65,29,0,0,0,0,0,0
merchant,hard,42,66,29,0,0,0,0,0,0
merchant,hard,42,67,29,0,0,0,0,0,0
merchant,hard,42,68,29,0,0,0,0,0,0
merchant,hard,42,69,29,0,0,0,0,0,0
merchant,hard,42,70,29,0,0,0,0,0,0
merchant,hard,42,71,29,0,0,0,0,0,0
merchant,hard,42,72,29,0,0,0,0,0,0
merchant,hard,42,73,29,0,0,0,0,0,0
merchant,hard,42,74,29,0,0,0,0,0,0
merchant,hard,42,75,29,0,0,0,0,0,0
merchant,hard,42,76,29,0,0,0,0,0,0
merchant,hard,42,77,29,0,0,0,0,0,0
merchant,hard,42,78,29,0,0,0,0,0,0
merchant,hard,42,79,29,0,0,0,0,0,0
merchant,hard,42,80,29,0,0,0,0,0,0
merchant,hard,42,81,29,0,0,0,0,0,0
merchant,hard,42,82,29,0,0,0,0,0,0
merchant,hard,42,83,29,0,0,0,0,0,0
merchant,hard,42,84,29,0,0,0,0,0,0
merchant,hard,42,85,29,0,0,0,0,0,0
merchant,hard,42,86,29,0,0,0,0,0,0
merchant,hard,42,87,29,0,0,0,0,0,0
merchant,hard,42,88,29,0,0,0,0,0,0
merchant,hard,42,89,29,0,0,0,0,0,0
merchant,hard,42,90,29,0,0,0,0,0,0
merchant,hard,42,91,29,0,0,0,0,0,0
merchant,hard,42,92,29,0,0,0,0,0,0
merchant,hard,42,93,29,0,0,0,0,0,0
merchant,hard,42,94,29,0,0,0,0,0,0
merchant,hard,42,95,29,0,0,0,0,0,0
merchant,hard,42,96,29,0,0,0,0,0,0
merchant,hard,42,97,29,0,0,0,0,0,0
merchant,hard,42,98,29,0,0,0,0,0,0
merchant,hard,42,99,29,0,0,0,0,0,0
merchant,hard,42,100,29,0,0,0,0,0,0
nomad,hard,7,1,109,1,1,0,0,0,19
nomad,hard,7,2,161,2,2,0,0,0,23
nomad,hard,7,3,151,2,2,0,0,0,23
nomad,hard,7,4,141,2,2,0,0,0,23
nomad,hard,7,5,135,2,2,0,0,0,23
nomad,hard,7,6,88,2,2,0,0,0,23
nomad,hard,7,7,76,2,2,0,0,0,23
nomad,hard,7,8,60,2,2,0,0,0,23
nomad,hard,7,9,4,1,1,0,0,0,23
nomad,hard,7,10,30,0,0,0,0,0,23
nomad,hard,7,11,46,1,1,0,0,0,23
nomad,hard,7,12,3,1,1,0,0,0,23
nomad,hard,7,13,0,0,0,0,0,0,23
nomad,hard,7,14,0,0,0,0,0,0,23
nomad,hard,7,15,0,0,0,0,0,0,23
nomad,hard,7,16,0,0,0,0,0,0,23
nomad,hard,7,17,0,0,0,0,0,0,23
nomad,hard,7,18,0,0,0,0,0,0,23
nomad,hard,7,19,0,0,0,0,0,0,23
nomad,hard,7,20,0,0,0,0,0,0,23
nomad,hard,7,21,0,0,0,0,0,0,23
nomad,hard,7,22,58,1,1,0,0,0,23
nomad,hard,7,23,20,1,1,0,0,0,23
nomad,hard,7,24,18,1,1,0,0,0,23
nomad,hard,7,25,15,1,1,0,0,0,23
nomad,hard,7,26,15,1,1,0,0,0,23
nomad,hard,7,27,15,1,1,0,0,0,23
nomad,hard,19,1,126,2,2,0,0,0,0
nomad,hard,19,2,239,2,2,0,0,0,26
nomad,hard,19,3,211,2,2,0,0,0,26
nomad,hard,19,4,181,2,2,0,0,0,26
nomad,hard,19,5,158,2,2,0,0,0,26
nomad,hard,19,6,103,2,2,0,0,0,26
nomad,hard,19,7,81,1,1,0,0,0,26
nomad,hard,19,8,52,1,1,0,0,0,26
nomad,hard,19,9,48,1,1,0,0,0,26
nomad,hard,19,10,107,2,2,0,0,0,26
nomad,hard,19,11,133,2,2,0,0,0,29
nomad,hard,19,12,127,2,2,0,0,0,29
nomad,hard,19,13,172,2,2,0,0,0,29
nomad,hard,19,14,125,2,2,0,0,0,29
nomad,hard,19,15,87,2,2,0,0,0,39
nomad,hard,19,16,60,2,2,0,0,0,39
nomad,hard,19,17,37,1,1,0,0,0,39
nomad,hard,19,18,31,1,1,0,0,0,39
nomad,hard,19,19,31,1,1,0,0,0,39
nomad,hard,19,20,30,1,1,0,0,0,39
nomad,hard,19,21,30,1,1,0,0,0,39
nomad,hard,19,22,45,1,1,0,0,0,39
nomad,hard,42,1,119,1,1,0,0,0,0
nomad,hard,42,2,108,2,2,0,0,0,17
nomad,hard,42,3,135,2,2,0,0,0,54
nomad,hard,42,4,50,2,2,0,0,0,54
nomad,hard,42,5,2,1,1,0,0,0,54
nomad,hard,42,6,0,0,0,0,0,0,54
nomad,hard,42,7,0,0,0,0,0,0,54
nomad,hard,42,8,28,0,0,0,0,0,54
nomad,hard,42,9,21,0,0,0,0,0,54
nomad,hard,42,10,15,0,0,0,0,0,54
nomad,hard,42,11,11,0,0,0,0,0,54
nomad,hard,42,12,7,0,0,0,0,0,54
nomad,hard,42,13,5,0,0,0,0,0,54
nomad,hard,42,14,34,0,0,0,0,0,54
nomad,hard,42,15,61,1,1,0,0,0,54
nomad,hard,42,16,57,1,1,0,0,0,54
nomad,hard,42,17,22,1,1,0,0,0,54
nomad,hard,42,18,0,0,0,0,0,0,54
nomad,hard,42,19,0,0,0,0,0,0,54
nomad,hard,42,20,49,1,1,0,0,0,54
nomad,hard,42,21,47,1,1,0,0,0,65
nomad,hard,42,22,47,1,1,0,0,0,65
nomad,hard,42,23,47,1,1,0,0,0,65
nomad,hard,42,24,107,2,2,0,0,0,65
nomad,hard,42,25,103,2,2,0,0,0,67
nomad,hard,42,26,101,2,2,0,0,0,67
nomad,hard,42,27,97,2,2,0,0,0,67
nomad,hard,42,28,95,2,2,0,0,0,67
nomad,hard,42,29,95,2,2,0,0,0,67
nomad,hard,42,30,185,2,2,0,0,0,67
nomad,hard,42,31,170,2,2,0,0,0,67
nomad,hard,42,32,150,2,2,0,0,0,67
builder,hard,7,1,2,0,0,0,0,0,0
builder,hard,7,2,2,0,0,0,0,0,0
builder,hard,7,3,2,0,0,0,0,0,0
builder,hard,7,4,0,0,0,0,0,0,0
builder,hard,7,5,0,0,0,0,0,0,0
builder,hard,7,6,0,0,0,0,0,0,0
builder,hard,7,7,0,0,0,0,0,0,0
builder,hard,7,8,0,0,0,0,0,0,0
builder,hard,7,9,0,0,0,0,0,0,0
builder,hard,7,10,0,0,0,0,0,0,0
builder,hard,7,11,0,0,0,0,0,0,0
builder,hard,7,12,0,0,0,0,0,0,0
builder,hard,7,13,0,0,0,0,0,0,0
builder,hard,7,14,0,0,0,0,0,0,0
builder,hard,7,15,0,0,0,0,0,0,0
builder,hard,7,16,0,0,0,0,0,0,0
builder,hard,7,17,0,0,0,0,0,0,0
builder,hard,7,18,0,0,0,0,0,0,0
builder,hard,7,19,0,0,0,0,0,0,0
builder,hard,7,20,0,0,0,0,0,0,0
builder,hard,7,21,0,0,0,0,0,0,0
builder,hard,7,22,0,0,0,0,0,0,0
builder,hard,7,23,0,0,0,0,0,0,0
builder,hard,7,24,0,0,0,0,0,0,0
builder,hard,7,25,0,0,0,0,0,0,0
builder,hard,7,26,0,0,0,0,0,0,0
builder,hard,7,27,0,0,0,0,0,0,0
builder,hard,7,28,0,0,0,0,0,0,0
builder,hard,7,29,0,0,0,0,0,0,0
builder,hard,7,30,0,0,0,0,0,0,0
builder,hard,7,31,0,0,0,0,0,0,0
builder,hard,7,32,0,0,0,0,0,0,0
builder,hard,7,33,0,0,0,0,0,0,0
builder,hard,7,34,0,0,0,0,0,0,0
builder,hard,7,35,0,0,0,0,0,0,0
builder,hard,7,36,0,0,0,0,0,0,0
builder,hard,7,37,0,0,0,0,0,0,0
builder,hard,7,38,0,0,0,0,0,0,0
builder,hard,7,39,0,0,0,0,0,0,0
builder,hard,7,40,0,0,0,0,0,0,0
builder,hard,7,41,0,0,0,0,0,0,0
builder,hard,7,42,0,0,0,0,0,0,0
builder,hard,7,43,0,0,0,0,0,0,0
builder,hard,7,44,0,0,0,0,0,0,0
builder,hard,7,45,0,0,0,0,0,0,0
builder,hard,7,46,0,0,0,0,0,0,0
builder,hard,7,47,0,0,0,0,0,0,0
builder,hard,7,48,0,0,0,0,0,0,0
builder,hard,7,49,0,0,0,0,0,0,0
builder,hard,7,50,0,0,0,0,0,0,0
builder,hard,7,51,0,0,0,0,0,0,0
builder,hard,7,52,0,0,0,0,0,0,0
builder,hard,7,53,0,0,0,0,0,0,0
builder,hard,7,54,0,0,0,0,0,0,0
builder,hard,7,55,0,0,0,0,0,0,0
builder,hard,7,56,0,0,0,0,0,0,0
builder,hard,7,57,0,0,0,0,0,0,0
builder,hard,7,58,0,0,0,0,0,0,0
builder,hard,7,59,0,0,0,0,0,0,0
builder,hard,7,60,0,0,0,0,0,0,0
builder,hard,7,61,0,0,0,0,0,0,0
builder,hard,7,62,0,0,0,0,0,0,0
builder,hard,7,63,0,0,0,0,0,0,0
builder,hard,7,64,0,0,0,0,0,0,0
builder,hard,7,65,0,0,0,0,0,0,0
builder,hard,7,66,0,0,0,0,0,0,0
builder,hard,7,67,0,0,0,0,0,0,0
builder,hard,7,68,0,0,0,0,0,0,0
builder,hard,7,69,0,0,0,0,0,0,0
builder,hard,7,70,0,0,0,0,0,0,0
builder,hard,7,71,0,0,0,0,0,0,0
builder,hard,7,72,0,0,0,0,0,0,0
builder,hard,7,73,0,0,0,0,0,0,0
builder,hard,7,74,0,0,0,0,0,0,0
builder,hard,7,75,0,0,0,0,0,0,0
builder,hard,7,76,0,0,0,0,0,0,0
builder,hard,7,77,0,0,0,0,0,0,0
builder,hard,7,78,0,0,0,0,0,0,0
builder,hard,7,79,0,0,0,0,0,0,0
builder,hard,7,80,0,0,0,0,0,0,0
builder,hard,7,81,0,0,0,0,0,0,0
builder,hard,7,82,0,0,0,0,0,0,0
builder,hard,7,83,0,0,0,0,0,0,0
builder,hard,7,84,0,0,0,0,0,0,0
builder,hard,7,85,0,0,0,0,0,0,0
builder,hard,7,86,0,0,0,0,0,0,0
builder,hard,7,87,0,0,0,0,0,0,0
builder,hard,7,88,0,0,0,0,0,0,0
builder,hard,7,89,0,0,0,0,0,0,0
builder,hard,7,90,0,0,0,0,0,0,0
builder,hard,7,91,0,0,0,0,0,0,0
builder,hard,7,92,0,0,0,0,0,0,0
builder,hard,7,93,0,0,0,0,0,0,0
builder,hard,7,94,0,0,0,0,0,0,0
builder,hard,7,95,0,0,0,0,0,0,0
builder,hard,7,96,0,0,0,0,0,0,0
builder,hard,7,97,0,0,0,0,0,0,0
builder,hard,7,98,0,0,0,0,0,0,0
builder,hard,7,99,0,0,0,0,0,0,0
builder,hard,7,100,0,0,0,0,0,0,0
builder,hard,19,1,36,0,0,0,0,0,0
builder,hard,19,2,36,0,0,0,0,0,0
builder,hard,19,3,36,0,0,0,0,0,0
builder,hard,19,4,36,0,0,0,0,0,0
builder,hard,19,5,36,0,0,0,0,0,0
builder,hard,19,6,36,0,0,0,0,0,0
builder,hard,19,7,36,0,0,0,0,0,0
builder,hard,19,8,36,0,0,0,0,0,0
builder,hard,19,9,36,0,0,0,0,0,0
builder,hard,19,10,36,0,0,0,0,0,0
builder,hard,19,11,36,0,0,0,0,0,0
builder,hard,19,12,36,0,0,0,0,0,0
builder,hard,19,13,36,0,0,0,0,0,0
builder,hard,19,14,36,0,0,0,0,0,0
builder,hard,19,15,36,0,0,0,0,0,0
builder,hard,19,16,36,0,0,0,0,0,0
builder,hard,19,17,36,0,0,0,0,0,0
builder,hard,19,18,36,0,0,0,0,0,0
builder,hard,19,19,36,0,0,0,0,0,0
builder,hard,19,20,36,0,0,0,0,0,0
builder,hard,19,21,36,0,0,0,0,0,0
builder,hard,19,22,36,0,0,0,0,0,0
builder,hard,19,23,36,0,0,0,0,0,0
builder,hard,19,24,36,0,0,0,0,0,0
builder,hard,19,25,36,0,0,0,0,0,0
builder,hard,19,26,36,0,0,0,0,0,0
builder,hard,19,27,36,0,0,0,0,0,0
builder,hard,19,28,36,0,0,0,0,0,0
builder,hard,19,29,36,0,0,0,0,0,0
builder,hard,19,30,36,0,0,0,0,0,0
builder,hard,19,31,29,0,0,0,0,0,0
builder,hard,19,32,29,0,0,0,0,0,0
builder,hard,19,33,29,0,0,0,0,0,0
builder,hard,19,34,29,0,0,0,0,0,0
builder,hard,19,35,29,0,0,0,0,0,0
builder,hard,19,36,22,0,0,0,0,0,0
builder,hard,19,37,3,0,0,0,0,0,0
builder,hard,19,38,0,0,0,0,0,0,0
builder,hard,19,39,0,0,0,0,0,0,0
builder,hard,19,40,0,0,0,0,0,0,0
builder,hard,19,41,0,0,0,0,0,0,0
builder,hard,19,42,0,0,0,0,0,0,0
builder,hard,19,43,0,0,0,0,0,0,0
builder,hard,19,44,0,0,0,0,0,0,0
builder,hard,19,45,0,0,0,0,0,0,0
builder,hard,19,46,0,0,0,0,0,0,0
builder,hard,19,47,0,0,0,0,0,0,0
builder,hard,19,48,0,0,0,0,0,0,0
builder,hard,19,49,0,0,0,0,0,0,0
builder,hard,19,50,0,0,0,0,0,0,0
builder,hard,19,51,0,0,0,0,0,0,0
builder,hard,19,52,0,0,0,0,0,0,0
builder,hard,19,53,0,0,0,0,0,0,0
builder,hard,19,54,0,0,0,0,0,0,0
builder,hard,19,55,0,0,0,0,0,0,0
builder,hard,19,56,0,0,0,0,0,0,0
builder,hard,19,57,0,0,0,0,0,0,0
builder,hard,19,58,0,0,0,0,0,0,0
builder,hard,19,59,0,0,0,0,0,0,0
builder,hard,19,60,0,0,0,0,0,0,0
builder,hard,19,61,0,0,0,0,0,0,0
builder,hard,19,62,0,0,0,0,0,0,0
builder,hard,19,63,0,0,0,0,0,0,0
builder,hard,19,64,0,0,0,0,0,0,0
builder,hard,19,65,0,0,0,0,0,0,0
builder,hard,19,66,0,0,0,0,0,0,0
builder,hard,19,67,0,0,0,0,0,0,0
builder,hard,19,68,0,0,0,0,0,0,0
builder,hard,19,69,0,0,0,0,0,0,0
builder,hard,19,70,0,0,0,0,0,0,0
builder,hard,19,71,0,0,0,0,0,0,0
builder,hard,19,72,0,0,0,0,0,0,0
builder,hard,19,73,0,0,0,0,0,0,0
builder,hard,19,74,0,0,0,0,0,0,0
builder,hard,19,75,0,0,0,0,0,0,0
builder,hard,19,76,0,0,0,0,0,0,0
builder,hard,19,77,0,0,0,0,0,0,0
builder,hard,19,78,0,0,0,0,0,0,0
builder,hard,19,79,0,0,0,0,0,0,0
builder,hard,19,80,0,0,0,0,0,0,0
builder,hard,19,81,0,0,0,0,0,0,0
builder,hard,19,82,0,0,0,0,0,0,0
builder,hard,19,83,0,0,0,0,0,0,0
builder,hard,19,84,0,0,0,0,0,0,0
builder,hard,19,85,0,0,0,0,0,0,0
builder,hard,19,86,0,0,0,0,0,0,0
builder,hard,19,87,0,0,0,0,0,0,0
builder,hard,19,88,0,0,0,0,0,0,0
builder,hard,19,89,0,0,0,0,0,0,0
builder,hard,19,90,0,0,0,0,0,0,0
builder,hard,19,91,0,0,0,0,0,0,0
builder,hard,19,92,0,0,0,0,0,0,0
builder,hard,19,93,0,0,0,0,0,0,0
builder,hard,19,94,0,0,0,0,0,0,0
builder,hard,19,95,0,0,0,0,0,0,0
builder,hard,19,96,0,0,0,0,0,0,0
builder,hard,19,97,0,0,0,0,0,0,0
builder,hard,19,98,0,0,0,0,0,0,0
builder,hard,19,99,0,0,0,0,0,0,0
builder,hard,19,100,0,0,0,0,0,0,0
builder,hard,42,1,29,0,0,0,0,0,0
builder,hard,42,2,29,0,0,0,0,0,0
builder,hard,42,3,29,0,0,0,0,0,0
builder,hard,42,4,29,0,0,0,0,0,0
builder,hard,42,5,29,0,0,0,0,0,0
builder,hard,42,6,29,0,0,0,0,0,0
builder,hard,42,7,29,0,0,0,0,0,0
builder,hard,42,8,29,0,0,0,0,0,0
builder,hard,42,9,29,0,0,0,0,0,0
builder,hard,42,10,29,0,0,0,0,0,0
builder,hard,42,11,29,0,0,0,0,0,0
builder,hard,42,12,29,0,0,0,0,0,0
builder,hard,42,13,29,0,0,0,0,0,0
builder,hard,42,14,29,0,0,0,0,0,0
builder,hard,42,15,29,0,0,0,0,0,0
builder,hard,42,16,29,0,0,0,0,0,0
builder,hard,42,17,27,0,0,0,0,0,0
builder,hard,42,18,24,0,0,0,0,0,0
builder,hard,42,19,22,0,0,0,0,0,0
builder,hard,42,20,19,0,0,0,0,0,0
builder,hard,42,21,19,0,0,0,0,0,0
builder,hard,42,22,19,0,0,0,0,0,0
builder,hard,42,23,19,0,0,0,0,0,0
builder,hard,42,24,19,0,0,0,0,0,0
builder,hard,42,25,19,0,0,0,0,0,0
builder,hard,42,26,19,0,0,0,0,0,0
builder,hard,42,27,19,0,0,0,0,0,0
builder,hard,42,28,19,0,0,0,0,0,0
builder,hard,42,29,19,0,0,0,0,0,0
builder,hard,42,30,19,0,0,0,0,0,0
builder,hard,42,31,19,0,0,0,0,0,0
builder,hard,42,32,19,0,0,0,0,0,0
builder,hard,42,33,19,0,0,0,0,0,0
builder,hard,42,34,19,0,0,0,0,0,0
builder,hard,42,35,19,0,0,0,0,0,0
builder,hard,42,36,19,0,0,0,0,0,0
builder,hard,42,37,19,0,0,0,0,0,0
builder,hard,42,38,19,0,0,0,0,0,0
builder,hard,42,39,19,0,0,0,0,0,0
builder,hard,42,40,19,0,0,0,0,0,0
builder,hard,42,41,19,0,0,0,0,0,0
builder,hard,42,42,19,0,0,0,0,0,0
builder,hard,42,43,19,0,0,0,0,0,0
builder,hard,42,44,19,0,0,0,0,0,0
builder,hard,42,45,19,0,0,0,0,0,0
builder,hard,42,46,19,0,0,0,0,0,0
builder,hard,42,47,19,0,0,0,0,0,0
builder,hard,42,48,19,0,0,0,0,0,0
builder,hard,42,49,19,0,0,0,0,0,0
builder,hard,42,50,19,0,0,0,0,0,0
builder,hard,42,51,19,0,0,0,0,0,0
builder,hard,42,52,19,0,0,0,0,0,0
builder,hard,42,53,19,0,0,0,0,0,0
builder,hard,42,54,19,0,0,0,0,0,0
builder,hard,42,55,19,0,0,0,0,0,0
builder,hard,42,56,19,0,0,0,0,0,0
builder,hard,42,57,19,0,0,0,0,0,0
builder,hard,42,58,19,0,0,0,0,0,0
builder,hard,42,59,19,0,0,0,0,0,0
builder,hard,42,60,19,0,0,0,0,0,0
builder,hard,42,61,19,0,0,0,0,0,0
builder,hard,42,62,19,0,0,0,0,0,0
builder,hard,42,63,19,0,0,0,0,0,0
builder,hard,42,64,19,0,0,0,0,0,0
builder,hard,42,65,19,0,0,0,0,0,0
builder,hard,42,66,19,0,0,0,0,0,0
builder,hard,42,67,19,0,0,0,0,0,0
builder,hard,42,68,19,0,0,0,0,0,0
builder,hard,42,69,19,0,0,0,0,0,0
builder,hard,42,70,19,0,0,0,0,0,0
builder,hard,42,71,19,0,0,0,0,0,0
builder,hard,42,72,19,0,0,0,0,0,0
builder,hard,42,73,19,0,0,0,0,0,0
builder,hard,42,74,19,0,0,0,0,0,0
builder,hard,42,75,19,0,0,0,0,0,0
builder,hard,42,76,19,0,0,0,0,0,0
builder,hard,42,77,19,0,0,0,0,0,0
builder,hard,42,78,19,0,0,0,0,0,0
builder,hard,42,79,19,0,0,0,0,0,0
builder,hard,42,80,19,0,0,0,0,0,0
builder,hard,42,81,19,0,0,0,0,0,0
builder,hard,42,82,19,0,0,0,0,0,0
builder,hard,42,83,19,0,0,0,0,0,0
builder,hard,42,84,19,0,0,0,0,0,0
builder,hard,42,85,19,0,0,0,0,0,0
builder,hard,42,86,19,0,0,0,0,0,0
builder,hard,42,87,19,0,0,0,0,0,0
builder,hard,42,88,19,0,0,0,0,0,0
builder,hard,42,89,19,0,0,0,0,0,0
builder,hard,42,90,19,0,0,0,0,0,0
builder,hard,42,91,19,0,0,0,0,0,0
builder,hard,42,92,19,0,0,0,0,0,0
builder,hard,42,93,19,0,0,0,0,0,0
builder,hard,42,94,19,0,0,0,0,0,0
builder,hard,42,95,19,0,0,0,0,0,0
builder,hard,42,96,19,0,0,0,0,0,0
builder,hard,42,97,19,0,0,0,0,0,0
builder,hard,42,98,19,0,0,0,0,0,0
builder,hard,42,99,19,0,0,0,0,0,0
builder,hard,42,100,19,0,0,0,0,0,0
isolationist,hard,7,1,2,0,0,0,0,0,0
isolationist,hard,7,2,2,0,0,0,0,0,0
isolationist,hard,7,3,2,0,0,0,0,0,0
isolationist,hard,7,4,0,0,0,0,0,0,0
isolationist,hard,7,5,0,0,0,0,0,0,0
isolationist,hard,7,6,0,0,0,0,0,0,0
isolationist,hard,7,7,0,0,0,0,0,0,0
isolationist,hard,7,8,0,0,0,0,0,0,0
isolationist,hard,7,9,0,0,0,0,0,0,0
isolationist,hard,7,10,25,0,0,0,0,0,0
isolationist,hard,7,11,19,0,0,0,0,0,0
isolationist,hard,7,12,14,0,0,0,0,0,0
isolationist,hard,7,13,10,0,0,0,0,0,0
isolationist,hard,7,14,6,0,0,0,0,0,0
isolationist,hard,7,15,4,0,0,0,0,0,0
isolationist,hard,7,16,0,0,0,0,0,0,0
isolationist,hard,7,17,0,0,0,0,0,0,0
isolationist,hard,7,18,0,0,0,0,0,0,0
isolationist,hard,7,19,0,0,0,0,0,0,0
isolationist,hard,7,20,0,0,0,0,0,0,0
isolationist,hard,7,21,0,0,0,0,0,0,0
isolationist,hard,7,22,0,0,0,0,0,0,0
isolationist,hard,7,23,0,0,0,0,0,0,0
isolationist,hard,19,1,36,0,0,0,0,0,0
isolationist,hard,19,2,28,0,0,0,0,0,0
isolationist,hard,19,3,24,0,0,0,0,0,0
isolationist,hard,19,4,18,0,0,0,0,0,0
isolationist,hard,19,5,14,0,0,0,0,0,0
isolationist,hard,19,6,1,0,0,0,0,0,0
isolationist,hard,19,7,0,0,0,0,0,0,0
isolationist,hard,19,8,0,0,0,0,0,0,0
isolationist,hard,19,9,0,0,0,0,0,0,0
isolationist,hard,19,10,25,0,0,0,0,0,0
isolationist,hard,19,11,0,0,0,0,0,0,0
isolationist,hard,19,12,0,0,0,0,0,0,0
isolationist,hard,19,13,0,0,0,0,0,0,0
isolationist,hard,19,14,0,0,0,0,0,0,0
isolationist,hard,19,15,0,0,0,0,0,0,0
isolationist,hard,19,16,0,0,0,0,0,0,0
isolationist,hard,19,17,0,0,0,0,0,0,0
isolationist,hard,19,18,0,0,0,0,0,0,0
isolationist,hard,19,19,0,0,0,0,0,0,0
isolationist,hard,19,20,0,0,0,0,0,0,0
isolationist,hard,42,1,26,0,0,0,0,0,0
isolationist,hard,42,2,22,0,0,0,0,0,0
isolationist,hard,42,3,17,0,0,0,0,0,0
isolationist,hard,42,4,0,0,0,0,0,0,0
isolationist,hard,42,5,0,0,0,0,0,0,0
isolationist,hard,42,6,0,0,0,0,0,0,0
isolationist,hard,42,7,0,0,0,0,0,0,0
isolationist,hard,42,8,24,0,0,0,0,0,0
isolationist,hard,42,9,18,0,0,0,0,0,0
isolationist,hard,42,10,13,0,0,0,0,0,0
isolationist,hard,42,11,9,0,0,0,0,0,0
isolationist,hard,42,12,5,0,0,0,0,0,0
isolationist,hard,42,13,5,0,0,0,0,0,0
isolationist,hard,42,14,4,0,0,0,0,0,0
isolationist,hard,42,15,4,0,0,0,0,0,0
isolationist,hard,42,16,4,0,0,0,0,0,0
isolationist,hard,42,17,4,0,0,0,0,0,0
isolationist,hard,42,18,4,0,0,0,0,0,0
isolationist,hard,42,19,4,0,0,0,0,0,0
isolationist,hard,42,20,0,0,0,0,0,0,0
isolationist,hard,42,21,0,0,0,0,0,0,0
isolationist,hard,42,22,0,0,0,0,0,0,0
isolationist,hard,42,23,0,0,0,0,0,0,0
expansionist,hard,7,1,2,0,0,0,0,0,0
expansionist,hard,7,2,2,0,0,0,0,0,0
expansionist,hard,7,3,2,0,0,0,0,0,0
expansionist,hard,7,4,0,0,0,0,0,0,0
expansionist,hard,7,5,0,0,0,0,0,0,0
expansionist,hard,7,6,0,0,0,0,0,0,0
expansionist,hard,7,7,0,0,0,0,0,0,0
expansionist,hard,7,8,0,0,0,0,0,0,0
expansionist,hard,7,9,0,0,0,0,0,0,0
expansionist,hard,7,10,320,1,0,0,0,0,0
expansionist,hard,7,11,0,0,0,0,0,0,0
expansionist,hard,7,12,0,0,0,0,0,0,0
expansionist,hard,7,13,0,0,0,0,0,0,0
expansionist,hard,7,14,0,0,0,0,0,0,0
expansionist,hard,7,15,0,0,0,0,0,0,0
expansionist,hard,7,16,0,0,0,0,0,0,0
expansionist,hard,7,17,0,0,0,0,0,0,0
expansionist,hard,7,18,0,0,0,0,0,0,0
expansionist,hard,7,19,0,0,0,0,0,0,0
expansionist,hard,7,20,0,0,0,0,0,0,0
expansionist,hard,7,21,0,0,0,0,0,0,0
expansionist,hard,7,22,0,0,0,0,0,0,0
expansionist,hard,7,23,0,0,0,0,0,0,0
expansionist,hard,7,24,0,0,0,0,0,0,0
expansionist,hard,19,1,35,0,0,0,0,0,0
expansionist,hard,19,2,28,0,0,0,0,0,0
expansionist,hard,19,3,24,0,0,0,0,0,0
expansionist,hard,19,4,18,0,0,0,0,0,0
expansionist,hard,19,5,14,0,0,0,0,0,0
expansionist,hard,19,6,1,0,0,0,0,0,0
expansionist,hard,19,7,0,0,0,0,0,0,0
expansionist,hard,19,8,0,0,0,0,0,0,0
expansionist,hard,19,9,0,0,0,0,0,0,0
expansionist,hard,19,10,0,0,0,0,0,0,0
expansionist,hard,19,11,0,0,0,0,0,0,0
expansionist,hard,19,12,0,0,0,0,0,0,0
expansionist,hard,19,13,0,0,0,0,0,0,0
expansionist,hard,19,14,0,0,0,0,0,0,0
expansionist,hard,19,15,0,0,0,0,0,0,0
expansionist,hard,19,16,0,0,0,0,0,0,0
expansionist,hard,19,17,0,0,0,0,0,0,0
expansionist,hard,19,18,0,0,0,0,0,0,0
expansionist,hard,19,19,0,0,0,0,0,0,0
expansionist,hard,19,20,0,0,0,0,0,0,0
expansionist,hard,42,1,27,0,0,0,0,0,0
expansionist,hard,42,2,24,0,0,0,0,0,0
expansionist,hard,42,3,17,0,0,0,0,0,0
expansionist,hard,42,4,13,0,0,0,0,0,0
expansionist,hard,42,5,1,0,0,0,0,0,0
expansionist,hard,42,6,1,0,0,0,0,0,0
expansionist,hard,42,7,1,0,0,0,0,0,0
expansionist,hard,42,8,1,0,0,0,0,0,0
expansionist,hard,42,9,1,0,0,0,0,0,0
expansionist,hard,42,10,1,0,0,0,0,0,0
expansionist,hard,42,11,1,0,0,0,0,0,0
expansionist,hard,42,12,1,0,0,0,0,0,0
expansionist,hard,42,13,0,0,0,0,0,0,0
expansionist,hard,42,14,320,1,0,0,0,0,0
expansionist,hard,42,15,0,0,0,0,0,0,0
expansionist,hard,42,16,0,0,0,0,0,0,0
expansionist,hard,42,17,0,0,0,0,0,0,0
expansionist,hard,42,18,0,0,0,0,0,0,0
expansionist,hard,42,19,0,0,0,0,0,0,0
expansionist,hard,42,20,0,0,0,0,0,0,0
expansionist,hard,42,21,0,0,0,0,0,0,0
expansionist,hard,42,22,0,0,0,0,0,0,0
expansionist,hard,42,23,0,0,0,0,0,0,0
expansionist,hard,42,24,0,0,0,0,0,0,0
balanced,hard,7,1,48,0,0,0,0,0,0
balanced,hard,7,2,41,0,0,0,0,0,0
balanced,hard,7,3,32,0,0,0,0,0,0
balanced,hard,7,4,24,0,0,0,0,0,0
balanced,hard,7,5,23,0,0,0,0,0,0
balanced,hard,7,6,2,0,0,0,0,0,0
balanced,hard,7,7,2,0,0,0,0,0,0
balanced,hard,7,8,0,0,0,0,0,0,0
balanced,hard,7,9,0,0,0,0,0,0,0
balanced,hard,7,10,0,0,0,0,0,0,0
balanced,hard,7,11,0,0,0,0,0,0,0
balanced,hard,7,12,0,0,0,0,0,0,0
balanced,hard,7,13,0,0,0,0,0,0,0
balanced,hard,7,14,0,0,0,0,0,0,0
balanced,hard,7,15,0,0,0,0,0,0,0
balanced,hard,7,16,0,0,0,0,0,0,0
balanced,hard,7,17,0,0,0,0,0,0,0
balanced,hard,7,18,0,0,0,0,0,0,0
balanced,hard,7,19,0,0,0,0,0,0,0
balanced,hard,7,20,0,0,0,0,0,0,0
balanced,hard,7,21,0,0,0,0,0,0,0
balanced,hard,7,22,0,0,0,0,0,0,0
balanced,hard,7,23,0,0,0,0,0,0,0
balanced,hard,7,24,0,0,0,0,0,0,0
balanced,hard,7,25,0,0,0,0,0,0,0
balanced,hard,7,26,0,0,0,0,0,0,0
balanced,hard,7,27,0,0,0,0,0,0,0
balanced,hard,7,28,0,0,0,0,0,0,0
balanced,hard,19,1,61,0,0,0,0,0,0
balanced,hard,19,2,61,0,0,0,0,0,0
balanced,hard,19,3,86,0,0,0,0,0,0
balanced,hard,19,4,111,0,0,0,0,0,0
balanced,hard,19,5,111,0,0,0,0,0,0
balanced,hard,19,6,100,0,0,0,0,0,0
balanced,hard,19,7,93,0,0,0,0,0,0
balanced,hard,19,8,118,0,0,0,0,0,0
balanced,hard,19,9,118,0,0,0,0,0,0
balanced,hard,19,10,143,0,0,0,0,0,0
balanced,hard,19,11,168,0,0,0,0,0,0
balanced,hard,19,12,168,0,0,0,0,0,0
balanced,hard,19,13,193,0,0,0,0,0,0
balanced,hard,19,14,218,0,0,0,0,0,0
balanced,hard,19,15,243,0,0,0,0,0,0
balanced,hard,19,16,268,0,0,0,0,0,0
balanced,hard,19,17,268,0,0,0,0,0,0
balanced,hard,19,18,293,0,0,0,0,0,0
balanced,hard,19,19,318,0,0,0,0,0,0
balanced,hard,19,20,343,0,0,0,0,0,0
balanced,hard,19,21,368,0,0,0,0,0,0
balanced,hard,19,22,368,0,0,0,0,0,0
balanced,hard,19,23,393,0,0,0,0,0,0
balanced,hard,19,24,418,0,0,0,0,0,0
balanced,hard,19,25,443,0,0,0,0,0,0
balanced,hard,19,26,468,0,0,0,0,0,0
balanced,hard,19,27,468,0,0,0,0,0,0
balanced,hard,19,28,493,0,0,0,0,0,0
balanced,hard,19,29,518,0,0,0,0,0,0
balanced,hard,19,30,543,0,0,0,0,0,0
balanced,hard,19,31,568,0,0,0,0,0,0
balanced,hard,19,32,568,0,0,0,0,0,0
balanced,hard,19,33,593,0,0,0,0,0,0
balanced,hard,19,34,618,0,0,0,0,0,0
balanced,hard,19,35,643,0,0,0,0,0,0
balanced,hard,19,36,668,0,0,0,0,0,0
balanced,hard,19,37,668,0,0,0,0,0,0
balanced,hard,19,38,693,0,0,0,0,0,0
balanced,hard,19,39,718,0,0,0,0,0,0
balanced,hard,19,40,743,0,0,0,0,0,0
balanced,hard,19,41,768,0,0,0,0,0,0
balanced,hard,19,42,768,0,0,0,0,0,0
balanced,hard,19,43,793,0,0,0,0,0,0
balanced,hard,19,44,818,0,0,0,0,0,0
balanced,hard,19,45,843,0,0,0,0,0,0
balanced,hard,19,46,868,0,0,0,0,0,0
balanced,hard,19,47,868,0,0,0,0,0,0
balanced,hard,19,48,893,0,0,0,0,0,0
balanced,hard,19,49,918,0,0,0,0,0,0
balanced,hard,19,50,943,0,0,0,0,0,0
balanced,hard,19,51,968,0,0,0,0,0,0
balanced,hard,19,52,968,0,0,0,0,0,0
balanced,hard,19,53,993,0,0,0,0,0,0
balanced,hard,19,54,1018,0,0,0,0,0,0
balanced,hard,19,55,1043,0,0,0,0,0,0
balanced,hard,19,56,1068,0,0,0,0,0,0
balanced,hard,19,57,1068,0,0,0,0,0,0
balanced,hard,19,58,1093,0,0,0,0,0,0
balanced,hard,19,59,1118,0,0,0,0,0,0
balanced,hard,19,60,1143,0,0,0,0,0,0
balanced,hard,19,61,1168,0,0,0,0,0,0
balanced,hard,19,62,1168,0,0,0,0,0,0
balanced,hard,19,63,1193,0,0,0,0,0,0
balanced,hard,19,64,1218,0,0,0,0,0,0
balanced,hard,19,65,1243,0,0,0,0,0,0
balanced,hard,19,66,1268,0,0,0,0,0,0
balanced,hard,19,67,1268,0,0,0,0,0,0
balanced,hard,19,68,1293,0,0,0,0,0,0
balanced,hard,19,69,1318,0,0,0,0,0,0
balanced,hard,19,70,1343,0,0,0,0,0,0
balanced,hard,19,71,1368,0,0,0,0,0,0
balanced,hard,19,72,1368,0,0,0,0,0,0
balanced,hard,19,73,1393,0,0,0,0,0,0
balanced,hard,19,74,1418,0,0,0,0,0,0
balanced,hard,19,75,1443,0,0,0,0,0,0
balanced,hard,19,76,1468,0,0,0,0,0,0
balanced,hard,19,77,1468,0,0,0,0,0,0
balanced,hard,19,78,1493,0,0,0,0,0,0
balanced,hard,19,79,1518,0,0,0,0,0,0
balanced,hard,19,80,1543,0,0,0,0,0,0
balanced,hard,19,81,1568,0,0,0,0,0,0
balanced,hard,19,82,1568,0,0,0,0,0,0
balanced,hard,19,83,1593,0,0,0,0,0,0
balanced,hard,19,84,1618,0,0,0,0,0,0
balanced,hard,19,85,1643,0,0,0,0,0,0
balanced,hard,19,86,1668,0,0,0,0,0,0
balanced,hard,19,87,1668,0,0,0,0,0,0
balanced,hard,19,88,1693,0,0,0,0,0,0
balanced,hard,19,89,1718,0,0,0,0,0,0
balanced,hard,19,90,1743,0,0,0,0,0,0
balanced,hard,19,91,1768,0,0,0,0,0,0
balanced,hard,19,92,1768,0,0,0,0,0,0
balanced,hard,19,93,1793,0,0,0,0,0,0
balanced,hard,19,94,1818,0,0,0,0,0,0
balanced,hard,19,95,1843,0,0,0,0,0,0
balanced,hard,19,96,1868,0,0,0,0,0,0
balanced,hard,19,97,1868,0,0,0,0,0,0
balanced,hard,19,98,1893,0,0,0,0,0,0
balanced,hard,19,99,1918,0,0,0,0,0,0
balanced,hard,19,100,1943,0,0,0,0,0,0
balanced,hard,42,1,54,0,0,0,0,0,0
balanced,hard,42,2,54,0,0,0,0,0,0
balanced,hard,42,3,53,0,0,0,0,0,0
balanced,hard,42,4,51,0,0,0,0,0,0
balanced,hard,42,5,46,0,0,0,0,0,0
balanced,hard,42,6,44,0,0,0,0,0,0
balanced,hard,42,7,34,0,0,0,0,0,0
balanced,hard,42,8,34,0,0,0,0,0,0
balanced,hard,42,9,34,0,0,0,0,0,0
balanced,hard,42,10,34,0,0,0,0,0,0
balanced,hard,42,11,34,0,0,0,0,0,0
balanced,hard,42,12,30,0,0,0,0,0,0
balanced,hard,42,13,28,0,0,0,0,0,0
balanced,hard,42,14,26,0,0,0,0,0,0
balanced,hard,42,15,26,0,0,0,0,0,0
balanced,hard,42,16,23,0,0,0,0,0,0
balanced,hard,42,17,18,0,0,0,0,0,0
balanced,hard,42,18,14,0,0,0,0,0,0
balanced,hard,42,19,11,0,0,0,0,0,0
balanced,hard,42,20,35,0,0,0,0,0,0
balanced,hard,42,21,35,0,0,0,0,0,0
balanced,hard,42,22,29,0,0,0,0,0,0
balanced,hard,42,23,22,0,0,0,0,0,0
balanced,hard,42,24,5,0,0,0,0,0,0
balanced,hard,42,25,5,0,0,0,0,0,0
balanced,hard,42,26,5,0,0,0,0,0,0
balanced,hard,42,27,0,0,0,0,0,0,0
balanced,hard,42,28,0,0,0,0,0,0,0
balanced,hard,42,29,0,0,0,0,0,0,0
balanced,hard,42,30,0,0,0,0,0,0,0
balanced,hard,42,31,0,0,0,0,0,0,0
balanced,hard,42,32,0,0,0,0,0,0,0
balanced,hard,42,33,0,0,0,0,0,0,0
balanced,hard,42,34,0,0,0,0,0,0,0
balanced,hard,42,35,0,0,0,0,0,0,0
balanced,hard,42,36,0,0,0,0,0,0,0
exploit-hunter,hard,7,1,141,2,2,0,0,0,11
exploit-hunter,hard,7,2,209,2,2,0,0,0,19
exploit-hunter,hard,7,3,313,2,2,0,0,0,19
exploit-hunter,hard,7,4,374,2,2,0,0,0,19
exploit-hunter,hard,7,5,409,2,2,0,0,0,19
exploit-hunter,hard,7,6,409,2,2,0,0,0,19
exploit-hunter,hard,7,7,409,2,2,0,0,0,19
exploit-hunter,hard,7,8,409,2,2,0,0,0,19
exploit-hunter,hard,7,9,440,2,2,0,0,0,19
exploit-hunter,hard,7,10,480,2,2,0,0,0,19
exploit-hunter,hard,7,11,540,2,2,0,0,0,19
exploit-hunter,hard,7,12,540,2,2,0,0,0,19
exploit-hunter,hard,7,13,540,2,2,0,0,0,19
exploit-hunter,hard,7,14,540,2,2,0,0,0,19
exploit-hunter,hard,7,15,540,2,2,0,0,0,19
exploit-hunter,hard,7,16,540,2,2,0,0,0,19
exploit-hunter,hard,7,17,450,2,2,0,0,0,19
exploit-hunter,hard,7,18,450,2,2,0,0,0,19
exploit-hunter,hard,7,19,450,2,2,0,0,0,19
exploit-hunter,hard,7,20,450,2,2,0,0,0,19
exploit-hunter,hard,7,21,450,2,2,0,0,0,19
exploit-hunter,hard,7,22,555,2,2,0,0,0,19
exploit-hunter,hard,7,23,471,2,2,0,0,0,19
exploit-hunter,hard,7,24,421,2,2,0,0,0,19
exploit-hunter,hard,7,25,363,2,2,0,0,0,19
exploit-hunter,hard,7,26,339,2,2,0,0,0,19
exploit-hunter,hard,7,27,320,2,2,0,0,0,19
exploit-hunter,hard,7,28,320,2,2,0,0,0,19
exploit-hunter,hard,7,29,355,2,2,0,0,0,19
exploit-hunter,hard,7,30,274,2,2,0,0,0,19
exploit-hunter,hard,7,31,233,2,2,0,0,0,19
exploit-hunter,hard,7,32,246,2,2,0,0,0,19
exploit-hunter,hard,7,33,361,2,2,0,0,0,19
exploit-hunter,hard,7,34,478,2,2,0,0,0,19
exploit-hunter,hard,7,35,583,2,2,0,0,0,19
exploit-hunter,hard,7,36,653,2,2,0,0,0,19
exploit-hunter,hard,7,37,723,2,2,0,0,0,19
exploit-hunter,hard,7,38,828,2,2,0,0,0,19
exploit-hunter,hard,7,39,933,2,2,0,0,0,19
exploit-hunter,hard,7,40,1003,2,2,0,0,0,19
exploit-hunter,hard,7,41,1038,2,2,0,0,0,19
exploit-hunter,hard,7,42,1073,2,2,0,0,0,19
exploit-hunter,hard,7,43,1028,2,2,0,0,0,19
exploit-hunter,hard,7,44,1064,2,2,0,0,0,19
exploit-hunter,hard,7,45,1064,2,2,0,0,0,19
exploit-hunter,hard,7,46,1099,2,2,0,0,0,19
exploit-hunter,hard,7,47,1204,2,2,0,0,0,19
exploit-hunter,hard,7,48,1274,2,2,0,0,0,19
exploit-hunter,hard,7,49,1344,2,2,0,0,0,19
exploit-hunter,hard,7,50,1414,2,2,0,0,0,19
exploit-hunter,hard,7,51,1449,2,2,0,0,0,19
exploit-hunter,hard,7,52,1519,2,2,0,0,0,19
exploit-hunter,hard,7,53,1554,2,2,0,0,0,19
exploit-hunter,hard,7,54,1428,2,2,0,0,0,19
exploit-hunter,hard,7,55,1498,2,2,0,0,0,19
exploit-hunter,hard,7,56,1603,2,2,0,0,0,19
exploit-hunter,hard,7,57,1638,2,2,0,0,0,19
exploit-hunter,hard,7,58,1369,2,2,0,0,0,19
exploit-hunter,hard,7,59,1070,2,2,0,0,0,19
exploit-hunter,hard,7,60,893,2,2,0,0,0,19
exploit-hunter,hard,7,61,738,2,2,0,0,0,19
exploit-hunter,hard,7,62,776,2,2,0,0,0,19
exploit-hunter,hard,7,63,811,2,2,0,0,0,19
exploit-hunter,hard,7,64,881,2,2,0,0,0,19
exploit-hunter,hard,7,65,986,2,2,0,0,0,19
exploit-hunter,hard,7,66,1021,2,2,0,0,0,19
exploit-hunter,hard,7,67,1056,2,2,0,0,0,19
exploit-hunter,hard,7,68,1056,2,2,0,0,0,19
exploit-hunter,hard,7,69,1091,2,2,0,0,0,19
exploit-hunter,hard,7,70,1231,2,2,0,0,0,19
exploit-hunter,hard,7,71,1258,2,2,0,0,0,19
exploit-hunter,hard,7,72,1258,2,2,0,0,0,19
exploit-hunter,hard,7,73,1338,2,2,0,0,0,19
exploit-hunter,hard,7,74,1358,2,2,0,0,0,19
exploit-hunter,hard,7,75,1418,2,2,0,0,0,19
exploit-hunter,hard,7,76,1458,2,2,0,0,0,19
exploit-hunter,hard,7,77,1297,2,2,0,0,0,19
exploit-hunter,hard,7,78,1268,2,2,0,0,0,19
exploit-hunter,hard,7,79,1328,2,2,0,0,0,19
exploit-hunter,hard,7,80,1388,2,2,0,0,0,19
exploit-hunter,hard,7,81,1448,2,2,0,0,0,19
exploit-hunter,hard,7,82,1508,2,2,0,0,0,19
exploit-hunter,hard,7,83,1462,2,2,0,0,0,19
exploit-hunter,hard,7,84,1502,2,2,0,0,0,19
exploit-hunter,hard,7,85,1459,2,2,0,0,0,19
exploit-hunter,hard,7,86,1200,2,2,0,0,0,19
exploit-hunter,hard,7,87,970,2,2,0,0,0,19
exploit-hunter,hard,7,88,822,2,2,0,0,0,19
exploit-hunter,hard,7,89,842,2,2,0,0,0,19
exploit-hunter,hard,7,90,823,2,2,0,0,0,19
exploit-hunter,hard,7,91,794,2,2,0,0,0,19
exploit-hunter,hard,7,92,726,2,2,0,0,0,19
exploit-hunter,hard,7,93,806,2,2,0,0,0,19
exploit-hunter,hard,19,1,146,2,2,0,0,0,13
exploit-hunter,hard,19,2,283,2,2,0,0,0,26
exploit-hunter,hard,19,3,423,2,2,0,0,0,26
exploit-hunter,hard,19,4,511,2,2,0,0,0,26
exploit-hunter,hard,19,5,594,2,2,0,0,0,26
exploit-hunter,hard,19,6,674,2,2,0,0,0,26
exploit-hunter,hard,19,7,754,2,2,0,0,0,26
exploit-hunter,hard,19,8,834,2,2,0,0,0,26
exploit-hunter,hard,19,9,914,2,2,0,0,0,26
exploit-hunter,hard,19,10,994,2,2,0,0,0,26
exploit-hunter,hard,19,11,1074,2,2,0,0,0,26
exploit-hunter,hard,19,12,1154,2,2,0,0,0,26
exploit-hunter,hard,19,13,1234,2,2,0,0,0,26
exploit-hunter,hard,19,14,1314,2,2,0,0,0,26
exploit-hunter,hard,19,15,1394,2,2,0,0,0,26
exploit-hunter,hard,19,16,1474,2,2,0,0,0,26
exploit-hunter,hard,19,17,1554,2,2,0,0,0,26
exploit-hunter,hard,19,18,1634,2,2,0,0,0,26
exploit-hunter,hard,19,19,1714,2,2,0,0,0,26
exploit-hunter,hard,19,20,1794,2,2,0,0,0,26
exploit-hunter,hard,19,21,1874,2,2,0,0,0,26
exploit-hunter,hard,19,22,1954,2,2,0,0,0,26
exploit-hunter,hard,19,23,2034,2,2,0,0,0,26
exploit-hunter,hard,19,24,2114,2,2,0,0,0,26
exploit-hunter,hard,19,25,2194,2,2,0,0,0,26
exploit-hunter,hard,19,26,2274,2,2,0,0,0,26
exploit-hunter,hard,19,27,2354,2,2,0,0,0,26
exploit-hunter,hard,19,28,2434,2,2,0,0,0,26
exploit-hunter,hard,19,29,2514,2,2,0,0,0,26
exploit-hunter,hard,19,30,2594,2,2,0,0,0,26
exploit-hunter,hard,19,31,2674,2,2,0,0,0,26
exploit-hunter,hard,19,32,2754,2,2,0,0,0,26
exploit-hunter,hard,19,33,2834,2,2,0,0,0,26
exploit-hunter,hard,19,34,2914,2,2,0,0,0,26
exploit-hunter,hard,19,35,2994,2,2,0,0,0,26
exploit-hunter,hard,19,36,3074,2,2,0,0,0,26
exploit-hunter,hard,19,37,3154,2,2,0,0,0,26
exploit-hunter,hard,19,38,3234,2,2,0,0,0,26
exploit-hunter,hard,19,39,3314,2,2,0,0,0,26
exploit-hunter,hard,19,40,3394,2,2,0,0,0,26
exploit-hunter,hard,19,41,3474,2,2,0,0,0,26
exploit-hunter,hard,19,42,3554,2,2,0,0,0,26
exploit-hunter,hard,19,43,3634,2,2,0,0,0,26
exploit-hunter,hard,19,44,3714,2,2,0,0,0,26
exploit-hunter,hard,19,45,3794,2,2,0,0,0,26
exploit-hunter,hard,19,46,3874,2,2,0,0,0,26
exploit-hunter,hard,19,47,3954,2,2,0,0,0,26
exploit-hunter,hard,19,48,4034,2,2,0,0,0,26
exploit-hunter,hard,19,49,4114,2,2,0,0,0,26
exploit-hunter,hard,19,50,4194,2,2,0,0,0,26
exploit-hunter,hard,19,51,4274,2,2,0,0,0,26
exploit-hunter,hard,19,52,4354,2,2,0,0,0,26
exploit-hunter,hard,19,53,4434,2,2,0,0,0,26
exploit-hunter,hard,19,54,4514,2,2,0,0,0,26
exploit-hunter,hard,19,55,4594,2,2,0,0,0,26
exploit-hunter,hard,19,56,4674,2,2,0,0,0,26
exploit-hunter,hard,19,57,4754,2,2,0,0,0,26
exploit-hunter,hard,19,58,4834,2,2,0,0,0,26
exploit-hunter,hard,19,59,4914,2,2,0,0,0,26
exploit-hunter,hard,19,60,4994,2,2,0,0,0,26
exploit-hunter,hard,19,61,5074,2,2,0,0,0,26
exploit-hunter,hard,19,62,5154,2,2,0,0,0,26
exploit-hunter,hard,19,63,5234,2,2,0,0,0,26
exploit-hunter,hard,19,64,5314,2,2,0,0,0,26
exploit-hunter,hard,19,65,5394,2,2,0,0,0,26
exploit-hunter,hard,19,66,5474,2,2,0,0,0,26
exploit-hunter,hard,19,67,5554,2,2,0,0,0,26
exploit-hunter,hard,19,68,5634,2,2,0,0,0,26
exploit-hunter,hard,19,69,5714,2,2,0,0,0,26
exploit-hunter,hard,19,70,5794,2,2,0,0,0,26
exploit-hunter,hard,19,71,5874,2,2,0,0,0,26
exploit-hunter,hard,19,72,5954,2,2,0,0,0,26
exploit-hunter,hard,19,73,6034,2,2,0,0,0,26
exploit-hunter,hard,19,74,6114,2,2,0,0,0,26
exploit-hunter,hard,19,75,6194,2,2,0,0,0,26
exploit-hunter,hard,19,76,6274,2,2,0,0,0,26
exploit-hunter,hard,19,77,6354,2,2,0,0,0,26
exploit-hunter,hard,19,78,6434,2,2,0,0,0,26
exploit-hunter,hard,19,79,6514,2,2,0,0,0,26
exploit-hunter,hard,19,80,6594,2,2,0,0,0,26
exploit-hunter,hard,19,81,6674,2,2,0,0,0,26
exploit-hunter,hard,19,82,6754,2,2,0,0,0,26
exploit-hunter,hard,19,83,6834,2,2,0,0,0,26
exploit-hunter,hard,19,84,6914,2,2,0,0,0,26
exploit-hunter,hard,19,85,6994,2,2,0,0,0,26
exploit-hunter,hard,19,86,7074,2,2,0,0,0,26
exploit-hunter,hard,19,87,7154,2,2,0,0,0,26
exploit-hunter,hard,19,88,7234,2,2,0,0,0,26
exploit-hunter,hard,19,89,7314,2,2,0,0,0,26
exploit-hunter,hard,19,90,7394,2,2,0,0,0,26
exploit-hunter,hard,19,91,7474,2,2,0,0,0,26
exploit-hunter,hard,19,92,7554,2,2,0,0,0,26
exploit-hunter,hard,19,93,7634,2,2,0,0,0,26
exploit-hunter,hard,19,94,7714,2,2,0,0,0,26
exploit-hunter,hard,19,95,7794,2,2,0,0,0,26
exploit-hunter,hard,19,96,7874,2,2,0,0,0,26
exploit-hunter,hard,19,97,7954,2,2,0,0,0,26
exploit-hunter,hard,19,98,8034,2,2,0,0,0,26
exploit-hunter,hard,19,99,8114,2,2,0,0,0,26
exploit-hunter,hard,19,100,8194,2,2,0,0,0,26
exploit-hunter,hard,42,1,169,2,2,0,0,0,0
exploit-hunter,hard,42,2,247,2,2,0,0,0,33
exploit-hunter,hard,42,3,329,2,2,0,0,0,33
exploit-hunter,hard,42,4,409,2,2,0,0,0,33
exploit-hunter,hard,42,5,489,2,2,0,0,0,33
exploit-hunter,hard,42,6,569,2,2,0,0,0,33
exploit-hunter,hard,42,7,649,2,2,0,0,0,33
exploit-hunter,hard,42,8,729,2,2,0,0,0,33
exploit-hunter,hard,42,9,809,2,2,0,0,0,33
exploit-hunter,hard,42,10,889,2,2,0,0,0,33
exploit-hunter,hard,42,11,929,2,2,0,0,0,33
exploit-hunter,hard,42,12,989,2,2,0,0,0,33
exploit-hunter,hard,42,13,1009,2,2,0,0,0,33
exploit-hunter,hard,42,14,1049,2,2,0,0,0,33
exploit-hunter,hard,42,15,1129,2,2,0,0,0,33
exploit-hunter,hard,42,16,1169,2,2,0,0,0,33
exploit-hunter,hard,42,17,1229,2,2,0,0,0,33
exploit-hunter,hard,42,18,1269,2,2,0,0,0,33
exploit-hunter,hard,42,19,1269,2,2,0,0,0,33
exploit-hunter,hard,42,20,1329,2,2,0,0,0,33
exploit-hunter,hard,42,21,1409,2,2,0,0,0,33
exploit-hunter,hard,42,22,1469,2,2,0,0,0,33
exploit-hunter,hard,42,23,1469,2,2,0,0,0,33
exploit-hunter,hard,42,24,1529,2,2,0,0,0,33
exploit-hunter,hard,42,25,1609,2,2,0,0,0,33
exploit-hunter,hard,42,26,1629,2,2,0,0,0,33
exploit-hunter,hard,42,27,1629,2,2,0,0,0,33
exploit-hunter,hard,42,28,1629,2,2,0,0,0,33
exploit-hunter,hard,42,29,1540,2,2,0,0,0,33
exploit-hunter,hard,42,30,1620,2,2,0,0,0,33
exploit-hunter,hard,42,31,1700,2,2,0,0,0,33
exploit-hunter,hard,42,32,1720,2,2,0,0,0,33
exploit-hunter,hard,42,33,1720,2,2,0,0,0,33
exploit-hunter,hard,42,34,1720,2,2,0,0,0,33
exploit-hunter,hard,42,35,1653,2,2,0,0,0,33
exploit-hunter,hard,42,36,1518,2,2,0,0,0,33
exploit-hunter,hard,42,37,1518,2,2,0,0,0,33
exploit-hunter,hard,42,38,1558,2,2,0,0,0,33
exploit-hunter,hard,42,39,1638,2,2,0,0,0,33
exploit-hunter,hard,42,40,1638,2,2,0,0,0,33
exploit-hunter,hard,42,41,1408,2,2,0,0,0,33
exploit-hunter,hard,42,42,1037,2,2,0,0,0,33
exploit-hunter,hard,42,43,964,2,2,0,0,0,33
exploit-hunter,hard,42,44,964,2,2,0,0,0,33
exploit-hunter,hard,42,45,964,2,2,0,0,0,33
exploit-hunter,hard,42,46,984,2,2,0,0,0,33
exploit-hunter,hard,42,47,1044,2,2,0,0,0,33
exploit-hunter,hard,42,48,1124,2,2,0,0,0,33
exploit-hunter,hard,42,49,1204,2,2,0,0,0,33
exploit-hunter,hard,42,50,1264,2,2,0,0,0,33
exploit-hunter,hard,42,51,1284,2,2,0,0,0,33
exploit-hunter,hard,42,52,1344,2,2,0,0,0,33
exploit-hunter,hard,42,53,1404,2,2,0,0,0,33
exploit-hunter,hard,42,54,1464,2,2,0,0,0,33
exploit-hunter,hard,42,55,1504,2,2,0,0,0,33
exploit-hunter,hard,42,56,1544,2,2,0,0,0,33
exploit-hunter,hard,42,57,1624,2,2,0,0,0,33
exploit-hunter,hard,42,58,1588,2,2,0,0,0,33
exploit-hunter,hard,42,59,1608,2,2,0,0,0,33
exploit-hunter,hard,42,60,1668,2,2,0,0,0,33
exploit-hunter,hard,42,61,1728,2,2,0,0,0,33
exploit-hunter,hard,42,62,1768,2,2,0,0,0,33
exploit-hunter,hard,42,63,1668,2,2,0,0,0,33
exploit-hunter,hard,42,64,1614,2,2,0,0,0,33
exploit-hunter,hard,42,65,1561,2,2,0,0,0,33
exploit-hunter,hard,42,66,1531,2,2,0,0,0,33
exploit-hunter,hard,42,67,1571,2,2,0,0,0,33
exploit-hunter,hard,42,68,1537,2,2,0,0,0,33
exploit-hunter,hard,42,69,1487,2,2,0,0,0,33
exploit-hunter,hard,42,70,1366,2,2,0,0,0,33
exploit-hunter,hard,42,71,1386,2,2,0,0,0,33
exploit-hunter,hard,42,72,1386,2,2,0,0,0,33
exploit-hunter,hard,42,73,1406,2,2,0,0,0,33
exploit-hunter,hard,42,74,1426,2,2,0,0,0,33
exploit-hunter,hard,42,75,1446,2,2,0,0,0,33
exploit-hunter,hard,42,76,1466,2,2,0,0,0,33
exploit-hunter,hard,42,77,1486,2,2,0,0,0,33
exploit-hunter,hard,42,78,1566,2,2,0,0,0,33
exploit-hunter,hard,42,79,1606,2,2,0,0,0,33
exploit-hunter,hard,42,80,1626,2,2,0,0,0,33
exploit-hunter,hard,42,81,1666,2,2,0,0,0,33
exploit-hunter,hard,42,82,1746,2,2,0,0,0,33
exploit-hunter,hard,42,83,1786,2,2,0,0,0,33
exploit-hunter,hard,42,84,1806,2,2,0,0,0,33
exploit-hunter,hard,42,85,1846,2,2,0,0,0,33
exploit-hunter,hard,42,86,1886,2,2,0,0,0,33
exploit-hunter,hard,42,87,1966,2,2,0,0,0,33
exploit-hunter,hard,42,88,2046,2,2,0,0,0,33
exploit-hunter,hard,42,89,2066,2,2,0,0,0,33
exploit-hunter,hard,42,90,2039,2,2,0,0,0,33
exploit-hunter,hard,42,91,1960,2,2,0,0,0,33
exploit-hunter,hard,42,92,1528,2,2,0,0,0,33
exploit-hunter,hard,42,93,1445,2,2,0,0,0,33
exploit-hunter,hard,42,94,1465,2,2,0,0,0,33
exploit-hunter,hard,42,95,1545,2,2,0,0,0,33
exploit-hunter,hard,42,96,1625,2,2,0,0,0,33
exploit-hunter,hard,42,97,1685,2,2,0,0,0,33
exploit-hunter,hard,42,98,1745,2,2,0,0,0,33
exploit-hunter,hard,42,99,1825,2,2,0,0,0,33
exploit-hunter,hard,42,100,1845,2,2,0,0,0,33
diplomat,hard,7,1,2,0,0,0,0,0,0
diplomat,hard,7,2,2,0,0,0,0,0,0
diplomat,hard,7,3,2,0,0,0,0,0,0
diplomat,hard,7,4,0,0,0,0,0,0,0
diplomat,hard,7,5,0,0,0,0,0,0,0
diplomat,hard,7,6,0,0,0,0,0,0,0
diplomat,hard,7,7,0,0,0,0,0,0,0
diplomat,hard,7,8,0,0,0,0,0,0,0
diplomat,hard,7,9,0,0,0,0,0,0,0
diplomat,hard,7,10,0,0,0,0,0,0,0
diplomat,hard,7,11,0,0,0,0,0,0,0
diplomat,hard,7,12,0,0,0,0,0,0,0
diplomat,hard,7,13,0,0,0,0,0,0,0
diplomat,hard,7,14,0,0,0,0,0,0,0
diplomat,hard,7,15,0,0,0,0,0,0,0
diplomat,hard,7,16,0,0,0,0,0,0,0
diplomat,hard,7,17,0,0,0,0,0,0,0
diplomat,hard,7,18,0,0,0,0,0,0,0
diplomat,hard,7,19,0,0,0,0,0,0,0
diplomat,hard,7,20,0,0,0,0,0,0,0
diplomat,hard,7,21,0,0,0,0,0,0,0
diplomat,hard,7,22,0,0,0,0,0,0,0
diplomat,hard,7,23,0,0,0,0,0,0,0
diplomat,hard,7,24,0,0,0,0,0,0,0
diplomat,hard,7,25,0,0,0,0,0,0,0
diplomat,hard,7,26,0,0,0,0,0,0,0
diplomat,hard,7,27,0,0,0,0,0,0,0
diplomat,hard,19,1,36,0,0,0,0,0,0
diplomat,hard,19,2,36,0,0,0,0,0,0
diplomat,hard,19,3,36,0,0,0,0,0,0
diplomat,hard,19,4,33,0,0,0,0,0,0
diplomat,hard,19,5,31,0,0,0,0,0,0
diplomat,hard,19,6,31,0,0,0,0,0,0
diplomat,hard,19,7,31,0,0,0,0,0,0
diplomat,hard,19,8,31,0,0,0,0,0,0
diplomat,hard,19,9,3,0,0,0,0,0,0
diplomat,hard,19,10,3,0,0,0,0,0,0
diplomat,hard,19,11,0,0,0,0,0,0,0
diplomat,hard,19,12,0,0,0,0,0,0,0
diplomat,hard,19,13,0,0,0,0,0,0,0
diplomat,hard,19,14,0,0,0,0,0,0,0
diplomat,hard,19,15,0,0,0,0,0,0,0
diplomat,hard,19,16,0,0,0,0,0,0,0
diplomat,hard,19,17,0,0,0,0,0,0,0
diplomat,hard,19,18,0,0,0,0,0,0,0
diplomat,hard,19,19,0,0,0,0,0,0,0
diplomat,hard,19,20,0,0,0,0,0,0,0
diplomat,hard,19,21,0,0,0,0,0,0,0
diplomat,hard,19,22,0,0,0,0,0,0,0
diplomat,hard,19,23,0,0,0,0,0,0,0
diplomat,hard,19,24,0,0,0,0,0,0,0
diplomat,hard,19,25,0,0,0,0,0,0,0
diplomat,hard,19,26,0,0,0,0,0,0,0
diplomat,hard,19,27,0,0,0,0,0,0,0
diplomat,hard,19,28,0,0,0,0,0,0,0
diplomat,hard,19,29,0,0,0,0,0,0,0
diplomat,hard,19,30,0,0,0,0,0,0,0
diplomat,hard,19,31,0,0,0,0,0,0,0
diplomat,hard,19,32,0,0,0,0,0,0,0
diplomat,hard,19,33,0,0,0,0,0,0,0
diplomat,hard,19,34,0,0,0,0,0,0,0
diplomat,hard,19,35,0,0,0,0,0,0,0
diplomat,hard,19,36,0,0,0,0,0,0,0
diplomat,hard,19,37,0,0,0,0,0,0,0
diplomat,hard,19,38,0,0,0,0,0,0,0
diplomat,hard,19,39,0,0,0,0,0,0,0
diplomat,hard,19,40,0,0,0,0,0,0,0
diplomat,hard,19,41,0,0,0,0,0,0,0
diplomat,hard,19,42,0,0,0,0,0,0,0
diplomat,hard,19,43,0,0,0,0,0,0,0
diplomat,hard,19,44,0,0,0,0,0,0,0
diplomat,hard,19,45,0,0,0,0,0,0,0
diplomat,hard,19,46,0,0,0,0,0,0,0
diplomat,hard,19,47,0,0,0,0,0,0,0
diplomat,hard,19,48,0,0,0,0,0,0,0
diplomat,hard,19,49,0,0,0,0,0,0,0
diplomat,hard,19,50,0,0,0,0,0,0,0
diplomat,hard,19,51,0,0,0,0,0,0,0
diplomat,hard,19,52,0,0,0,0,0,0,0
diplomat,hard,19,53,0,0,0,0,0,0,0
diplomat,hard,19,54,0,0,0,0,0,0,0
diplomat,hard,19,55,0,0,0,0,0,0,0
diplomat,hard,19,56,0,0,0,0,0,0,0
diplomat,hard,19,57,0,0,0,0,0,0,0
diplomat,hard,19,58,0,0,0,0,0,0,0
diplomat,hard,19,59,0,0,0,0,0,0,0
diplomat,hard,19,60,0,0,0,0,0,0,0
diplomat,hard,19,61,0,0,0,0,0,0,0
diplomat,hard,19,62,0,0,0,0,0,0,0
diplomat,hard,19,63,0,0,0,0,0,0,0
diplomat,hard,19,64,0,0,0,0,0,0,0
diplomat,hard,19,65,0,0,0,0,0,0,0
diplomat,hard,19,66,0,0,0,0,0,0,0
diplomat,hard,19,67,0,0,0,0,0,0,0
diplomat,hard,19,68,0,0,0,0,0,0,0
diplomat,hard,19,69,0,0,0,0,0,0,0
diplomat,hard,19,70,0,0,0,0,0,0,0
diplomat,hard,19,71,0,0,0,0,0,0,0
diplomat,hard,19,72,0,0,0,0,0,0,0
diplomat,hard,19,73,0,0,0,0,0,0,0
diplomat,hard,19,74,0,0,0,0,0,0,0
diplomat,hard,19,75,0,0,0,0,0,0,0
diplomat,hard,19,76,0,0,0,0,0,0,0
diplomat,hard,19,77,0,0,0,0,0,0,0
diplomat,hard,19,78,0,0,0,0,0,0,0
diplomat,hard,19,79,0,0,0,0,0,0,0
diplomat,hard,19,80,0,0,0,0,0,0,0
diplomat,hard,19,81,0,0,0,0,0,0,0
diplomat,hard,19,82,0,0,0,0,0,0,0
diplomat,hard,19,83,0,0,0,0,0,0,0
diplomat,hard,19,84,0,0,0,0,0,0,0
diplomat,hard,19,85,0,0,0,0,0,0,0
diplomat,hard,19,86,0,0,0,0,0,0,0
diplomat,hard,19,87,0,0,0,0,0,0,0
diplomat,hard,19,88,0,0,0,0,0,0,0
diplomat,hard,19,89,0,0,0,0,0,0,0
diplomat,hard,19,90,0,0,0,0,0,0,0
diplomat,hard,19,91,0,0,0,0,0,0,0
diplomat,hard,19,92,0,0,0,0,0,0,0
diplomat,hard,19,93,0,0,0,0,0,0,0
diplomat,hard,19,94,0,0,0,0,0,0,0
diplomat,hard,19,95,0,0,0,0,0,0,0
diplomat,hard,19,96,0,0,0,0,0,0,0
diplomat,hard,19,97,0,0,0,0,0,0,0
diplomat,hard,19,98,0,0,0,0,0,0,0
diplomat,hard,19,99,0,0,0,0,0,0,0
diplomat,hard,19,100,0,0,0,0,0,0,0
diplomat,hard,42,1,29,0,0,0,0,0,0
diplomat,hard,42,2,29,0,0,0,0,0,0
diplomat,hard,42,3,29,0,0,0,0,0,0
diplomat,hard,42,4,29,0,0,0,0,0,0
diplomat,hard,42,5,29,0,0,0,0,0,0
diplomat,hard,42,6,28,0,0,0,0,0,0
diplomat,hard,42,7,24,0,0,0,0,0,0
diplomat,hard,42,8,23,0,0,0,0,0,0
diplomat,hard,42,9,23,0,0,0,0,0,0
diplomat,hard,42,10,23,0,0,0,0,0,0
diplomat,hard,42,11,23,0,0,0,0,0,0
diplomat,hard,42,12,23,0,0,0,0,0,0
diplomat,hard,42,13,23,0,0,0,0,0,0
diplomat,hard,42,14,23,0,0,0,0,0,0
diplomat,hard,42,15,23,0,0,0,0,0,0
diplomat,hard,42,16,23,0,0,0,0,0,0
diplomat,hard,42,17,23,0,0,0,0,0,0
diplomat,hard,42,18,23,0,0,0,0,0,0
diplomat,hard,42,19,23,0,0,0,0,0,0
diplomat,hard,42,20,23,0,0,0,0,0,0
diplomat,hard,42,21,23,0,0,0,0,0,0
diplomat,hard,42,22,22,0,0,0,0,0,0
diplomat,hard,42,23,22,0,0,0,0,0,0
diplomat,hard,42,24,22,0,0,0,0,0,0
diplomat,hard,42,25,22,0,0,0,0,0,0
diplomat,hard,42,26,22,0,0,0,0,0,0
diplomat,hard,42,27,22,0,0,0,0,0,0
diplomat,hard,42,28,22,0,0,0,0,0,0
diplomat,hard,42,29,22,0,0,0,0,0,0
diplomat,hard,42,30,22,0,0,0,0,0,0
diplomat,hard,42,31,22,0,0,0,0,0,0
diplomat,hard,42,32,22,0,0,0,0,0,0
diplomat,hard,42,33,22,0,0,0,0,0,0
diplomat,hard,42,34,22,0,0,0,0,0,0
diplomat,hard,42,35,22,0,0,0,0,0,0
diplomat,hard,42,36,22,0,0,0,0,0,0
diplomat,hard,42,37,22,0,0,0,0,0,0
diplomat,hard,42,38,22,0,0,0,0,0,0
diplomat,hard,42,39,22,0,0,0,0,0,0
diplomat,hard,42,40,22,0,0,0,0,0,0
diplomat,hard,42,41,22,0,0,0,0,0,0
diplomat,hard,42,42,21,0,0,0,0,0,0
diplomat,hard,42,43,21,0,0,0,0,0,0
diplomat,hard,42,44,21,0,0,0,0,0,0
diplomat,hard,42,45,21,0,0,0,0,0,0
diplomat,hard,42,46,21,0,0,0,0,0,0
diplomat,hard,42,47,21,0,0,0,0,0,0
diplomat,hard,42,48,21,0,0,0,0,0,0
diplomat,hard,42,49,21,0,0,0,0,0,0
diplomat,hard,42,50,21,0,0,0,0,0,0
diplomat,hard,42,51,21,0,0,0,0,0,0
diplomat,hard,42,52,21,0,0,0,0,0,0
diplomat,hard,42,53,21,0,0,0,0,0,0
diplomat,hard,42,54,21,0,0,0,0,0,0
diplomat,hard,42,55,21,0,0,0,0,0,0
diplomat,hard,42,56,21,0,0,0,0,0,0
diplomat,hard,42,57,21,0,0,0,0,0,0
diplomat,hard,42,58,21,0,0,0,0,0,0
diplomat,hard,42,59,21,0,0,0,0,0,0
diplomat,hard,42,60,21,0,0,0,0,0,0
diplomat,hard,42,61,21,0,0,0,0,0,0
diplomat,hard,42,62,20,0,0,0,0,0,0
diplomat,hard,42,63,20,0,0,0,0,0,0
diplomat,hard,42,64,20,0,0,0,0,0,0
diplomat,hard,42,65,20,0,0,0,0,0,0
diplomat,hard,42,66,20,0,0,0,0,0,0
diplomat,hard,42,67,20,0,0,0,0,0,0
diplomat,hard,42,68,20,0,0,0,0,0,0
diplomat,hard,42,69,20,0,0,0,0,0,0
diplomat,hard,42,70,20,0,0,0,0,0,0
diplomat,hard,42,71,20,0,0,0,0,0,0
diplomat,hard,42,72,20,0,0,0,0,0,0
diplomat,hard,42,73,20,0,0,0,0,0,0
diplomat,hard,42,74,20,0,0,0,0,0,0
diplomat,hard,42,75,20,0,0,0,0,0,0
diplomat,hard,42,76,20,0,0,0,0,0,0
diplomat,hard,42,77,20,0,0,0,0,0,0
diplomat,hard,42,78,20,0,0,0,0,0,0
diplomat,hard,42,79,20,0,0,0,0,0,0
diplomat,hard,42,80,20,0,0,0,0,0,0
diplomat,hard,42,81,20,0,0,0,0,0,0
diplomat,hard,42,82,20,0,0,0,0,0,0
diplomat,hard,42,83,20,0,0,0,0,0,0
diplomat,hard,42,84,20,0,0,0,0,0,0
diplomat,hard,42,85,20,0,0,0,0,0,0
diplomat,hard,42,86,20,0,0,0,0,0,0
diplomat,hard,42,87,20,0,0,0,0,0,0
diplomat,hard,42,88,20,0,0,0,0,0,0
diplomat,hard,42,89,20,0,0,0,0,0,0
diplomat,hard,42,90,20,0,0,0,0,0,0
diplomat,hard,42,91,20,0,0,0,0,0,0
diplomat,hard,42,92,20,0,0,0,0,0,0
diplomat,hard,42,93,20,0,0,0,0,0,0
diplomat,hard,42,94,20,0,0,0,0,0,0
diplomat,hard,42,95,20,0,0,0,0,0,0
diplomat,hard,42,96,20,0,0,0,0,0,0
diplomat,hard,42,97,20,0,0,0,0,0,0
diplomat,hard,42,98,20,0,0,0,0,0,0
diplomat,hard,42,99,20,0,0,0,0,0,0
diplomat,hard,42,100,20,0,0,0,0,0,0
spymaster,hard,7,1,2,0,0,0,0,0,0
spymaster,hard,7,2,2,0,0,0,0,0,0
spymaster,hard,7,3,2,0,0,0,0,0,0
spymaster,hard,7,4,0,0,0,0,0,0,0
spymaster,hard,7,5,0,0,0,0,0,0,0
spymaster,hard,7,6,0,0,0,0,0,0,0
spymaster,hard,7,7,0,0,0,0,0,0,0
spymaster,hard,7,8,0,0,0,0,0,0,0
spymaster,hard,7,9,0,0,0,0,0,0,0
spymaster,hard,7,10,0,0,0,0,0,0,0
spymaster,hard,7,11,0,0,0,0,0,0,0
spymaster,hard,7,12,0,0,0,0,0,0,0
spymaster,hard,7,13,0,0,0,0,0,0,0
spymaster,hard,7,14,0,0,0,0,0,0,0
spymaster,hard,7,15,0,0,0,0,0,0,0
spymaster,hard,7,16,0,0,0,0,0,0,0
spymaster,hard,7,17,0,0,0,0,0,0,0
spymaster,hard,7,18,0,0,0,0,0,0,0
spymaster,hard,7,19,0,0,0,0,0,0,0
spymaster,hard,7,20,0,0,0,0,0,0,0
spymaster,hard,7,21,0,0,0,0,0,0,0
spymaster,hard,7,22,0,0,0,0,0,0,0
spymaster,hard,7,23,0,0,0,0,0,0,0
spymaster,hard,7,24,0,0,0,0,0,0,0
spymaster,hard,7,25,0,0,0,0,0,0,0
spymaster,hard,7,26,0,0,0,0,0,0,0
spymaster,hard,7,27,0,0,0,0,0,0,0
spymaster,hard,19,1,36,0,0,0,0,0,0
spymaster,hard,19,2,36,0,0,0,0,0,0
spymaster,hard,19,3,36,0,0,0,0,0,0
spymaster,hard,19,4,36,0,0,0,0,0,0
spymaster,hard,19,5,36,0,0,0,0,0,0
spymaster,hard,19,6,36,0,0,0,0,0,0
spymaster,hard,19,7,36,0,0,0,0,0,0
spymaster,hard,19,8,36,0,0,0,0,0,0
spymaster,hard,19,9,36,0,0,0,0,0,0
spymaster,hard,19,10,36,0,0,0,0,0,0
spymaster,hard,19,11,36,0,0,0,0,0,0
spymaster,hard,19,12,36,0,0,0,0,0,0
spymaster,hard,19,13,36,0,0,0,0,0,0
spymaster,hard,19,14,36,0,0,0,0,0,0
spymaster,hard,19,15,36,0,0,0,0,0,0
spymaster,hard,19,16,36,0,0,0,0,0,0
spymaster,hard,19,17,36,0,0,0,0,0,0
spymaster,hard,19,18,36,0,0,0,0,0,0
spymaster,hard,19,19,36,0,0,0,0,0,0
spymaster,hard,19,20,36,0,0,0,0,0,0
spymaster,hard,19,21,36,0,0,0,0,0,0
spymaster,hard,19,22,36,0,0,0,0,0,0
spymaster,hard,19,23,36,0,0,0,0,0,0
spymaster,hard,19,24,36,0,0,0,0,0,0
spymaster,hard,19,25,36,0,0,0,0,0,0
spymaster,hard,19,26,36,0,0,0,0,0,0
spymaster,hard,19,27,36,0,0,0,0,0,0
spymaster,hard,19,28,36,0,0,0,0,0,0
spymaster,hard,19,29,36,0,0,0,0,0,0
spymaster,hard,19,30,36,0,0,0,0,0,0
spymaster,hard,19,31,28,0,0,0,0,0,0
spymaster,hard,19,32,28,0,0,0,0,0,0
spymaster,hard,19,33,22,0,0,0,0,0,0
spymaster,hard,19,34,2,0,0,0,0,0,0
spymaster,hard,19,35,2,0,0,0,0,0,0
spymaster,hard,19,36,2,0,0,0,0,0,0
spymaster,hard,19,37,0,0,0,0,0,0,0
spymaster,hard,19,38,0,0,0,0,0,0,0
spymaster,hard,19,39,0,0,0,0,0,0,0
spymaster,hard,19,40,0,0,0,0,0,0,0
spymaster,hard,19,41,0,0,0,0,0,0,0
spymaster,hard,19,42,0,0,0,0,0,0,0
spymaster,hard,19,43,0,0,0,0,0,0,0
spymaster,hard,19,44,0,0,0,0,0,0,0
spymaster,hard,19,45,0,0,0,0,0,0,0
spymaster,hard,19,46,0,0,0,0,0,0,0
spymaster,hard,19,47,0,0,0,0,0,0,0
spymaster,hard,19,48,0,0,0,0,0,0,0
spymaster,hard,19,49,0,0,0,0,0,0,0
spymaster,hard,19,50,0,0,0,0,0,0,0
spymaster,hard,19,51,0,0,0,0,0,0,0
spymaster,hard,19,52,0,0,0,0,0,0,0
spymaster,hard,19,53,0,0,0,0,0,0,0
spymaster,hard,19,54,0,0,0,0,0,0,0
spymaster,hard,19,55,0,0,0,0,0,0,0
spymaster,hard,19,56,0,0,0,0,0,0,0
spymaster,hard,19,57,0,0,0,0,0,0,0
spymaster,hard,19,58,0,0,0,0,0,0,0
spymaster,hard,19,59,0,0,0,0,0,0,0
spymaster,hard,19,60,0,0,0,0,0,0,0
spymaster,hard,19,61,0,0,0,0,0,0,0
spymaster,hard,19,62,0,0,0,0,0,0,0
spymaster,hard,19,63,0,0,0,0,0,0,0
spymaster,hard,19,64,0,0,0,0,0,0,0
spymaster,hard,19,65,0,0,0,0,0,0,0
spymaster,hard,19,66,0,0,0,0,0,0,0
spymaster,hard,19,67,0,0,0,0,0,0,0
spymaster,hard,19,68,0,0,0,0,0,0,0
spymaster,hard,19,69,0,0,0,0,0,0,0
spymaster,hard,19,70,0,0,0,0,0,0,0
spymaster,hard,19,71,0,0,0,0,0,0,0
spymaster,hard,19,72,0,0,0,0,0,0,0
spymaster,hard,19,73,0,0,0,0,0,0,0
spymaster,hard,19,74,0,0,0,0,0,0,0
spymaster,hard,19,75,0,0,0,0,0,0,0
spymaster,hard,19,76,0,0,0,0,0,0,0
spymaster,hard,19,77,0,0,0,0,0,0,0
spymaster,hard,19,78,0,0,0,0,0,0,0
spymaster,hard,19,79,0,0,0,0,0,0,0
spymaster,hard,19,80,0,0,0,0,0,0,0
spymaster,hard,19,81,0,0,0,0,0,0,0
spymaster,hard,19,82,0,0,0,0,0,0,0
spymaster,hard,19,83,0,0,0,0,0,0,0
spymaster,hard,19,84,0,0,0,0,0,0,0
spymaster,hard,19,85,0,0,0,0,0,0,0
spymaster,hard,19,86,0,0,0,0,0,0,0
spymaster,hard,19,87,0,0,0,0,0,0,0
spymaster,hard,19,88,0,0,0,0,0,0,0
spymaster,hard,19,89,0,0,0,0,0,0,0
spymaster,hard,19,90,0,0,0,0,0,0,0
spymaster,hard,19,91,0,0,0,0,0,0,0
spymaster,hard,19,92,0,0,0,0,0,0,0
spymaster,hard,19,93,0,0,0,0,0,0,0
spymaster,hard,19,94,0,0,0,0,0,0,0
spymaster,hard,19,95,0,0,0,0,0,0,0
spymaster,hard,19,96,0,0,0,0,0,0,0
spymaster,hard,19,97,0,0,0,0,0,0,0
spymaster,hard,19,98,0,0,0,0,0,0,0
spymaster,hard,19,99,0,0,0,0,0,0,0
spymaster,hard,19,100,0,0,0,0,0,0,0
spymaster,hard,42,1,29,0,0,0,0,0,0
spymaster,hard,42,2,29,0,0,0,0,0,0
spymaster,hard,42,3,29,0,0,0,0,0,0
spymaster,hard,42,4,29,0,0,0,0,0,0
spymaster,hard,42,5,29,0,0,0,0,0,0
spymaster,hard,42,6,29,0,0,0,0,0,0
spymaster,hard,42,7,29,0,0,0,0,0,0
spymaster,hard,42,8,29,0,0,0,0,0,0
spymaster,hard,42,9,29,0,0,0,0,0,0
spymaster,hard,42,10,29,0,0,0,0,0,0
spymaster,hard,42,11,29,0,0,0,0,0,0
spymaster,hard,42,12,25,0,0,0,0,0,0
spymaster,hard,42,13,20,0,0,0,0,0,0
spymaster,hard,42,14,17,0,0,0,0,0,0
spymaster,hard,42,15,16,0,0,0,0,0,0
spymaster,hard,42,16,15,0,0,0,0,0,0
spymaster,hard,42,17,13,0,0,0,0,0,0
spymaster,hard,42,18,10,0,0,0,0,0,0
spymaster,hard,42,19,8,0,0,0,0,0,0
spymaster,hard,42,20,7,0,0,0,0,0,0
spymaster,hard,42,21,7,0,0,0,0,0,0
spymaster,hard,42,22,1,0,0,0,0,0,0
spymaster,hard,42,23,1,0,0,0,0,0,0
spymaster,hard,42,24,0,0,0,0,0,0,0
spymaster,hard,42,25,0,0,0,0,0,0,0
spymaster,hard,42,26,0,0,0,0,0,0,0
spymaster,hard,42,27,0,0,0,0,0,0,0
spymaster,hard,42,28,0,0,0,0,0,0,0
spymaster,hard,42,29,0,0,0,0,0,0,0
spymaster,hard,42,30,0,0,0,0,0,0,0
spymaster,hard,42,31,0,0,0,0,0,0,0
spymaster,hard,42,32,0,0,0,0,0,0,0
spymaster,hard,42,33,0,0,0,0,0,0,0
spymaster,hard,42,34,0,0,0,0,0,0,0
spymaster,hard,42,35,0,0,0,0,0,0,0
spymaster,hard,42,36,0,0,0,0,0,0,0
spymaster,hard,42,37,0,0,0,0,0,0,0
spymaster,hard,42,38,0,0,0,0,0,0,0
spymaster,hard,42,39,0,0,0,0,0,0,0
thalassocrat,hard,7,1,2,0,0,0,0,0,0
thalassocrat,hard,7,2,2,0,0,0,0,0,0
thalassocrat,hard,7,3,2,0,0,0,0,0,0
thalassocrat,hard,7,4,0,0,0,0,0,0,0
thalassocrat,hard,7,5,0,0,0,0,0,0,0
thalassocrat,hard,7,6,0,0,0,0,0,0,0
thalassocrat,hard,7,7,0,0,0,0,0,0,0
thalassocrat,hard,7,8,0,0,0,0,0,0,0
thalassocrat,hard,7,9,0,0,0,0,0,0,0
thalassocrat,hard,7,10,0,0,0,0,0,0,0
thalassocrat,hard,7,11,0,0,0,0,0,0,0
thalassocrat,hard,7,12,0,0,0,0,0,0,0
thalassocrat,hard,7,13,0,0,0,0,0,0,0
thalassocrat,hard,7,14,0,0,0,0,0,0,0
thalassocrat,hard,7,15,0,0,0,0,0,0,0
thalassocrat,hard,7,16,0,0,0,0,0,0,0
thalassocrat,hard,7,17,0,0,0,0,0,0,0
thalassocrat,hard,7,18,0,0,0,0,0,0,0
thalassocrat,hard,7,19,0,0,0,0,0,0,0
thalassocrat,hard,7,20,0,0,0,0,0,0,0
thalassocrat,hard,7,21,0,0,0,0,0,0,0
thalassocrat,hard,7,22,0,0,0,0,0,0,0
thalassocrat,hard,7,23,0,0,0,0,0,0,0
thalassocrat,hard,7,24,0,0,0,0,0,0,0
thalassocrat,hard,7,25,0,0,0,0,0,0,0
thalassocrat,hard,7,26,0,0,0,0,0,0,0
thalassocrat,hard,19,1,36,0,0,0,0,0,0
thalassocrat,hard,19,2,35,0,0,0,0,0,0
thalassocrat,hard,19,3,35,0,0,0,0,0,0
thalassocrat,hard,19,4,32,0,0,0,0,0,0
thalassocrat,hard,19,5,30,0,0,0,0,0,0
thalassocrat,hard,19,6,30,0,0,0,0,0,0
thalassocrat,hard,19,7,29,0,0,0,0,0,0
thalassocrat,hard,19,8,28,0,0,0,0,0,0
thalassocrat,hard,19,9,3,0,0,0,0,0,0
thalassocrat,hard,19,10,3,0,0,0,0,0,0
thalassocrat,hard,19,11,0,0,0,0,0,0,0
thalassocrat,hard,19,12,0,0,0,0,0,0,0
thalassocrat,hard,19,13,0,0,0,0,0,0,0
thalassocrat,hard,19,14,0,0,0,0,0,0,0
thalassocrat,hard,19,15,0,0,0,0,0,0,0
thalassocrat,hard,19,16,0,0,0,0,0,0,0
thalassocrat,hard,19,17,0,0,0,0,0,0,0
thalassocrat,hard,19,18,0,0,0,0,0,0,0
thalassocrat,hard,19,19,0,0,0,0,0,0,0
thalassocrat,hard,19,20,0,0,0,0,0,0,0
thalassocrat,hard,19,21,0,0,0,0,0,0,0
thalassocrat,hard,19,22,0,0,0,0,0,0,0
thalassocrat,hard,19,23,0,0,0,0,0,0,0
thalassocrat,hard,19,24,0,0,0,0,0,0,0
thalassocrat,hard,19,25,0,0,0,0,0,0,0
thalassocrat,hard,19,26,0,0,0,0,0,0,0
thalassocrat,hard,19,27,0,0,0,0,0,0,0
thalassocrat,hard,19,28,0,0,0,0,0,0,0
thalassocrat,hard,19,29,0,0,0,0,0,0,0
thalassocrat,hard,19,30,0,0,0,0,0,0,0
thalassocrat,hard,19,31,0,0,0,0,0,0,0
thalassocrat,hard,19,32,0,0,0,0,0,0,0
thalassocrat,hard,19,33,0,0,0,0,0,0,0
thalassocrat,hard,19,34,0,0,0,0,0,0,0
thalassocrat,hard,19,35,0,0,0,0,0,0,0
thalassocrat,hard,19,36,0,0,0,0,0,0,0
thalassocrat,hard,19,37,0,0,0,0,0,0,0
thalassocrat,hard,19,38,0,0,0,0,0,0,0
thalassocrat,hard,19,39,0,0,0,0,0,0,0
thalassocrat,hard,19,40,0,0,0,0,0,0,0
thalassocrat,hard,19,41,0,0,0,0,0,0,0
thalassocrat,hard,19,42,0,0,0,0,0,0,0
thalassocrat,hard,19,43,0,0,0,0,0,0,0
thalassocrat,hard,19,44,0,0,0,0,0,0,0
thalassocrat,hard,19,45,0,0,0,0,0,0,0
thalassocrat,hard,19,46,0,0,0,0,0,0,0
thalassocrat,hard,19,47,0,0,0,0,0,0,0
thalassocrat,hard,19,48,0,0,0,0,0,0,0
thalassocrat,hard,19,49,0,0,0,0,0,0,0
thalassocrat,hard,19,50,0,0,0,0,0,0,0
thalassocrat,hard,19,51,0,0,0,0,0,0,0
thalassocrat,hard,19,52,0,0,0,0,0,0,0
thalassocrat,hard,19,53,0,0,0,0,0,0,0
thalassocrat,hard,19,54,0,0,0,0,0,0,0
thalassocrat,hard,19,55,0,0,0,0,0,0,0
thalassocrat,hard,19,56,0,0,0,0,0,0,0
thalassocrat,hard,19,57,0,0,0,0,0,0,0
thalassocrat,hard,19,58,0,0,0,0,0,0,0
thalassocrat,hard,19,59,0,0,0,0,0,0,0
thalassocrat,hard,19,60,0,0,0,0,0,0,0
thalassocrat,hard,19,61,0,0,0,0,0,0,0
thalassocrat,hard,19,62,0,0,0,0,0,0,0
thalassocrat,hard,19,63,0,0,0,0,0,0,0
thalassocrat,hard,19,64,0,0,0,0,0,0,0
thalassocrat,hard,19,65,0,0,0,0,0,0,0
thalassocrat,hard,19,66,0,0,0,0,0,0,0
thalassocrat,hard,19,67,0,0,0,0,0,0,0
thalassocrat,hard,19,68,0,0,0,0,0,0,0
thalassocrat,hard,19,69,0,0,0,0,0,0,0
thalassocrat,hard,19,70,0,0,0,0,0,0,0
thalassocrat,hard,19,71,0,0,0,0,0,0,0
thalassocrat,hard,19,72,0,0,0,0,0,0,0
thalassocrat,hard,19,73,0,0,0,0,0,0,0
thalassocrat,hard,19,74,0,0,0,0,0,0,0
thalassocrat,hard,19,75,0,0,0,0,0,0,0
thalassocrat,hard,19,76,0,0,0,0,0,0,0
thalassocrat,hard,19,77,0,0,0,0,0,0,0
thalassocrat,hard,19,78,0,0,0,0,0,0,0
thalassocrat,hard,19,79,0,0,0,0,0,0,0
thalassocrat,hard,19,80,0,0,0,0,0,0,0
thalassocrat,hard,19,81,0,0,0,0,0,0,0
thalassocrat,hard,19,82,0,0,0,0,0,0,0
thalassocrat,hard,19,83,0,0,0,0,0,0,0
thalassocrat,hard,19,84,0,0,0,0,0,0,0
thalassocrat,hard,19,85,0,0,0,0,0,0,0
thalassocrat,hard,19,86,0,0,0,0,0,0,0
thalassocrat,hard,19,87,0,0,0,0,0,0,0
thalassocrat,hard,19,88,0,0,0,0,0,0,0
thalassocrat,hard,19,89,0,0,0,0,0,0,0
thalassocrat,hard,19,90,0,0,0,0,0,0,0
thalassocrat,hard,19,91,0,0,0,0,0,0,0
thalassocrat,hard,19,92,0,0,0,0,0,0,0
thalassocrat,hard,19,93,0,0,0,0,0,0,0
thalassocrat,hard,19,94,0,0,0,0,0,0,0
thalassocrat,hard,19,95,0,0,0,0,0,0,0
thalassocrat,hard,19,96,0,0,0,0,0,0,0
thalassocrat,hard,19,97,0,0,0,0,0,0,0
thalassocrat,hard,19,98,0,0,0,0,0,0,0
thalassocrat,hard,19,99,0,0,0,0,0,0,0
thalassocrat,hard,19,100,0,0,0,0,0,0,0
thalassocrat,hard,42,1,29,0,0,0,0,0,0
thalassocrat,hard,42,2,29,0,0,0,0,0,0
thalassocrat,hard,42,3,29,0,0,0,0,0,0
thalassocrat,hard,42,4,29,0,0,0,0,0,0
thalassocrat,hard,42,5,28,0,0,0,0,0,0
thalassocrat,hard,42,6,26,0,0,0,0,0,0
thalassocrat,hard,42,7,19,0,0,0,0,0,0
thalassocrat,hard,42,8,19,0,0,0,0,0,0
thalassocrat,hard,42,9,19,0,0,0,0,0,0
thalassocrat,hard,42,10,18,0,0,0,0,0,0
thalassocrat,hard,42,11,16,0,0,0,0,0,0
thalassocrat,hard,42,12,13,0,0,0,0,0,0
thalassocrat,hard,42,13,10,0,0,0,0,0,0
thalassocrat,hard,42,14,9,0,0,0,0,0,0
thalassocrat,hard,42,15,7,0,0,0,0,0,0
thalassocrat,hard,42,16,7,0,0,0,0,0,0
thalassocrat,hard,42,17,7,0,0,0,0,0,0
thalassocrat,hard,42,18,6,0,0,0,0,0,0
thalassocrat,hard,42,19,6,0,0,0,0,0,0
thalassocrat,hard,42,20,6,0,0,0,0,0,0
thalassocrat,hard,42,21,6,0,0,0,0,0,0
thalassocrat,hard,42,22,6,0,0,0,0,0,0
thalassocrat,hard,42,23,6,0,0,0,0,0,0
thalassocrat,hard,42,24,6,0,0,0,0,0,0
thalassocrat,hard,42,25,6,0,0,0,0,0,0
thalassocrat,hard,42,26,6,0,0,0,0,0,0
thalassocrat,hard,42,27,6,0,0,0,0,0,0
thalassocrat,hard,42,28,6,0,0,0,0,0,0
thalassocrat,hard,42,29,6,0,0,0,0,0,0
thalassocrat,hard,42,30,6,0,0,0,0,0,0
thalassocrat,hard,42,31,6,0,0,0,0,0,0
thalassocrat,hard,42,32,6,0,0,0,0,0,0
thalassocrat,hard,42,33,6,0,0,0,0,0,0
thalassocrat,hard,42,34,6,0,0,0,0,0,0
thalassocrat,hard,42,35,6,0,0,0,0,0,0
thalassocrat,hard,42,36,6,0,0,0,0,0,0
thalassocrat,hard,42,37,6,0,0,0,0,0,0
thalassocrat,hard,42,38,6,0,0,0,0,0,0
thalassocrat,hard,42,39,6,0,0,0,0,0,0
thalassocrat,hard,42,40,6,0,0,0,0,0,0
thalassocrat,hard,42,41,6,0,0,0,0,0,0
thalassocrat,hard,42,42,6,0,0,0,0,0,0
thalassocrat,hard,42,43,6,0,0,0,0,0,0
thalassocrat,hard,42,44,1,0,0,0,0,0,0
thalassocrat,hard,42,45,1,0,0,0,0,0,0
thalassocrat,hard,42,46,1,0,0,0,0,0,0
thalassocrat,hard,42,47,0,0,0,0,0,0,0
thalassocrat,hard,42,48,0,0,0,0,0,0,0
thalassocrat,hard,42,49,0,0,0,0,0,0,0
thalassocrat,hard,42,50,0,0,0,0,0,0,0
thalassocrat,hard,42,51,0,0,0,0,0,0,0
thalassocrat,hard,42,52,0,0,0,0,0,0,0
thalassocrat,hard,42,53,0,0,0,0,0,0,0
thalassocrat,hard,42,54,0,0,0,0,0,0,0
thalassocrat,hard,42,55,0,0,0,0,0,0,0
thalassocrat,hard,42,56,0,0,0,0,0,0,0
thalassocrat,hard,42,57,0,0,0,0,0,0,0
thalassocrat,hard,42,58,0,0,0,0,0,0,0
thalassocrat,hard,42,59,0,0,0,0,0,0,0
thalassocrat,hard,42,60,0,0,0,0,0,0,0
thalassocrat,hard,42,61,0,0,0,0,0,0,0
thalassocrat,hard,42,62,0,0,0,0,0,0,0
thalassocrat,hard,42,63,0,0,0,0,0,0,0
thalassocrat,hard,42,64,0,0,0,0,0,0,0
thalassocrat,hard,42,65,0,0,0,0,0,0,0
thalassocrat,hard,42,66,0,0,0,0,0,0,0
thalassocrat,hard,42,67,0,0,0,0,0,0,0
thalassocrat,hard,42,68,0,0,0,0,0,0,0
thalassocrat,hard,42,69,0,0,0,0,0,0,0
thalassocrat,hard,42,70,0,0,0,0,0,0,0
thalassocrat,hard,42,71,0,0,0,0,0,0,0
thalassocrat,hard,42,72,0,0,0,0,0,0,0
thalassocrat,hard,42,73,0,0,0,0,0,0,0
thalassocrat,hard,42,74,0,0,0,0,0,0,0
thalassocrat,hard,42,75,0,0,0,0,0,0,0
thalassocrat,hard,42,76,0,0,0,0,0,0,0
thalassocrat,hard,42,77,0,0,0,0,0,0,0
thalassocrat,hard,42,78,0,0,0,0,0,0,0
thalassocrat,hard,42,79,0,0,0,0,0,0,0
thalassocrat,hard,42,80,0,0,0,0,0,0,0
thalassocrat,hard,42,81,0,0,0,0,0,0,0
thalassocrat,hard,42,82,0,0,0,0,0,0,0
thalassocrat,hard,42,83,0,0,0,0,0,0,0
thalassocrat,hard,42,84,0,0,0,0,0,0,0
thalassocrat,hard,42,85,0,0,0,0,0,0,0
thalassocrat,hard,42,86,0,0,0,0,0,0,0
thalassocrat,hard,42,87,0,0,0,0,0,0,0
thalassocrat,hard,42,88,0,0,0,0,0,0,0
thalassocrat,hard,42,89,0,0,0,0,0,0,0
thalassocrat,hard,42,90,0,0,0,0,0,0,0
thalassocrat,hard,42,91,0,0,0,0,0,0,0
thalassocrat,hard,42,92,0,0,0,0,0,0,0
thalassocrat,hard,42,93,0,0,0,0,0,0,0
thalassocrat,hard,42,94,0,0,0,0,0,0,0
thalassocrat,hard,42,95,0,0,0,0,0,0,0
thalassocrat,hard,42,96,0,0,0,0,0,0,0
thalassocrat,hard,42,97,0,0,0,0,0,0,0
thalassocrat,hard,42,98,0,0,0,0,0,0,0
thalassocrat,hard,42,99,0,0,0,0,0,0,0
thalassocrat,hard,42,100,0,0,0,0,0,0,0
slaver,hard,7,1,107,2,2,0,0,0,11
slaver,hard,7,2,180,2,2,0,0,0,19
slaver,hard,7,3,230,2,2,0,0,0,19
slaver,hard,7,4,220,2,2,0,0,0,19
slaver,hard,7,5,245,2,2,0,0,0,19
slaver,hard,7,6,245,2,2,0,0,0,19
slaver,hard,7,7,270,2,2,0,0,0,19
slaver,hard,7,8,270,2,2,0,0,0,19
slaver,hard,7,9,295,2,2,0,0,0,19
slaver,hard,7,10,345,2,2,0,0,0,19
slaver,hard,7,11,395,2,2,0,0,0,19
slaver,hard,7,12,395,2,2,0,0,0,19
slaver,hard,7,13,395,2,2,0,0,0,19
slaver,hard,7,14,395,2,2,0,0,0,19
slaver,hard,7,15,389,2,2,0,0,0,19
slaver,hard,7,16,347,2,2,0,0,0,19
slaver,hard,7,17,293,2,2,0,0,0,19
slaver,hard,7,18,147,2,2,0,0,0,19
slaver,hard,7,19,94,2,2,0,0,0,19
slaver,hard,7,20,37,1,1,0,0,0,19
slaver,hard,7,21,2,1,1,0,0,0,19
slaver,hard,7,22,51,0,0,0,0,0,19
slaver,hard,7,23,46,0,0,0,0,0,19
slaver,hard,7,24,46,0,0,0,0,0,19
slaver,hard,7,25,46,0,0,0,0,0,19
slaver,hard,7,26,64,1,1,0,0,0,19
slaver,hard,7,27,35,1,1,0,0,0,19
slaver,hard,7,28,35,1,1,0,0,0,19
slaver,hard,7,29,51,1,1,0,0,0,19
slaver,hard,7,30,26,1,1,0,0,0,19
slaver,hard,7,31,18,0,0,0,0,0,19
slaver,hard,7,32,68,1,1,0,0,0,19
slaver,hard,7,33,165,2,2,0,0,0,19
slaver,hard,7,34,259,2,2,0,0,0,19
slaver,hard,7,35,359,2,2,0,0,0,19
slaver,hard,7,36,459,2,2,0,0,0,19
slaver,hard,7,37,559,2,2,0,0,0,19
slaver,hard,7,38,659,2,2,0,0,0,19
slaver,hard,7,39,759,2,2,0,0,0,19
slaver,hard,7,40,859,2,2,0,0,0,19
slaver,hard,7,41,959,2,2,0,0,0,19
slaver,hard,7,42,1059,2,2,0,0,0,19
slaver,hard,7,43,1047,2,2,0,0,0,19
slaver,hard,7,44,1056,2,2,0,0,0,19
slaver,hard,7,45,1131,2,2,0,0,0,19
slaver,hard,7,46,1181,2,2,0,0,0,19
slaver,hard,7,47,1281,2,2,0,0,0,19
slaver,hard,7,48,1381,2,2,0,0,0,19
slaver,hard,7,49,1456,2,2,0,0,0,19
slaver,hard,7,50,1506,2,2,0,0,0,19
slaver,hard,7,51,1556,2,2,0,0,0,19
slaver,hard,7,52,1606,2,2,0,0,0,19
slaver,hard,7,53,1656,2,2,0,0,0,19
slaver,hard,7,54,1681,2,2,0,0,0,19
slaver,hard,7,55,1681,2,2,0,0,0,19
slaver,hard,7,56,1781,2,2,0,0,0,19
slaver,hard,7,57,1876,2,2,0,0,0,19
slaver,hard,7,58,1916,2,2,0,0,0,19
slaver,hard,7,59,1916,2,2,0,0,0,19
slaver,hard,7,60,1864,2,2,0,0,0,19
slaver,hard,7,61,1437,2,2,0,0,0,19
slaver,hard,7,62,1301,2,2,0,0,0,19
slaver,hard,7,63,1301,2,2,0,0,0,19
slaver,hard,7,64,1341,2,2,0,0,0,19
slaver,hard,7,65,1361,2,2,0,0,0,19
slaver,hard,7,66,1361,2,2,0,0,0,19
slaver,hard,7,67,1257,2,2,0,0,0,19
slaver,hard,7,68,912,2,2,0,0,0,19
slaver,hard,7,69,724,2,2,0,0,0,19
slaver,hard,7,70,645,2,2,0,0,0,19
slaver,hard,7,71,539,2,2,0,0,0,19
slaver,hard,7,72,424,2,2,0,0,0,19
slaver,hard,7,73,444,2,2,0,0,0,19
slaver,hard,7,74,444,2,2,0,0,0,19
slaver,hard,7,75,484,2,2,0,0,0,19
slaver,hard,7,76,504,2,2,0,0,0,19
slaver,hard,7,77,465,2,2,0,0,0,19
slaver,hard,7,78,495,2,2,0,0,0,19
slaver,hard,7,79,515,2,2,0,0,0,19
slaver,hard,7,80,575,2,2,0,0,0,19
slaver,hard,7,81,615,2,2,0,0,0,19
slaver,hard,7,82,655,2,2,0,0,0,19
slaver,hard,7,83,655,2,2,0,0,0,19
slaver,hard,7,84,715,2,2,0,0,0,19
slaver,hard,7,85,715,2,2,0,0,0,19
slaver,hard,7,86,595,2,2,0,0,0,19
slaver,hard,7,87,459,2,2,0,0,0,19
slaver,hard,7,88,367,2,2,0,0,0,19
slaver,hard,7,89,367,2,2,0,0,0,19
slaver,hard,7,90,338,2,2,0,0,0,19
slaver,hard,19,1,110,2,2,0,0,0,13
slaver,hard,19,2,207,2,2,0,0,0,26
slaver,hard,19,3,307,2,2,0,0,0,26
slaver,hard,19,4,407,2,2,0,0,0,26
slaver,hard,19,5,432,2,2,0,0,0,26
slaver,hard,19,6,432,2,2,0,0,0,26
slaver,hard,19,7,432,2,2,0,0,0,26
slaver,hard,19,8,432,2,2,0,0,0,26
slaver,hard,19,9,419,2,2,0,0,0,26
slaver,hard,19,10,469,2,2,0,0,0,26
slaver,hard,19,11,544,2,2,0,0,0,26
slaver,hard,19,12,569,2,2,0,0,0,26
slaver,hard,19,13,669,2,2,0,0,0,26
slaver,hard,19,14,694,2,2,0,0,0,26
slaver,hard,19,15,694,2,2,0,0,0,26
slaver,hard,19,16,694,2,2,0,0,0,26
slaver,hard,19,17,719,2,2,0,0,0,26
slaver,hard,19,18,769,2,2,0,0,0,26
slaver,hard,19,19,819,2,2,0,0,0,26
slaver,hard,19,20,819,2,2,0,0,0,26
slaver,hard,19,21,844,2,2,0,0,0,26
slaver,hard,19,22,894,2,2,0,0,0,26
slaver,hard,19,23,969,2,2,0,0,0,26
slaver,hard,19,24,994,2,2,0,0,0,26
slaver,hard,19,25,1019,2,2,0,0,0,26
slaver,hard,19,26,1044,2,2,0,0,0,26
slaver,hard,19,27,1069,2,2,0,0,0,26
slaver,hard,19,28,1119,2,2,0,0,0,26
slaver,hard,19,29,1078,1,1,0,0,0,26
slaver,hard,19,30,1021,2,2,0,0,0,27
slaver,hard,19,31,906,2,2,0,0,0,45
slaver,hard,19,32,796,2,2,0,0,0,45
slaver,hard,19,33,774,2,2,0,0,0,45
slaver,hard,19,34,874,2,2,0,0,0,45
slaver,hard,19,35,974,2,2,0,0,0,45
slaver,hard,19,36,1074,2,2,0,0,0,45
slaver,hard,19,37,1174,2,2,0,0,0,45
slaver,hard,19,38,1274,2,2,0,0,0,45
slaver,hard,19,39,1374,2,2,0,0,0,45
slaver,hard,19,40,1474,2,2,0,0,0,45
slaver,hard,19,41,1574,2,2,0,0,0,45
slaver,hard,19,42,1674,2,2,0,0,0,45
slaver,hard,19,43,1774,2,2,0,0,0,45
slaver,hard,19,44,1874,2,2,0,0,0,45
slaver,hard,19,45,1974,2,2,0,0,0,45
slaver,hard,19,46,2074,2,2,0,0,0,45
slaver,hard,19,47,2174,2,2,0,0,0,45
slaver,hard,19,48,2274,2,2,0,0,0,45
slaver,hard,19,49,2367,2,2,0,0,0,45
slaver,hard,19,50,2447,2,2,0,0,0,45
slaver,hard,19,51,2527,2,2,0,0,0,45
slaver,hard,19,52,2607,2,2,0,0,0,45
slaver,hard,19,53,2687,2,2,0,0,0,45
slaver,hard,19,54,2767,2,2,0,0,0,45
slaver,hard,19,55,2847,2,2,0,0,0,45
slaver,hard,19,56,2927,2,2,0,0,0,45
slaver,hard,19,57,3007,2,2,0,0,0,45
slaver,hard,19,58,3067,2,2,0,0,0,45
slaver,hard,19,59,3087,2,2,0,0,0,45
slaver,hard,19,60,3147,2,2,0,0,0,45
slaver,hard,19,61,3187,2,2,0,0,0,45
slaver,hard,19,62,3101,2,2,0,0,0,45
slaver,hard,19,63,2585,2,2,0,0,0,45
slaver,hard,19,64,2141,2,2,0,0,0,45
slaver,hard,19,65,1623,2,2,0,0,0,45
slaver,hard,19,66,1364,2,2,0,0,0,45
slaver,hard,19,67,1306,2,2,0,0,0,45
slaver,hard,19,68,1306,2,2,0,0,0,45
slaver,hard,19,69,1386,2,2,0,0,0,45
slaver,hard,19,70,1406,2,2,0,0,0,45
slaver,hard,19,71,1352,2,2,0,0,0,45
slaver,hard,19,72,1192,2,2,0,0,0,45
slaver,hard,19,73,1055,2,2,0,0,0,45
slaver,hard,19,74,931,2,2,0,0,0,45
slaver,hard,19,75,874,2,2,0,0,0,45
slaver,hard,19,76,779,2,2,0,0,0,45
slaver,hard,19,77,765,2,2,0,0,0,45
slaver,hard,19,78,765,2,2,0,0,0,45
slaver,hard,19,79,865,2,2,0,0,0,45
slaver,hard,19,80,965,2,2,0,0,0,45
slaver,hard,19,81,1065,2,2,0,0,0,45
slaver,hard,19,82,1165,2,2,0,0,0,45
slaver,hard,19,83,1165,2,2,0,0,0,45
slaver,hard,19,84,1215,2,2,0,0,0,45
slaver,hard,19,85,1265,2,2,0,0,0,45
slaver,hard,19,86,1290,2,2,0,0,0,45
slaver,hard,19,87,1340,2,2,0,0,0,45
slaver,hard,19,88,1365,2,2,0,0,0,45
slaver,hard,19,89,1390,2,2,0,0,0,45
slaver,hard,19,90,1440,2,2,0,0,0,45
slaver,hard,19,91,1515,2,2,0,0,0,45
slaver,hard,19,92,1615,2,2,0,0,0,45
slaver,hard,19,93,1715,2,2,0,0,0,45
slaver,hard,19,94,1790,2,2,0,0,0,45
slaver,hard,19,95,1790,2,2,0,0,0,45
slaver,hard,19,96,1810,2,2,0,0,0,45
slaver,hard,19,97,1835,2,2,0,0,0,45
slaver,hard,19,98,1925,2,2,0,0,0,45
slaver,hard,19,99,2005,2,2,0,0,0,45
slaver,hard,19,100,2085,2,2,0,0,0,45
slaver,hard,42,1,129,2,2,0,0,0,0
slaver,hard,42,2,224,2,2,0,0,0,33
slaver,hard,42,3,323,2,2,0,0,0,33
slaver,hard,42,4,403,2,2,0,0,0,33
slaver,hard,42,5,463,2,2,0,0,0,33
slaver,hard,42,6,503,2,2,0,0,0,33
slaver,hard,42,7,503,2,2,0,0,0,33
slaver,hard,42,8,523,2,2,0,0,0,33
slaver,hard,42,9,523,2,2,0,0,0,33
slaver,hard,42,10,523,2,2,0,0,0,33
slaver,hard,42,11,523,2,2,0,0,0,33
slaver,hard,42,12,509,2,2,0,0,0,33
slaver,hard,42,13,464,2,2,0,0,0,33
slaver,hard,42,14,464,2,2,0,0,0,33
slaver,hard,42,15,435,2,2,0,0,0,33
slaver,hard,42,16,355,2,2,0,0,0,33
slaver,hard,42,17,323,2,2,0,0,0,33
slaver,hard,42,18,274,2,2,0,0,0,33
slaver,hard,42,19,230,2,2,0,0,0,33
slaver,hard,42,20,271,2,2,0,0,0,33
slaver,hard,42,21,296,2,2,0,0,0,33
slaver,hard,42,22,296,2,2,0,0,0,33
slaver,hard,42,23,272,2,2,0,0,0,33
slaver,hard,42,24,347,2,2,0,0,0,33
slaver,hard,42,25,347,2,2,0,0,0,33
slaver,hard,42,26,347,2,2,0,0,0,33
slaver,hard,42,27,347,2,2,0,0,0,33
slaver,hard,42,28,347,2,2,0,0,0,33
slaver,hard,42,29,334,2,2,0,0,0,33
slaver,hard,42,30,409,2,2,0,0,0,33
slaver,hard,42,31,434,2,2,0,0,0,33
slaver,hard,42,32,434,2,2,0,0,0,33
slaver,hard,42,33,434,2,2,0,0,0,33
slaver,hard,42,34,434,2,2,0,0,0,33
slaver,hard,42,35,459,2,2,0,0,0,33
slaver,hard,42,36,484,2,2,0,0,0,33
slaver,hard,42,37,509,2,2,0,0,0,33
slaver,hard,42,38,559,2,2,0,0,0,33
slaver,hard,42,39,659,2,2,0,0,0,33
slaver,hard,42,40,709,2,2,0,0,0,33
slaver,hard,42,41,709,2,2,0,0,0,33
slaver,hard,42,42,696,2,2,0,0,0,33
slaver,hard,42,43,622,2,2,0,0,0,33
slaver,hard,42,44,569,2,2,0,0,0,33
slaver,hard,42,45,569,2,2,0,0,0,33
slaver,hard,42,46,569,2,2,0,0,0,33
slaver,hard,42,47,594,2,2,0,0,0,33
slaver,hard,42,48,694,2,2,0,0,0,33
slaver,hard,42,49,719,2,2,0,0,0,33
slaver,hard,42,50,744,2,2,0,0,0,33
slaver,hard,42,51,769,2,2,0,0,0,33
slaver,hard,42,52,819,2,2,0,0,0,33
slaver,hard,42,53,869,2,2,0,0,0,33
slaver,hard,42,54,919,2,2,0,0,0,33
slaver,hard,42,55,969,2,2,0,0,0,33
slaver,hard,42,56,994,2,2,0,0,0,33
slaver,hard,42,57,1094,2,2,0,0,0,33
slaver,hard,42,58,1119,2,2,0,0,0,33
slaver,hard,42,59,1144,2,2,0,0,0,33
slaver,hard,42,60,1219,2,2,0,0,0,33
slaver,hard,42,61,1294,2,2,0,0,0,33
slaver,hard,42,62,1314,2,2,0,0,0,33
slaver,hard,42,63,1314,2,2,0,0,0,33
slaver,hard,42,64,1334,2,2,0,0,0,33
slaver,hard,42,65,1359,2,2,0,0,0,33
slaver,hard,42,66,1384,2,2,0,0,0,33
slaver,hard,42,67,1409,2,2,0,0,0,33
slaver,hard,42,68,1431,2,2,0,0,0,33
slaver,hard,42,69,1451,2,2,0,0,0,33
slaver,hard,42,70,1451,2,2,0,0,0,33
slaver,hard,42,71,1471,2,2,0,0,0,33
slaver,hard,42,72,1491,2,2,0,0,0,33
slaver,hard,42,73,1491,2,2,0,0,0,33
slaver,hard,42,74,1491,2,2,0,0,0,33
slaver,hard,42,75,1491,2,2,0,0,0,33
slaver,hard,42,76,1491,2,2,0,0,0,33
slaver,hard,42,77,1491,2,2,0,0,0,33
slaver,hard,42,78,1571,2,2,0,0,0,33
slaver,hard,42,79,1591,2,2,0,0,0,33
slaver,hard,42,80,1611,2,2,0,0,0,33
slaver,hard,42,81,1631,2,2,0,0,0,33
slaver,hard,42,82,1691,2,2,0,0,0,33
slaver,hard,42,83,1711,2,2,0,0,0,33
slaver,hard,42,84,1711,2,2,0,0,0,33
slaver,hard,42,85,1711,2,2,0,0,0,33
slaver,hard,42,86,1771,2,2,0,0,0,33
slaver,hard,42,87,1851,2,2,0,0,0,33
slaver,hard,42,88,1891,2,2,0,0,0,33
slaver,hard,42,89,1891,2,2,0,0,0,33
slaver,hard,42,90,1891,2,2,0,0,0,33
slaver,hard,42,91,1866,2,2,0,0,0,33
slaver,hard,42,92,1812,2,2,0,0,0,33
slaver,hard,42,93,1812,2,2,0,0,0,33
slaver,hard,42,94,1832,2,2,0,0,0,33
slaver,hard,42,95,1852,2,2,0,0,0,33
slaver,hard,42,96,1872,2,2,0,0,0,33
slaver,hard,42,97,1932,2,2,0,0,0,33
slaver,hard,42,98,1972,2,2,0,0,0,33
slaver,hard,42,99,1972,2,2,0,0,0,33
slaver,hard,42,100,1972,2,2,0,0,0,33
techlord,hard,7,1,2,0,0,0,0,0,0
techlord,hard,7,2,2,0,0,0,0,0,0
techlord,hard,7,3,2,0,0,0,0,0,0
techlord,hard,7,4,0,0,0,0,0,0,0
techlord,hard,7,5,0,0,0,0,0,0,0
techlord,hard,7,6,0,0,0,0,0,0,0
techlord,hard,7,7,0,0,0,0,0,0,0
techlord,hard,7,8,0,0,0,0,0,0,0
techlord,hard,7,9,0,0,0,0,0,0,0
techlord,hard,7,10,0,0,0,0,0,0,0
techlord,hard,7,11,0,0,0,0,0,0,0
techlord,hard,7,12,0,0,0,0,0,0,0
techlord,hard,7,13,0,0,0,0,0,0,0
techlord,hard,7,14,0,0,0,0,0,0,0
techlord,hard,7,15,0,0,0,0,0,0,0
techlord,hard,7,16,0,0,0,0,0,0,0
techlord,hard,7,17,0,0,0,0,0,0,0
techlord,hard,7,18,0,0,0,0,0,0,0
techlord,hard,7,19,0,0,0,0,0,0,0
techlord,hard,7,20,0,0,0,0,0,0,0
techlord,hard,7,21,0,0,0,0,0,0,0
techlord,hard,7,22,0,0,0,0,0,0,0
techlord,hard,7,23,0,0,0,0,0,0,0
techlord,hard,7,24,0,0,0,0,0,0,0
techlord,hard,7,25,0,0,0,0,0,0,0
techlord,hard,7,26,0,0,0,0,0,0,0
techlord,hard,7,27,0,0,0,0,0,0,0
techlord,hard,7,28,0,0,0,0,0,0,0
techlord,hard,7,29,0,0,0,0,0,0,0
techlord,hard,7,30,0,0,0,0,0,0,0
techlord,hard,7,31,0,0,0,0,0,0,0
techlord,hard,7,32,0,0,0,0,0,0,0
techlord,hard,7,33,0,0,0,0,0,0,0
techlord,hard,7,34,0,0,0,0,0,0,0
techlord,hard,7,35,0,0,0,0,0,0,0
techlord,hard,7,36,0,0,0,0,0,0,0
techlord,hard,7,37,0,0,0,0,0,0,0
techlord,hard,7,38,0,0,0,0,0,0,0
techlord,hard,7,39,0,0,0,0,0,0,0
techlord,hard,7,40,0,0,0,0,0,0,0
techlord,hard,7,41,0,0,0,0,0,0,0
techlord,hard,7,42,0,0,0,0,0,0,0
techlord,hard,7,43,0,0,0,0,0,0,0
techlord,hard,7,44,0,0,0,0,0,0,0
techlord,hard,7,45,0,0,0,0,0,0,0
techlord,hard,7,46,0,0,0,0,0,0,0
techlord,hard,7,47,0,0,0,0,0,0,0
techlord,hard,19,1,36,0,0,0,0,0,0
techlord,hard,19,2,36,0,0,0,0,0,0
techlord,hard,19,3,36,0,0,0,0,0,0
techlord,hard,19,4,36,0,0,0,0,0,0
techlord,hard,19,5,36,0,0,0,0,0,0
techlord,hard,19,6,36,0,0,0,0,0,0
techlord,hard,19,7,36,0,0,0,0,0,0
techlord,hard,19,8,36,0,0,0,0,0,0
techlord,hard,19,9,36,0,0,0,0,0,0
techlord,hard,19,10,36,0,0,0,0,0,0
techlord,hard,19,11,36,0,0,0,0,0,0
techlord,hard,19,12,36,0,0,0,0,0,0
techlord,hard,19,13,36,0,0,0,0,0,0
techlord,hard,19,14,36,0,0,0,0,0,0
techlord,hard,19,15,36,0,0,0,0,0,0
techlord,hard,19,16,36,0,0,0,0,0,0
techlord,hard,19,17,36,0,0,0,0,0,0
techlord,hard,19,18,36,0,0,0,0,0,0
techlord,hard,19,19,36,0,0,0,0,0,0
techlord,hard,19,20,36,0,0,0,0,0,0
techlord,hard,19,21,36,0,0,0,0,0,0
techlord,hard,19,22,36,0,0,0,0,0,0
techlord,hard,19,23,36,0,0,0,0,0,0
techlord,hard,19,24,36,0,0,0,0,0,0
techlord,hard,19,25,36,0,0,0,0,0,0
techlord,hard,19,26,36,0,0,0,0,0,0
techlord,hard,19,27,36,0,0,0,0,0,0
techlord,hard,19,28,36,0,0,0,0,0,0
techlord,hard,19,29,36,0,0,0,0,0,0
techlord,hard,19,30,36,0,0,0,0,0,0
techlord,hard,19,31,29,0,0,0,0,0,0
techlord,hard,19,32,29,0,0,0,0,0,0
techlord,hard,19,33,29,0,0,0,0,0,0
techlord,hard,19,34,29,0,0,0,0,0,0
techlord,hard,19,35,29,0,0,0,0,0,0
techlord,hard,19,36,22,0,0,0,0,0,0
techlord,hard,19,37,3,0,0,0,0,0,0
techlord,hard,19,38,0,0,0,0,0,0,0
techlord,hard,19,39,0,0,0,0,0,0,0
techlord,hard,19,40,0,0,0,0,0,0,0
techlord,hard,19,41,0,0,0,0,0,0,0
techlord,hard,19,42,0,0,0,0,0,0,0
techlord,hard,19,43,0,0,0,0,0,0,0
techlord,hard,19,44,0,0,0,0,0,0,0
techlord,hard,19,45,0,0,0,0,0,0,0
techlord,hard,19,46,0,0,0,0,0,0,0
techlord,hard,19,47,0,0,0,0,0,0,0
techlord,hard,19,48,0,0,0,0,0,0,0
techlord,hard,19,49,0,0,0,0,0,0,0
techlord,hard,19,50,0,0,0,0,0,0,0
techlord,hard,19,51,0,0,0,0,0,0,0
techlord,hard,19,52,0,0,0,0,0,0,0
techlord,hard,19,53,0,0,0,0,0,0,0
techlord,hard,19,54,0,0,0,0,0,0,0
techlord,hard,19,55,0,0,0,0,0,0,0
techlord,hard,19,56,0,0,0,0,0,0,0
techlord,hard,19,57,0,0,0,0,0,0,0
techlord,hard,19,58,0,0,0,0,0,0,0
techlord,hard,19,59,0,0,0,0,0,0,0
techlord,hard,19,60,0,0,0,0,0,0,0
techlord,hard,19,61,0,0,0,0,0,0,0
techlord,hard,19,62,0,0,0,0,0,0,0
techlord,hard,19,63,0,0,0,0,0,0,0
techlord,hard,19,64,0,0,0,0,0,0,0
techlord,hard,19,65,0,0,0,0,0,0,0
techlord,hard,19,66,0,0,0,0,0,0,0
techlord,hard,19,67,0,0,0,0,0,0,0
techlord,hard,19,68,0,0,0,0,0,0,0
techlord,hard,19,69,0,0,0,0,0,0,0
techlord,hard,19,70,0,0,0,0,0,0,0
techlord,hard,19,71,0,0,0,0,0,0,0
techlord,hard,19,72,0,0,0,0,0,0,0
techlord,hard,19,73,0,0,0,0,0,0,0
techlord,hard,19,74,0,0,0,0,0,0,0
techlord,hard,19,75,0,0,0,0,0,0,0
techlord,hard,19,76,0,0,0,0,0,0,0
techlord,hard,19,77,0,0,0,0,0,0,0
techlord,hard,19,78,0,0,0,0,0,0,0
techlord,hard,19,79,0,0,0,0,0,0,0
techlord,hard,19,80,0,0,0,0,0,0,0
techlord,hard,19,81,0,0,0,0,0,0,0
techlord,hard,19,82,0,0,0,0,0,0,0
techlord,hard,19,83,0,0,0,0,0,0,0
techlord,hard,19,84,0,0,0,0,0,0,0
techlord,hard,19,85,0,0,0,0,0,0,0
techlord,hard,19,86,0,0,0,0,0,0,0
techlord,hard,19,87,0,0,0,0,0,0,0
techlord,hard,19,88,0,0,0,0,0,0,0
techlord,hard,19,89,0,0,0,0,0,0,0
techlord,hard,19,90,0,0,0,0,0,0,0
techlord,hard,19,91,0,0,0,0,0,0,0
techlord,hard,19,92,0,0,0,0,0,0,0
techlord,hard,19,93,0,0,0,0,0,0,0
techlord,hard,19,94,0,0,0,0,0,0,0
techlord,hard,19,95,0,0,0,0,0,0,0
techlord,hard,19,96,0,0,0,0,0,0,0
techlord,hard,19,97,0,0,0,0,0,0,0
techlord,hard,19,98,0,0,0,0,0,0,0
techlord,hard,19,99,0,0,0,0,0,0,0
techlord,hard,19,100,0,0,0,0,0,0,0
techlord,hard,42,1,29,0,0,0,0,0,0
techlord,hard,42,2,29,0,0,0,0,0,0
techlord,hard,42,3,29,0,0,0,0,0,0
techlord,hard,42,4,29,0,0,0,0,0,0
techlord,hard,42,5,29,0,0,0,0,0,0
techlord,hard,42,6,29,0,0,0,0,0,0
techlord,hard,42,7,29,0,0,0,0,0,0
techlord,hard,42,8,29,0,0,0,0,0,0
techlord,hard,42,9,29,0,0,0,0,0,0
techlord,hard,42,10,29,0,0,0,0,0,0
techlord,hard,42,11,29,0,0,0,0,0,0
techlord,hard,42,12,29,0,0,0,0,0,0
techlord,hard,42,13,29,0,0,0,0,0,0
techlord,hard,42,14,29,0,0,0,0,0,0
techlord,hard,42,15,29,0,0,0,0,0,0
techlord,hard,42,16,29,0,0,0,0,0,0
techlord,hard,42,17,29,0,0,0,0,0,0
techlord,hard,42,18,29,0,0,0,0,0,0
techlord,hard,42,19,29,0,0,0,0,0,0
techlord,hard,42,20,29,0,0,0,0,0,0
techlord,hard,42,21,29,0,0,0,0,0,0
techlord,hard,42,22,29,0,0,0,0,0,0
techlord,hard,42,23,29,0,0,0,0,0,0
techlord,hard,42,24,29,0,0,0,0,0,0
techlord,hard,42,25,29,0,0,0,0,0,0
techlord,hard,42,26,29,0,0,0,0,0,0
techlord,hard,42,27,29,0,0,0,0,0,0
techlord,hard,42,28,29,0,0,0,0,0,0
techlord,hard,42,29,29,0,0,0,0,0,0
techlord,hard,42,30,29,0,0,0,0,0,0
techlord,hard,42,31,29,0,0,0,0,0,0
techlord,hard,42,32,29,0,0,0,0,0,0
techlord,hard,42,33,29,0,0,0,0,0,0
techlord,hard,42,34,29,0,0,0,0,0,0
techlord,hard,42,35,29,0,0,0,0,0,0
techlord,hard,42,36,29,0,0,0,0,0,0
techlord,hard,42,37,29,0,0,0,0,0,0
techlord,hard,42,38,29,0,0,0,0,0,0
techlord,hard,42,39,29,0,0,0,0,0,0
techlord,hard,42,40,29,0,0,0,0,0,0
techlord,hard,42,41,29,0,0,0,0,0,0
techlord,hard,42,42,29,0,0,0,0,0,0
techlord,hard,42,43,29,0,0,0,0,0,0
techlord,hard,42,44,29,0,0,0,0,0,0
techlord,hard,42,45,29,0,0,0,0,0,0
techlord,hard,42,46,29,0,0,0,0,0,0
techlord,hard,42,47,29,0,0,0,0,0,0
techlord,hard,42,48,29,0,0,0,0,0,0
techlord,hard,42,49,29,0,0,0,0,0,0
techlord,hard,42,50,29,0,0,0,0,0,0
techlord,hard,42,51,29,0,0,0,0,0,0
techlord,hard,42,52,29,0,0,0,0,0,0
techlord,hard,42,53,29,0,0,0,0,0,0
techlord,hard,42,54,29,0,0,0,0,0,0
techlord,hard,42,55,29,0,0,0,0,0,0
techlord,hard,42,56,29,0,0,0,0,0,0
techlord,hard,42,57,29,0,0,0,0,0,0
techlord,hard,42,58,29,0,0,0,0,0,0
techlord,hard,42,59,29,0,0,0,0,0,0
techlord,hard,42,60,29,0,0,0,0,0,0
techlord,hard,42,61,29,0,0,0,0,0,0
techlord,hard,42,62,29,0,0,0,0,0,0
techlord,hard,42,63,29,0,0,0,0,0,0
techlord,hard,42,64,29,0,0,0,0,0,0
techlord,hard,42,65,29,0,0,0,0,0,0
techlord,hard,42,66,29,0,0,0,0,0,0
techlord,hard,42,67,29,0,0,0,0,0,0
techlord,hard,42,68,29,0,0,0,0,0,0
techlord,hard,42,69,29,0,0,0,0,0,0
techlord,hard,42,70,29,0,0,0,0,0,0
techlord,hard,42,71,29,0,0,0,0,0,0
techlord,hard,42,72,29,0,0,0,0,0,0
techlord,hard,42,73,29,0,0,0,0,0,0
techlord,hard,42,74,29,0,0,0,0,0,0
techlord,hard,42,75,29,0,0,0,0,0,0
techlord,hard,42,76,29,0,0,0,0,0,0
techlord,hard,42,77,29,0,0,0,0,0,0
techlord,hard,42,78,29,0,0,0,0,0,0
techlord,hard,42,79,29,0,0,0,0,0,0
techlord,hard,42,80,29,0,0,0,0,0,0
techlord,hard,42,81,29,0,0,0,0,0,0
techlord,hard,42,82,29,0,0,0,0,0,0
techlord,hard,42,83,29,0,0,0,0,0,0
techlord,hard,42,84,29,0,0,0,0,0,0
techlord,hard,42,85,29,0,0,0,0,0,0
techlord,hard,42,86,29,0,0,0,0,0,0
techlord,hard,42,87,29,0,0,0,0,0,0
techlord,hard,42,88,29,0,0,0,0,0,0
techlord,hard,42,89,29,0,0,0,0,0,0
techlord,hard,42,90,29,0,0,0,0,0,0
techlord,hard,42,91,29,0,0,0,0,0,0
techlord,hard,42,92,29,0,0,0,0,0,0
techlord,hard,42,93,29,0,0,0,0,0,0
techlord,hard,42,94,29,0,0,0,0,0,0
techlord,hard,42,95,29,0,0,0,0,0,0
techlord,hard,42,96,29,0,0,0,0,0,0
techlord,hard,42,97,29,0,0,0,0,0,0
techlord,hard,42,98,29,0,0,0,0,0,0
techlord,hard,42,99,29,0,0,0,0,0,0
techlord,hard,42,100,29,0,0,0,0,0,0
survivor,hard,7,1,2,0,0,0,0,0,0
survivor,hard,7,2,2,0,0,0,0,0,0
survivor,hard,7,3,2,0,0,0,0,0,0
survivor,hard,7,4,0,0,0,0,0,0,0
survivor,hard,7,5,0,0,0,0,0,0,0
survivor,hard,7,6,0,0,0,0,0,0,0
survivor,hard,7,7,0,0,0,0,0,0,0
survivor,hard,7,8,0,0,0,0,0,0,0
survivor,hard,7,9,0,0,0,0,0,0,0
survivor,hard,7,10,0,0,0,0,0,0,0
survivor,hard,7,11,0,0,0,0,0,0,0
survivor,hard,7,12,0,0,0,0,0,0,0
survivor,hard,7,13,0,0,0,0,0,0,0
survivor,hard,7,14,0,0,0,0,0,0,0
survivor,hard,7,15,0,0,0,0,0,0,0
survivor,hard,7,16,0,0,0,0,0,0,0
survivor,hard,7,17,0,0,0,0,0,0,0
survivor,hard,7,18,0,0,0,0,0,0,0
survivor,hard,7,19,0,0,0,0,0,0,0
survivor,hard,7,20,0,0,0,0,0,0,0
survivor,hard,7,21,0,0,0,0,0,0,0
survivor,hard,7,22,0,0,0,0,0,0,0
survivor,hard,7,23,0,0,0,0,0,0,0
survivor,hard,7,24,0,0,0,0,0,0,0
survivor,hard,7,25,0,0,0,0,0,0,0
survivor,hard,7,26,0,0,0,0,0,0,0
survivor,hard,7,27,0,0,0,0,0,0,0
survivor,hard,7,28,0,0,0,0,0,0,0
survivor,hard,7,29,0,0,0,0,0,0,0
survivor,hard,19,1,36,0,0,0,0,0,0
survivor,hard,19,2,36,0,0,0,0,0,0
survivor,hard,19,3,36,0,0,0,0,0,0
survivor,hard,19,4,36,0,0,0,0,0,0
survivor,hard,19,5,36,0,0,0,0,0,0
survivor,hard,19,6,36,0,0,0,0,0,0
survivor,hard,19,7,36,0,0,0,0,0,0
survivor,hard,19,8,36,0,0,0,0,0,0
survivor,hard,19,9,36,0,0,0,0,0,0
survivor,hard,19,10,36,0,0,0,0,0,0
survivor,hard,19,11,36,0,0,0,0,0,0
survivor,hard,19,12,36,0,0,0,0,0,0
survivor,hard,19,13,36,0,0,0,0,0,0
survivor,hard,19,14,36,0,0,0,0,0,0
survivor,hard,19,15,36,0,0,0,0,0,0
survivor,hard,19,16,36,0,0,0,0,0,0
survivor,hard,19,17,36,0,0,0,0,0,0
survivor,hard,19,18,36,0,0,0,0,0,0
survivor,hard,19,19,36,0,0,0,0,0,0
survivor,hard,19,20,36,0,0,0,0,0,0
survivor,hard,19,21,36,0,0,0,0,0,0
survivor,hard,19,22,36,0,0,0,0,0,0
survivor,hard,19,23,36,0,0,0,0,0,0
survivor,hard,19,24,36,0,0,0,0,0,0
survivor,hard,19,25,36,0,0,0,0,0,0
survivor,hard,19,26,36,0,0,0,0,0,0
survivor,hard,19,27,36,0,0,0,0,0,0
survivor,hard,19,28,36,0,0,0,0,0,0
survivor,hard,19,29,36,0,0,0,0,0,0
survivor,hard,19,30,36,0,0,0,0,0,0
survivor,hard,19,31,28,0,0,0,0,0,0
survivor,hard,19,32,28,0,0,0,0,0,0
survivor,hard,19,33,42,0,0,0,0,0,0
survivor,hard,19,34,42,0,0,0,0,0,0
survivor,hard,19,35,42,0,0,0,0,0,0
survivor,hard,19,36,42,0,0,0,0,0,0
survivor,hard,19,37,42,0,0,0,0,0,0
survivor,hard,19,38,42,0,0,0,0,0,0
survivor,hard,19,39,42,0,0,0,0,0,0
survivor,hard,19,40,42,0,0,0,0,0,0
survivor,hard,19,41,42,0,0,0,0,0,0
survivor,hard,19,42,42,0,0,0,0,0,0
survivor,hard,19,43,42,0,0,0,0,0,0
survivor,hard,19,44,42,0,0,0,0,0,0
survivor,hard,19,45,42,0,0,0,0,0,0
survivor,hard,19,46,42,0,0,0,0,0,0
survivor,hard,19,47,48,0,0,0,0,0,0
survivor,hard,19,48,48,0,0,0,0,0,0
survivor,hard,19,49,48,0,0,0,0,0,0
survivor,hard,19,50,48,0,0,0,0,0,0
survivor,hard,19,51,48,0,0,0,0,0,0
survivor,hard,19,52,48,0,0,0,0,0,0
survivor,hard,19,53,48,0,0,0,0,0,0
survivor,hard,19,54,48,0,0,0,0,0,0
survivor,hard,19,55,48,0,0,0,0,0,0
survivor,hard,19,56,48,0,0,0,0,0,0
survivor,hard,19,57,48,0,0,0,0,0,0
survivor,hard,19,58,48,0,0,0,0,0,0
survivor,hard,19,59,48,0,0,0,0,0,0
survivor,hard,19,60,48,0,0,0,0,0,0
survivor,hard,19,61,48,0,0,0,0,0,0
survivor,hard,19,62,48,0,0,0,0,0,0
survivor,hard,19,63,48,0,0,0,0,0,0
survivor,hard,19,64,48,0,0,0,0,0,0
survivor,hard,19,65,48,0,0,0,0,0,0
survivor,hard,19,66,48,0,0,0,0,0,0
survivor,hard,19,67,48,0,0,0,0,0,0
survivor,hard,19,68,48,0,0,0,0,0,0
survivor,hard,19,69,48,0,0,0,0,0,0
survivor,hard,19,70,48,0,0,0,0,0,0
survivor,hard,19,71,48,0,0,0,0,0,0
survivor,hard,19,72,48,0,0,0,0,0,0
survivor,hard,19,73,48,0,0,0,0,0,0
survivor,hard,19,74,48,0,0,0,0,0,0
survivor,hard,19,75,48,0,0,0,0,0,0
survivor,hard,19,76,48,0,0,0,0,0,0
survivor,hard,19,77,48,0,0,0,0,0,0
survivor,hard,19,78,68,0,0,0,0,0,0
survivor,hard,19,79,68,0,0,0,0,0,0
survivor,hard,19,80,68,0,0,0,0,0,0
survivor,hard,19,81,59,0,0,0,0,0,0
survivor,hard,19,82,59,0,0,0,0,0,0
survivor,hard,19,83,59,0,0,0,0,0,0
survivor,hard,19,84,49,0,0,0,0,0,0
survivor,hard,19,85,69,0,0,0,0,0,0
survivor,hard,19,86,69,0,0,0,0,0,0
survivor,hard,19,87,60,0,0,0,0,0,0
survivor,hard,19,88,60,0,0,0,0,0,0
survivor,hard,19,89,52,0,0,0,0,0,0
survivor,hard,19,90,52,0,0,0,0,0,0
survivor,hard,19,91,52,0,0,0,0,0,0
survivor,hard,19,92,52,0,0,0,0,0,0
survivor,hard,19,93,62,0,0,0,0,0,0
survivor,hard,19,94,62,0,0,0,0,0,0
survivor,hard,19,95,62,0,0,0,0,0,0
survivor,hard,19,96,62,0,0,0,0,0,0
survivor,hard,19,97,62,0,0,0,0,0,0
survivor,hard,19,98,62,0,0,0,0,0,0
survivor,hard,19,99,62,0,0,0,0,0,0
survivor,hard,19,100,62,0,0,0,0,0,0
survivor,hard,42,1,29,0,0,0,0,0,0
survivor,hard,42,2,29,0,0,0,0,0,0
survivor,hard,42,3,29,0,0,0,0,0,0
survivor,hard,42,4,29,0,0,0,0,0,0
survivor,hard,42,5,29,0,0,0,0,0,0
survivor,hard,42,6,29,0,0,0,0,0,0
survivor,hard,42,7,29,0,0,0,0,0,0
survivor,hard,42,8,29,0,0,0,0,0,0
survivor,hard,42,9,29,0,0,0,0,0,0
survivor,hard,42,10,29,0,0,0,0,0,0
survivor,hard,42,11,29,0,0,0,0,0,0
survivor,hard,42,12,29,0,0,0,0,0,0
survivor,hard,42,13,29,0,0,0,0,0,0
survivor,hard,42,14,29,0,0,0,0,0,0
survivor,hard,42,15,29,0,0,0,0,0,0
survivor,hard,42,16,29,0,0,0,0,0,0
survivor,hard,42,17,29,0,0,0,0,0,0
survivor,hard,42,18,29,0,0,0,0,0,0
survivor,hard,42,19,29,0,0,0,0,0,0
survivor,hard,42,20,29,0,0,0,0,0,0
survivor,hard,42,21,29,0,0,0,0,0,0
survivor,hard,42,22,29,0,0,0,0,0,0
survivor,hard,42,23,29,0,0,0,0,0,0
survivor,hard,42,24,29,0,0,0,0,0,0
survivor,hard,42,25,29,0,0,0,0,0,0
survivor,hard,42,26,29,0,0,0,0,0,0
survivor,hard,42,27,29,0,0,0,0,0,0
survivor,hard,42,28,29,0,0,0,0,0,0
survivor,hard,42,29,29,0,0,0,0,0,0
survivor,hard,42,30,29,0,0,0,0,0,0
survivor,hard,42,31,29,0,0,0,0,0,0
survivor,hard,42,32,29,0,0,0,0,0,0
survivor,hard,42,33,29,0,0,0,0,0,0
survivor,hard,42,34,29,0,0,0,0,0,0
survivor,hard,42,35,29,0,0,0,0,0,0
survivor,hard,42,36,29,0,0,0,0,0,0
survivor,hard,42,37,29,0,0,0,0,0,0
survivor,hard,42,38,29,0,0,0,0,0,0
survivor,hard,42,39,29,0,0,0,0,0,0
survivor,hard,42,40,29,0,0,0,0,0,0
survivor,hard,42,41,29,0,0,0,0,0,0
survivor,hard,42,42,29,0,0,0,0,0,0
survivor,hard,42,43,29,0,0,0,0,0,0
survivor,hard,42,44,29,0,0,0,0,0,0
survivor,hard,42,45,29,0,0,0,0,0,0
survivor,hard,42,46,29,0,0,0,0,0,0
survivor,hard,42,47,29,0,0,0,0,0,0
survivor,hard,42,48,29,0,0,0,0,0,0
survivor,hard,42,49,29,0,0,0,0,0,0
survivor,hard,42,50,29,0,0,0,0,0,0
survivor,hard,42,51,29,0,0,0,0,0,0
survivor,hard,42,52,29,0,0,0,0,0,0
survivor,hard,42,53,29,0,0,0,0,0,0
survivor,hard,42,54,29,0,0,0,0,0,0
survivor,hard,42,55,29,0,0,0,0,0,0
survivor,hard,42,56,29,0,0,0,0,0,0
survivor,hard,42,57,29,0,0,0,0,0,0
survivor,hard,42,58,29,0,0,0,0,0,0
survivor,hard,42,59,29,0,0,0,0,0,0
survivor,hard,42,60,29,0,0,0,0,0,0
survivor,hard,42,61,29,0,0,0,0,0,0
survivor,hard,42,62,29,0,0,0,0,0,0
survivor,hard,42,63,29,0,0,0,0,0,0
survivor,hard,42,64,29,0,0,0,0,0,0
survivor,hard,42,65,29,0,0,0,0,0,0
survivor,hard,42,66,29,0,0,0,0,0,0
survivor,hard,42,67,29,0,0,0,0,0,0
survivor,hard,42,68,29,0,0,0,0,0,0
survivor,hard,42,69,29,0,0,0,0,0,0
survivor,hard,42,70,29,0,0,0,0,0,0
survivor,hard,42,71,29,0,0,0,0,0,0
survivor,hard,42,72,29,0,0,0,0,0,0
survivor,hard,42,73,29,0,0,0,0,0,0
survivor,hard,42,74,49,0,0,0,0,0,0
survivor,hard,42,75,49,0,0,0,0,0,0
survivor,hard,42,76,49,0,0,0,0,0,0
survivor,hard,42,77,49,0,0,0,0,0,0
survivor,hard,42,78,49,0,0,0,0,0,0
survivor,hard,42,79,49,0,0,0,0,0,0
survivor,hard,42,80,49,0,0,0,0,0,0
survivor,hard,42,81,49,0,0,0,0,0,0
survivor,hard,42,82,49,0,0,0,0,0,0
survivor,hard,42,83,49,0,0,0,0,0,0
survivor,hard,42,84,49,0,0,0,0,0,0
survivor,hard,42,85,49,0,0,0,0,0,0
survivor,hard,42,86,49,0,0,0,0,0,0
survivor,hard,42,87,49,0,0,0,0,0,0
survivor,hard,42,88,49,0,0,0,0,0,0
survivor,hard,42,89,49,0,0,0,0,0,0
survivor,hard,42,90,49,0,0,0,0,0,0
survivor,hard,42,91,49,0,0,0,0,0,0
survivor,hard,42,92,49,0,0,0,0,0,0
survivor,hard,42,93,49,0,0,0,0,0,0
survivor,hard,42,94,49,0,0,0,0,0,0
survivor,hard,42,95,49,0,0,0,0,0,0
survivor,hard,42,96,69,0,0,0,0,0,0
survivor,hard,42,97,69,0,0,0,0,0,0
survivor,hard,42,98,69,0,0,0,0,0,0
survivor,hard,42,99,69,0,0,0,0,0,0
survivor,hard,42,100,69,0,0,0,0,0,0
passive,kingdom,7,1,460,0,0,0,0,0,0
passive,kingdom,7,2,460,0,0,0,0,0,0
passive,kingdom,7,3,460,0,0,0,0,0,0
passive,kingdom,7,4,460,0,0,0,0,0,0
passive,kingdom,7,5,460,0,0,0,0,0,0
passive,kingdom,7,6,460,0,0,0,0,0,0
passive,kingdom,7,7,460,0,0,0,0,0,0
passive,kingdom,7,8,460,0,0,0,0,0,0
passive,kingdom,7,9,460,0,0,0,0,0,0
passive,kingdom,7,10,460,0,0,0,0,0,0
passive,kingdom,7,11,460,0,0,0,0,0,0
passive,kingdom,7,12,460,0,0,0,0,0,0
passive,kingdom,7,13,460,0,0,0,0,0,0
passive,kingdom,7,14,460,0,0,0,0,0,0
passive,kingdom,7,15,460,0,0,0,0,0,0
passive,kingdom,7,16,460,0,0,0,0,0,0
passive,kingdom,7,17,460,0,0,0,0,0,0
passive,kingdom,7,18,460,0,0,0,0,0,0
passive,kingdom,7,19,460,0,0,0,0,0,0
passive,kingdom,7,20,460,0,0,0,0,0,0
passive,kingdom,7,21,460,0,0,0,0,0,0
passive,kingdom,7,22,460,0,0,0,0,0,0
passive,kingdom,7,23,460,0,0,0,0,0,0
passive,kingdom,7,24,460,0,0,0,0,0,0
passive,kingdom,7,25,460,0,0,0,0,0,0
passive,kingdom,7,26,460,0,0,0,0,0,0
passive,kingdom,7,27,460,0,0,0,0,0,0
passive,kingdom,7,28,460,0,0,0,0,0,0
passive,kingdom,7,29,460,0,0,0,0,0,0
passive,kingdom,7,30,460,0,0,0,0,0,0
passive,kingdom,7,31,460,0,0,0,0,0,0
passive,kingdom,7,32,460,0,0,0,0,0,0
passive,kingdom,7,33,460,0,0,0,0,0,0
passive,kingdom,7,34,460,0,0,0,0,0,0
passive,kingdom,7,35,460,0,0,0,0,0,0
passive,kingdom,7,36,460,0,0,0,0,0,0
passive,kingdom,7,37,460,0,0,0,0,0,0
passive,kingdom,7,38,460,0,0,0,0,0,0
passive,kingdom,7,39,460,0,0,0,0,0,0
passive,kingdom,7,40,460,0,0,0,0,0,0
passive,kingdom,7,41,460,0,0,0,0,0,0
passive,kingdom,7,42,460,0,0,0,0,0,0
passive,kingdom,7,43,460,0,0,0,0,0,0
passive,kingdom,7,44,460,0,0,0,0,0,0
passive,kingdom,7,45,460,0,0,0,0,0,0
passive,kingdom,7,46,460,0,0,0,0,0,0
passive,kingdom,7,47,460,0,0,0,0,0,0
passive,kingdom,7,48,460,0,0,0,0,0,0
passive,kingdom,7,49,460,0,0,0,0,0,0
passive,kingdom,7,50,460,0,0,0,0,0,0
passive,kingdom,7,51,460,0,0,0,0,0,0
passive,kingdom,7,52,460,0,0,0,0,0,0
passive,kingdom,7,53,460,0,0,0,0,0,0
passive,kingdom,7,54,460,0,0,0,0,0,0
passive,kingdom,7,55,460,0,0,0,0,0,0
passive,kingdom,7,56,412,0,0,0,0,0,0
passive,kingdom,7,57,412,0,0,0,0,0,0
passive,kingdom,7,58,412,0,0,0,0,0,0
passive,kingdom,7,59,412,0,0,0,0,0,0
passive,kingdom,7,60,412,0,0,0,0,0,0
passive,kingdom,7,61,412,0,0,0,0,0,0
passive,kingdom,7,62,412,0,0,0,0,0,0
passive,kingdom,7,63,377,0,0,0,0,0,0
passive,kingdom,7,64,377,0,0,0,0,0,0
passive,kingdom,7,65,337,0,0,0,0,0,0
passive,kingdom,7,66,337,0,0,0,0,0,0
passive,kingdom,7,67,337,0,0,0,0,0,0
passive,kingdom,7,68,337,0,0,0,0,0,0
passive,kingdom,7,69,337,0,0,0,0,0,0
passive,kingdom,7,70,337,0,0,0,0,0,0
passive,kingdom,7,71,337,0,0,0,0,0,0
passive,kingdom,7,72,337,0,0,0,0,0,0
passive,kingdom,7,73,337,0,0,0,0,0,0
passive,kingdom,7,74,337,0,0,0,0,0,0
passive,kingdom,7,75,337,0,0,0,0,0,0
passive,kingdom,7,76,337,0,0,0,0,0,0
passive,kingdom,7,77,337,0,0,0,0,0,0
passive,kingdom,7,78,337,0,0,0,0,0,0
passive,kingdom,7,79,337,0,0,0,0,0,0
passive,kingdom,7,80,337,0,0,0,0,0,0
passive,kingdom,7,81,337,0,0,0,0,0,0
passive,kingdom,7,82,337,0,0,0,0,0,0
passive,kingdom,7,83,337,0,0,0,0,0,0
passive,kingdom,7,84,337,0,0,0,0,0,0
passive,kingdom,7,85,337,0,0,0,0,0,0
passive,kingdom,7,86,337,0,0,0,0,0,0
passive,kingdom,7,87,337,0,0,0,0,0,0
passive,kingdom,7,88,337,0,0,0,0,0,0
passive,kingdom,7,89,337,0,0,0,0,0,0
passive,kingdom,7,90,337,0,0,0,0,0,0
passive,kingdom,7,91,337,0,0,0,0,0,0
passive,kingdom,7,92,337,0,0,0,0,0,0
passive,kingdom,7,93,337,0,0,0,0,0,0
passive,kingdom,7,94,337,0,0,0,0,0,0
passive,kingdom,7,95,337,0,0,0,0,0,0
passive,kingdom,7,96,337,0,0,0,0,0,0
passive,kingdom,7,97,337,0,0,0,0,0,0
passive,kingdom,7,98,337,0,0,0,0,0,0
passive,kingdom,7,99,337,0,0,0,0,0,0
passive,kingdom,7,100,337,0,0,0,0,0,0
passive,kingdom,19,1,540,0,0,0,0,0,0
passive,kingdom,19,2,540,0,0,0,0,0,0
passive,kingdom,19,3,540,0,0,0,0,0,0
passive,kingdom,19,4,540,0,0,0,0,0,0
passive,kingdom,19,5,540,0,0,0,0,0,0
passive,kingdom,19,6,540,0,0,0,0,0,0
passive,kingdom,19,7,540,0,0,0,0,0,0
passive,kingdom,19,8,540,0,0,0,0,0,0
passive,kingdom,19,9,540,0,0,0,0,0,0
passive,kingdom,19,10,540,0,0,0,0,0,0
passive,kingdom,19,11,540,0,0,0,0,0,0
passive,kingdom,19,12,540,0,0,0,0,0,0
passive,kingdom,19,13,540,0,0,0,0,0,0
passive,kingdom,19,14,540,0,0,0,0,0,0
passive,kingdom,19,15,507,0,0,0,0,0,0
passive,kingdom,19,16,507,0,0,0,0,0,0
passive,kingdom,19,17,484,0,0,0,0,0,0
passive,kingdom,19,18,484,0,0,0,0,0,0
passive,kingdom,19,19,484,0,0,0,0,0,0
passive,kingdom,19,20,464,0,0,0,0,0,0
passive,kingdom,19,21,464,0,0,0,0,0,0
passive,kingdom,19,22,464,0,0,0,0,0,0
passive,kingdom,19,23,464,0,0,0,0,0,0
passive,kingdom,19,24,464,0,0,0,0,0,0
passive,kingdom,19,25,464,0,0,0,0,0,0
passive,kingdom,19,26,464,0,0,0,0,0,0
passive,kingdom,19,27,464,0,0,0,0,0,0
passive,kingdom,19,28,464,0,0,0,0,0,0
passive,kingdom,19,29,464,0,0,0,0,0,0
passive,kingdom,19,30,464,0,0,0,0,0,0
passive,kingdom,19,31,464,0,0,0,0,0,0
passive,kingdom,19,32,464,0,0,0,0,0,0
passive,kingdom,19,33,464,0,0,0,0,0,0
passive,kingdom,19,34,464,0,0,0,0,0,0
passive,kingdom,19,35,464,0,0,0,0,0,0
passive,kingdom,19,36,464,0,0,0,0,0,0
passive,kingdom,19,37,464,0,0,0,0,0,0
passive,kingdom,19,38,464,0,0,0,0,0,0
passive,kingdom,19,39,464,0,0,0,0,0,0
passive,kingdom,19,40,464,0,0,0,0,0,0
passive,kingdom,19,41,464,0,0,0,0,0,0
passive,kingdom,19,42,464,0,0,0,0,0,0
passive,kingdom,19,43,464,0,0,0,0,0,0
passive,kingdom,19,44,464,0,0,0,0,0,0
passive,kingdom,19,45,464,0,0,0,0,0,0
passive,kingdom,19,46,464,0,0,0,0,0,0
passive,kingdom,19,47,464,0,0,0,0,0,0
passive,kingdom,19,48,464,0,0,0,0,0,0
passive,kingdom,19,49,464,0,0,0,0,0,0
passive,kingdom,19,50,464,0,0,0,0,0,0
passive,kingdom,19,51,464,0,0,0,0,0,0
passive,kingdom,19,52,464,0,0,0,0,0,0
passive,kingdom,19,53,464,0,0,0,0,0,0
passive,kingdom,19,54,464,0,0,0,0,0,0
passive,kingdom,19,55,464,0,0,0,0,0,0
passive,kingdom,19,56,464,0,0,0,0,0,0
passive,kingdom,19,57,464,0,0,0,0,0,0
passive,kingdom,19,58,464,0,0,0,0,0,0
passive,kingdom,19,59,464,0,0,0,0,0,0
passive,kingdom,19,60,464,0,0,0,0,0,0
passive,kingdom,19,61,464,0,0,0,0,0,0
passive,kingdom,19,62,464,0,0,0,0,0,0
passive,kingdom,19,63,448,0,0,0,0,0,0
passive,kingdom,19,64,436,0,0,0,0,0,0
passive,kingdom,19,65,436,0,0,0,0,0,0
passive,kingdom,19,66,436,0,0,0,0,0,0
passive,kingdom,19,67,427,0,0,0,0,0,0
passive,kingdom,19,68,427,0,0,0,0,0,0
passive,kingdom,19,69,427,0,0,0,0,0,0
passive,kingdom,19,70,420,0,0,0,0,0,0
passive,kingdom,19,71,412,0,0,0,0,0,0
passive,kingdom,19,72,409,0,0,0,0,0,0
passive,kingdom,19,73,406,0,0,0,0,0,0
passive,kingdom,19,74,406,0,0,0,0,0,0
passive,kingdom,19,75,406,0,0,0,0,0,0
passive,kingdom,19,76,404,0,0,0,0,0,0
passive,kingdom,19,77,404,0,0,0,0,0,0
passive,kingdom,19,78,404,0,0,0,0,0,0
passive,kingdom,19,79,404,0,0,0,0,0,0
passive,kingdom,19,80,404,0,0,0,0,0,0
passive,kingdom,19,81,404,0,0,0,0,0,0
passive,kingdom,19,82,404,0,0,0,0,0,0
passive,kingdom,19,83,404,0,0,0,0,0,0
passive,kingdom,19,84,404,0,0,0,0,0,0
passive,kingdom,19,85,404,0,0,0,0,0,0
passive,kingdom,19,86,404,0,0,0,0,0,0
passive,kingdom,19,87,404,0,0,0,0,0,0
passive,kingdom,19,88,404,0,0,0,0,0,0
passive,kingdom,19,89,404,0,0,0,0,0,0
passive,kingdom,19,90,404,0,0,0,0,0,0
passive,kingdom,19,91,404,0,0,0,0,0,0
passive,kingdom,19,92,404,0,0,0,0,0,0
passive,kingdom,19,93,404,0,0,0,0,0,0
passive,kingdom,19,94,404,0,0,0,0,0,0
passive,kingdom,19,95,404,0,0,0,0,0,0
passive,kingdom,19,96,404,0,0,0,0,0,0
passive,kingdom,19,97,404,0,0,0,0,0,0
passive,kingdom,19,98,404,0,0,0,0,0,0
passive,kingdom,19,99,404,0,0,0,0,0,0
passive,kingdom,19,100,404,0,0,0,0,0,0
passive,kingdom,42,1,406,0,0,0,0,0,0
passive,kingdom,42,2,406,0,0,0,0,0,0
passive,kingdom,42,3,406,0,0,0,0,0,0
passive,kingdom,42,4,406,0,0,0,0,0,0
passive,kingdom,42,5,406,0,0,0,0,0,0
passive,kingdom,42,6,406,0,0,0,0,0,0
passive,kingdom,42,7,406,0,0,0,0,0,0
passive,kingdom,42,8,406,0,0,0,0,0,0
passive,kingdom,42,9,406,0,0,0,0,0,0
passive,kingdom,42,10,406,0,0,0,0,0,0
passive,kingdom,42,11,406,0,0,0,0,0,0
passive,kingdom,42,12,406,0,0,0,0,0,0
passive,kingdom,42,13,406,0,0,0,0,0,0
passive,kingdom,42,14,406,0,0,0,0,0,0
passive,kingdom,42,15,406,0,0,0,0,0,0
passive,kingdom,42,16,406,0,0,0,0,0,0
passive,kingdom,42,17,406,0,0,0,0,0,0
passive,kingdom,42,18,406,0,0,0,0,0,0
passive,kingdom,42,19,406,0,0,0,0,0,0
passive,kingdom,42,20,406,0,0,0,0,0,0
passive,kingdom,42,21,406,0,0,0,0,0,0
passive,kingdom,42,22,406,0,0,0,0,0,0
passive,kingdom,42,23,406,0,0,0,0,0,0
passive,kingdom,42,24,406,0,0,0,0,0,0
passive,kingdom,42,25,406,0,0,0,0,0,0
passive,kingdom,42,26,406,0,0,0,0,0,0
passive,kingdom,42,27,406,0,0,0,0,0,0
passive,kingdom,42,28,406,0,0,0,0,0,0
passive,kingdom,42,29,406,0,0,0,0,0,0
passive,kingdom,42,30,406,0,0,0,0,0,0
passive,kingdom,42,31,406,0,0,0,0,0,0
passive,kingdom,42,32,406,0,0,0,0,0,0
passive,kingdom,42,33,406,0,0,0,0,0,0
passive,kingdom,42,34,406,0,0,0,0,0,0
passive,kingdom,42,35,406,0,0,0,0,0,0
passive,kingdom,42,36,406,0,0,0,0,0,0
passive,kingdom,42,37,406,0,0,0,0,0,0
passive,kingdom,42,38,406,0,0,0,0,0,0
passive,kingdom,42,39,406,0,0,0,0,0,0
passive,kingdom,42,40,406,0,0,0,0,0,0
passive,kingdom,42,41,406,0,0,0,0,0,0
passive,kingdom,42,42,406,0,0,0,0,0,0
passive,kingdom,42,43,406,0,0,0,0,0,0
passive,kingdom,42,44,406,0,0,0,0,0,0
passive,kingdom,42,45,406,0,0,0,0,0,0
passive,kingdom,42,46,406,0,0,0,0,0,0
passive,kingdom,42,47,406,0,0,0,0,0,0
passive,kingdom,42,48,406,0,0,0,0,0,0
passive,kingdom,42,49,406,0,0,0,0,0,0
passive,kingdom,42,50,406,0,0,0,0,0,0
passive,kingdom,42,51,406,0,0,0,0,0,0
passive,kingdom,42,52,406,0,0,0,0,0,0
passive,kingdom,42,53,406,0,0,0,0,0,0
passive,kingdom,42,54,406,0,0,0,0,0,0
passive,kingdom,42,55,406,0,0,0,0,0,0
passive,kingdom,42,56,406,0,0,0,0,0,0
passive,kingdom,42,57,406,0,0,0,0,0,0
passive,kingdom,42,58,406,0,0,0,0,0,0
passive,kingdom,42,59,406,0,0,0,0,0,0
passive,kingdom,42,60,406,0,0,0,0,0,0
passive,kingdom,42,61,406,0,0,0,0,0,0
passive,kingdom,42,62,406,0,0,0,0,0,0
passive,kingdom,42,63,406,0,0,0,0,0,0
passive,kingdom,42,64,406,0,0,0,0,0,0
passive,kingdom,42,65,406,0,0,0,0,0,0
passive,kingdom,42,66,406,0,0,0,0,0,0
passive,kingdom,42,67,406,0,0,0,0,0,0
passive,kingdom,42,68,406,0,0,0,0,0,0
passive,kingdom,42,69,406,0,0,0,0,0,0
passive,kingdom,42,70,406,0,0,0,0,0,0
passive,kingdom,42,71,406,0,0,0,0,0,0
passive,kingdom,42,72,406,0,0,0,0,0,0
passive,kingdom,42,73,406,0,0,0,0,0,0
passive,kingdom,42,74,406,0,0,0,0,0,0
passive,kingdom,42,75,406,0,0,0,0,0,0
passive,kingdom,42,76,406,0,0,0,0,0,0
passive,kingdom,42,77,406,0,0,0,0,0,0
passive,kingdom,42,78,406,0,0,0,0,0,0
passive,kingdom,42,79,406,0,0,0,0,0,0
passive,kingdom,42,80,406,0,0,0,0,0,0
passive,kingdom,42,81,406,0,0,0,0,0,0
passive,kingdom,42,82,406,0,0,0,0,0,0
passive,kingdom,42,83,406,0,0,0,0,0,0
passive,kingdom,42,84,406,0,0,0,0,0,0
passive,kingdom,42,85,406,0,0,0,0,0,0
passive,kingdom,42,86,406,0,0,0,0,0,0
passive,kingdom,42,87,406,0,0,0,0,0,0
passive,kingdom,42,88,406,0,0,0,0,0,0
passive,kingdom,42,89,406,0,0,0,0,0,0
passive,kingdom,42,90,406,0,0,0,0,0,0
passive,kingdom,42,91,406,0,0,0,0,0,0
passive,kingdom,42,92,406,0,0,0,0,0,0
passive,kingdom,42,93,406,0,0,0,0,0,0
passive,kingdom,42,94,406,0,0,0,0,0,0
passive,kingdom,42,95,406,0,0,0,0,0,0
passive,kingdom,42,96,406,0,0,0,0,0,0
passive,kingdom,42,97,406,0,0,0,0,0,0
passive,kingdom,42,98,406,0,0,0,0,0,0
passive,kingdom,42,99,406,0,0,0,0,0,0
passive,kingdom,42,100,406,0,0,0,0,0,0
conquest,kingdom,7,1,347,2,2,0,0,0,0
conquest,kingdom,7,2,455,1,1,0,1,0,18
conquest,kingdom,7,3,615,2,2,1,1,0,18
conquest,kingdom,7,4,651,2,2,1,1,0,18
conquest,kingdom,7,5,725,2,2,0,2,0,18
conquest,kingdom,7,6,735,2,2,0,2,0,40
conquest,kingdom,7,7,634,2,2,0,2,0,40
conquest,kingdom,7,8,569,2,2,0,2,0,40
conquest,kingdom,7,9,599,2,2,0,2,0,40
conquest,kingdom,7,10,759,2,2,0,2,0,40
conquest,kingdom,7,11,879,2,2,0,2,0,40
conquest,kingdom,7,12,1039,2,2,0,2,0,40
conquest,kingdom,7,13,1199,2,2,0,2,0,40
conquest,kingdom,7,14,1359,2,2,0,2,0,40
conquest,kingdom,7,15,1519,2,2,0,2,0,40
conquest,kingdom,7,16,1679,2,2,0,2,0,40
conquest,kingdom,7,17,1839,2,2,0,2,0,40
conquest,kingdom,7,18,1999,2,2,0,2,0,40
conquest,kingdom,7,19,2159,2,2,0,2,0,40
conquest,kingdom,7,20,2319,2,2,0,2,0,40
conquest,kingdom,7,21,2479,2,2,0,2,0,40
conquest,kingdom,7,22,2639,2,2,0,2,0,40
conquest,kingdom,7,23,2739,2,2,0,2,0,40
conquest,kingdom,7,24,2819,2,2,0,2,0,40
conquest,kingdom,7,25,2899,2,2,0,2,0,40
conquest,kingdom,7,26,2979,2,2,0,2,0,40
conquest,kingdom,7,27,3059,2,2,0,2,0,40
conquest,kingdom,7,28,3139,2,2,0,2,0,40
conquest,kingdom,7,29,3219,2,2,0,2,0,40
conquest,kingdom,7,30,3299,2,2,0,2,0,40
conquest,kingdom,7,31,3379,2,2,0,2,0,40
conquest,kingdom,7,32,3459,2,2,0,2,0,40
conquest,kingdom,7,33,3539,2,2,0,2,0,40
conquest,kingdom,7,34,3619,2,2,0,2,0,40
conquest,kingdom,7,35,3699,2,2,0,2,0,40
conquest,kingdom,7,36,3779,2,2,0,2,0,40
conquest,kingdom,7,37,3859,2,2,0,2,0,40
conquest,kingdom,7,38,3939,2,2,0,2,0,40
conquest,kingdom,7,39,4019,2,2,0,2,0,40
conquest,kingdom,7,40,4099,2,2,0,2,0,40
conquest,kingdom,7,41,4179,2,2,0,2,0,40
conquest,kingdom,7,42,4259,2,2,0,2,0,40
conquest,kingdom,7,43,4339,2,2,0,2,0,40
conquest,kingdom,7,44,4419,2,2,0,2,0,40
conquest,kingdom,7,45,4499,2,2,0,2,0,40
conquest,kingdom,7,46,4579,2,2,0,2,0,40
conquest,kingdom,7,47,4659,2,2,0,2,0,40
conquest,kingdom,7,48,4739,2,2,0,2,0,40
conquest,kingdom,7,49,4819,2,2,0,2,0,40
conquest,kingdom,7,50,4899,2,2,0,2,0,40
conquest,kingdom,7,51,4979,2,2,0,2,0,40
conquest,kingdom,7,52,5059,2,2,0,2,0,40
conquest,kingdom,7,53,5139,2,2,0,2,0,40
conquest,kingdom,7,54,5219,2,2,0,2,0,40
conquest,kingdom,7,55,5299,2,2,0,2,0,40
conquest,kingdom,7,56,5379,2,2,0,2,0,40
conquest,kingdom,7,57,5459,2,2,0,2,0,40
conquest,kingdom,7,58,5539,2,2,0,2,0,40
conquest,kingdom,7,59,5619,2,2,0,2,0,40
conquest,kingdom,7,60,5699,2,2,0,2,0,40
conquest,kingdom,7,61,5779,2,2,0,2,0,40
conquest,kingdom,7,62,5859,2,2,0,2,0,40
conquest,kingdom,7,63,5939,2,2,0,2,0,40
conquest,kingdom,7,64,6019,2,2,0,2,0,40
conquest,kingdom,7,65,6099,2,2,0,2,0,40
conquest,kingdom,7,66,6179,2,2,0,2,0,40
conquest,kingdom,7,67,6259,2,2,0,2,0,40
conquest,kingdom,7,68,6339,2,2,0,2,0,40
conquest,kingdom,7,69,6419,2,2,0,2,0,40
conquest,kingdom,7,70,6499,2,2,0,2,0,40
conquest,kingdom,7,71,6579,2,2,0,2,0,40
conquest,kingdom,7,72,6659,2,2,0,2,0,40
conquest,kingdom,7,73,6739,2,2,0,2,0,40
conquest,kingdom,7,74,6819,2,2,0,2,0,40
conquest,kingdom,7,75,6899,2,2,0,2,0,40
conquest,kingdom,7,76,6979,2,2,0,2,0,40
conquest,kingdom,7,77,7059,2,2,0,2,0,40
conquest,kingdom,7,78,7139,2,2,0,2,0,40
conquest,kingdom,7,79,7219,2,2,0,2,0,40
conquest,kingdom,7,80,7299,2,2,0,2,0,40
conquest,kingdom,7,81,7379,2,2,0,2,0,40
conquest,kingdom,7,82,7459,2,2,0,2,0,40
conquest,kingdom,7,83,7539,2,2,0,2,0,40
conquest,kingdom,7,84,7619,2,2,0,2,0,40
conquest,kingdom,7,85,7699,2,2,0,2,0,40
conquest,kingdom,7,86,7779,2,2,0,2,0,40
conquest,kingdom,7,87,7859,2,2,0,2,0,40
conquest,kingdom,7,88,7939,2,2,0,2,0,40
conquest,kingdom,7,89,8019,2,2,0,2,0,40
conquest,kingdom,7,90,8099,2,2,0,2,0,40
conquest,kingdom,7,91,8179,2,2,0,2,0,40
conquest,kingdom,7,92,8259,2,2,0,2,0,40
conquest,kingdom,7,93,8339,2,2,0,2,0,40
conquest,kingdom,7,94,8398,2,2,0,2,0,40
conquest,kingdom,7,95,8478,2,2,0,2,0,40
conquest,kingdom,7,96,8543,2,2,0,2,0,40
conquest,kingdom,7,97,8623,2,2,0,2,0,40
conquest,kingdom,7,98,8703,2,2,0,2,0,40
conquest,kingdom,7,99,8783,2,2,0,2,0,40
conquest,kingdom,7,100,8850,2,2,0,2,0,40
conquest,kingdom,19,1,277,2,2,1,0,0,11
conquest,kingdom,19,2,367,2,2,0,0,0,11
conquest,kingdom,19,3,447,2,2,0,0,0,11
conquest,kingdom,19,4,526,2,2,0,0,0,11
conquest,kingdom,19,5,646,2,2,0,0,0,11
conquest,kingdom,19,6,742,2,2,0,0,0,11
conquest,kingdom,19,7,862,2,2,0,0,0,11
conquest,kingdom,19,8,982,2,2,0,0,0,11
conquest,kingdom,19,9,1102,2,2,0,0,0,11
conquest,kingdom,19,10,1222,2,2,0,0,0,11
conquest,kingdom,19,11,1382,2,2,0,0,0,11
conquest,kingdom,19,12,1542,2,2,0,0,0,11
conquest,kingdom,19,13,1702,2,2,0,0,0,11
conquest,kingdom,19,14,1822,2,2,0,0,0,11
conquest,kingdom,19,15,1953,2,2,0,0,0,11
conquest,kingdom,19,16,2092,2,2,0,0,0,11
conquest,kingdom,19,17,2232,2,2,0,0,0,11
conquest,kingdom,19,18,2392,2,2,0,0,0,11
conquest,kingdom,19,19,2552,2,2,0,0,0,11
conquest,kingdom,19,20,2695,2,2,0,0,0,11
conquest,kingdom,19,21,2855,2,2,0,0,0,11
conquest,kingdom,19,22,3015,2,2,0,0,0,11
conquest,kingdom,19,23,3165,2,2,0,0,0,11
conquest,kingdom,19,24,3325,2,2,0,0,0,11
conquest,kingdom,19,25,3485,2,2,0,0,0,11
conquest,kingdom,19,26,3645,2,2,0,0,0,11
conquest,kingdom,19,27,3805,2,2,0,0,0,11
conquest,kingdom,19,28,3965,2,2,0,0,0,11
conquest,kingdom,19,29,4125,2,2,0,0,0,11
conquest,kingdom,19,30,4285,2,2,0,0,0,11
conquest,kingdom,19,31,4445,2,2,0,0,0,11
conquest,kingdom,19,32,4605,2,2,0,0,0,11
conquest,kingdom,19,33,4765,2,2,0,0,0,11
conquest,kingdom,19,34,4925,2,2,0,0,0,11
conquest,kingdom,19,35,5085,2,2,0,0,0,11
conquest,kingdom,19,36,5245,2,2,0,0,0,11
conquest,kingdom,19,37,5405,2,2,0,0,0,11
conquest,kingdom,19,38,5565,2,2,0,0,0,11
conquest,kingdom,19,39,5725,2,2,0,0,0,11
conquest,kingdom,19,40,5885,2,2,0,0,0,11
conquest,kingdom,19,41,6045,2,2,0,0,0,11
conquest,kingdom,19,42,6205,2,2,0,0,0,11
conquest,kingdom,19,43,6365,2,2,0,0,0,11
conquest,kingdom,19,44,6485,2,2,0,0,0,11
conquest,kingdom,19,45,6565,2,2,0,0,0,11
conquest,kingdom,19,46,6645,2,2,0,0,0,11
conquest,kingdom,19,47,6725,2,2,0,0,0,11
conquest,kingdom,19,48,6805,2,2,0,0,0,11
conquest,kingdom,19,49,6885,2,2,0,0,0,11
conquest,kingdom,19,50,6965,2,2,0,0,0,11
conquest,kingdom,19,51,7045,2,2,0,0,0,11
conquest,kingdom,19,52,7125,2,2,0,0,0,11
conquest,kingdom,19,53,7205,2,2,0,0,0,11
conquest,kingdom,19,54,7285,2,2,0,0,0,11
conquest,kingdom,19,55,7365,2,2,0,0,0,11
conquest,kingdom,19,56,7445,2,2,0,0,0,11
conquest,kingdom,19,57,7525,2,2,0,0,0,11
conquest,kingdom,19,58,7605,2,2,0,0,0,11
conquest,kingdom,19,59,7685,2,2,0,0,0,11
conquest,kingdom,19,60,7765,2,2,0,0,0,11
conquest,kingdom,19,61,7845,2,2,0,0,0,11
conquest,kingdom,19,62,7925,2,2,0,0,0,11
conquest,kingdom,19,63,8005,2,2,0,0,0,11
conquest,kingdom,19,64,8085,2,2,0,0,0,11
conquest,kingdom,19,65,8165,2,2,0,0,0,11
conquest,kingdom,19,66,8245,2,2,0,0,0,11
conquest,kingdom,19,67,8325,2,2,0,0,0,11
conquest,kingdom,19,68,8405,2,2,0,0,0,11
conquest,kingdom,19,69,8485,2,2,0,0,0,11
conquest,kingdom,19,70,8565,2,2,0,0,0,11
conquest,kingdom,19,71,8645,2,2,0,0,0,11
conquest,kingdom,19,72,8725,2,2,0,0,0,11
conquest,kingdom,19,73,8805,2,2,0,0,0,11
conquest,kingdom,19,74,8885,2,2,0,0,0,11
conquest,kingdom,19,75,8965,2,2,0,0,0,11
conquest,kingdom,19,76,9045,2,2,0,0,0,11
conquest,kingdom,19,77,9125,2,2,0,0,0,11
conquest,kingdom,19,78,9205,2,2,0,0,0,11
conquest,kingdom,19,79,9285,2,2,0,0,0,11
conquest,kingdom,19,80,9365,2,2,0,0,0,11
conquest,kingdom,19,81,9445,2,2,0,0,0,11
conquest,kingdom,19,82,9525,2,2,0,0,0,11
conquest,kingdom,19,83,9605,2,2,0,0,0,11
conquest,kingdom,19,84,9685,2,2,0,0,0,11
conquest,kingdom,19,85,9765,2,2,0,0,0,11
conquest,kingdom,19,86,9845,2,2,0,0,0,11
conquest,kingdom,19,87,9925,2,2,0,0,0,11
conquest,kingdom,19,88,10005,2,2,0,0,0,11
conquest,kingdom,19,89,10085,2,2,0,0,0,11
conquest,kingdom,19,90,10165,2,2,0,0,0,11
conquest,kingdom,19,91,10245,2,2,0,0,0,11
conquest,kingdom,19,92,10325,2,2,0,0,0,11
conquest,kingdom,19,93,10405,2,2,0,0,0,11
conquest,kingdom,19,94,10485,2,2,0,0,0,11
conquest,kingdom,19,95,10565,2,2,0,0,0,11
conquest,kingdom,19,96,10645,2,2,0,0,0,11
conquest,kingdom,19,97,10725,2,2,0,0,0,11
conquest,kingdom,19,98,10805,2,2,0,0,0,11
conquest,kingdom,19,99,10885,2,2,0,0,0,11
conquest,kingdom,19,100,10965,2,2,0,0,0,11
conquest,kingdom,42,1,315,2,2,0,0,0,0
conquest,kingdom,42,2,402,2,2,0,0,0,10
conquest,kingdom,42,3,521,2,2,0,0,0,10
conquest,kingdom,42,4,674,2,2,0,0,0,10
conquest,kingdom,42,5,814,2,2,0,0,0,21
conquest,kingdom,42,6,974,2,2,0,0,0,21
conquest,kingdom,42,7,1134,2,2,0,0,0,21
conquest,kingdom,42,8,1294,2,2,0,0,0,21
conquest,kingdom,42,9,1454,2,2,0,0,0,21
conquest,kingdom,42,10,1574,2,2,0,0,0,21
conquest,kingdom,42,11,1654,2,2,0,0,0,21
conquest,kingdom,42,12,1774,2,2,0,0,0,21
conquest,kingdom,42,13,1894,2,2,0,0,0,21
conquest,kingdom,42,14,1974,2,2,0,0,0,21
conquest,kingdom,42,15,2134,2,2,0,0,0,21
conquest,kingdom,42,16,2254,2,2,0,0,0,21
conquest,kingdom,42,17,2414,2,2,0,0,0,21
conquest,kingdom,42,18,2534,2,2,0,0,0,21
conquest,kingdom,42,19,2654,2,2,0,0,0,21
conquest,kingdom,42,20,2814,2,2,0,0,0,21
conquest,kingdom,42,21,2974,2,2,0,0,0,21
conquest,kingdom,42,22,3134,2,2,0,0,0,21
conquest,kingdom,42,23,3221,2,2,0,0,0,21
conquest,kingdom,42,24,3301,2,2,0,0,0,21
conquest,kingdom,42,25,3381,2,2,0,0,0,21
conquest,kingdom,42,26,3461,2,2,0,0,0,21
conquest,kingdom,42,27,3541,2,2,0,0,0,21
conquest,kingdom,42,28,3621,2,2,0,0,0,21
conquest,kingdom,42,29,3641,2,2,0,0,0,21
conquest,kingdom,42,30,3721,2,2,0,0,0,21
conquest,kingdom,42,31,3801,2,2,0,0,0,21
conquest,kingdom,42,32,3569,2,2,0,0,0,21
conquest,kingdom,42,33,3325,2,2,0,0,0,21
conquest,kingdom,42,34,3325,2,2,0,0,0,21
conquest,kingdom,42,35,3325,2,2,0,0,0,21
conquest,kingdom,42,36,3325,2,2,0,0,0,21
conquest,kingdom,42,37,3133,2,2,0,0,0,21
conquest,kingdom,42,38,3077,2,2,0,0,0,21
conquest,kingdom,42,39,3036,2,2,0,0,0,21
conquest,kingdom,42,40,2692,2,2,0,0,0,21
conquest,kingdom,42,41,1927,2,2,0,0,0,21
faith,kingdom,7,1,449,0,0,0,0,0,0
faith,kingdom,7,2,364,0,0,0,0,0,0
faith,kingdom,7,3,294,0,0,0,0,0,0
faith,kingdom,7,4,264,0,0,0,0,0,0
faith,kingdom,7,5,238,0,0,0,0,0,0
faith,kingdom,7,6,210,0,0,0,0,0,0
faith,kingdom,7,7,178,0,0,0,0,0,0
faith,kingdom,7,8,153,0,0,0,0,0,0
faith,kingdom,7,9,138,0,0,0,0,0,0
faith,kingdom,7,10,138,0,0,0,0,0,0
faith,kingdom,7,11,138,0,0,0,0,0,0
faith,kingdom,7,12,138,0,0,0,0,0,0
faith,kingdom,7,13,138,0,0,0,0,0,0
faith,kingdom,7,14,138,0,0,0,0,0,0
faith,kingdom,7,15,138,0,0,0,0,0,0
faith,kingdom,7,16,138,0,0,0,0,0,0
faith,kingdom,7,17,138,0,0,0,0,0,0
faith,kingdom,7,18,138,0,0,0,0,0,0
faith,kingdom,7,19,138,0,0,0,0,0,0
faith,kingdom,7,20,134,0,0,0,0,0,0
faith,kingdom,7,21,134,0,0,0,0,0,0
faith,kingdom,7,22,134,0,0,0,0,0,0
faith,kingdom,7,23,131,0,0,0,0,0,0
faith,kingdom,7,24,131,0,0,0,0,0,0
faith,kingdom,7,25,131,0,0,0,0,0,0
faith,kingdom,7,26,131,0,0,0,0,0,0
faith,kingdom,7,27,129,0,0,0,0,0,0
faith,kingdom,7,28,129,0,0,0,0,0,0
faith,kingdom,7,29,126,0,0,0,0,0,0
faith,kingdom,7,30,126,0,0,0,0,0,0
faith,kingdom,7,31,126,0,0,0,0,0,0
faith,kingdom,7,32,126,0,0,0,0,0,0
faith,kingdom,7,33,126,0,0,0,0,0,0
faith,kingdom,7,34,126,0,0,0,0,0,0
faith,kingdom,7,35,126,0,0,0,0,0,0
faith,kingdom,7,36,126,0,0,0,0,0,0
faith,kingdom,7,37,126,0,0,0,0,0,0
faith,kingdom,7,38,126,0,0,0,0,0,0
faith,kingdom,7,39,126,0,0,0,0,0,0
faith,kingdom,7,40,126,0,0,0,0,0,0
faith,kingdom,7,41,126,0,0,0,0,0,0
faith,kingdom,7,42,126,0,0,0,0,0,0
faith,kingdom,7,43,126,0,0,0,0,0,0
faith,kingdom,7,44,126,0,0,0,0,0,0
faith,kingdom,7,45,126,0,0,0,0,0,0
faith,kingdom,7,46,126,0,0,0,0,0,0
faith,kingdom,7,47,126,0,0,0,0,0,0
faith,kingdom,7,48,126,0,0,0,0,0,0
faith,kingdom,7,49,126,0,0,0,0,0,0
faith,kingdom,7,50,115,0,0,0,0,0,0
faith,kingdom,7,51,115,0,0,0,0,0,0
faith,kingdom,7,52,115,0,0,0,0,0,0
faith,kingdom,7,53,115,0,0,0,0,0,0
faith,kingdom,7,54,115,0,0,0,0,0,0
faith,kingdom,7,55,115,0,0,0,0,0,0
faith,kingdom,7,56,115,0,0,0,0,0,0
faith,kingdom,7,57,115,0,0,0,0,0,0
faith,kingdom,7,58,115,0,0,0,0,0,0
faith,kingdom,7,59,115,0,0,0,0,0,0
faith,kingdom,7,60,115,0,0,0,0,0,0
faith,kingdom,7,61,104,0,0,0,0,0,0
faith,kingdom,7,62,104,0,0,0,0,0,0
faith,kingdom,7,63,104,0,0,0,0,0,0
faith,kingdom,7,64,104,0,0,0,0,0,0
faith,kingdom,7,65,94,0,0,0,0,0,0
faith,kingdom,7,66,87,0,0,0,0,0,0
faith,kingdom,7,67,87,0,0,0,0,0,0
faith,kingdom,7,68,87,0,0,0,0,0,0
faith,kingdom,7,69,87,0,0,0,0,0,0
faith,kingdom,7,70,87,0,0,0,0,0,0
faith,kingdom,7,71,87,0,0,0,0,0,0
faith,kingdom,7,72,87,0,0,0,0,0,0
faith,kingdom,7,73,79,0,0,0,0,0,0
faith,kingdom,7,74,79,0,0,0,0,0,0
faith,kingdom,7,75,79,0,0,0,0,0,0
faith,kingdom,7,76,79,0,0,0,0,0,0
faith,kingdom,7,77,79,0,0,0,0,0,0
faith,kingdom,7,78,73,0,0,0,0,0,0
faith,kingdom,7,79,73,0,0,0,0,0,0
faith,kingdom,7,80,73,0,0,0,0,0,0
faith,kingdom,7,81,73,0,0,0,0,0,0
faith,kingdom,7,82,73,0,0,0,0,0,0
faith,kingdom,7,83,73,0,0,0,0,0,0
faith,kingdom,7,84,73,0,0,0,0,0,0
faith,kingdom,7,85,73,0,0,0,0,0,0
faith,kingdom,7,86,73,0,0,0,0,0,0
faith,kingdom,7,87,73,0,0,0,0,0,0
faith,kingdom,7,88,73,0,0,0,0,0,0
faith,kingdom,7,89,73,0,0,0,0,0,0
faith,kingdom,7,90,73,0,0,0,0,0,0
faith,kingdom,7,91,73,0,0,0,0,0,0
faith,kingdom,7,92,73,0,0,0,0,0,0
faith,kingdom,7,93,73,0,0,0,0,0,0
faith,kingdom,7,94,73,0,0,0,0,0,0
faith,kingdom,7,95,73,0,0,0,0,0,0
faith,kingdom,7,96,73,0,0,0,0,0,0
faith,kingdom,7,97,73,0,0,0,0,0,0
faith,kingdom,7,98,73,0,0,0,0,0,0
faith,kingdom,7,99,73,0,0,0,0,0,0
faith,kingdom,7,100,73,0,0,0,0,0,0
faith,kingdom,19,1,513,0,0,0,0,0,0
faith,kingdom,19,2,459,0,0,0,0,0,0
faith,kingdom,19,3,371,0,0,0,0,0,0
faith,kingdom,19,4,334,0,0,0,0,0,0
faith,kingdom,19,5,301,0,0,0,0,0,0
faith,kingdom,19,6,261,0,0,0,0,0,0
faith,kingdom,19,7,235,0,0,0,0,0,0
faith,kingdom,19,8,213,0,0,0,0,0,0
faith,kingdom,19,9,197,0,0,0,0,0,0
faith,kingdom,19,10,193,0,0,0,0,0,0
faith,kingdom,19,11,187,0,0,0,0,0,0
faith,kingdom,19,12,175,0,0,0,0,0,0
faith,kingdom,19,13,166,0,0,0,0,0,0
faith,kingdom,19,14,162,0,0,0,0,0,0
faith,kingdom,19,15,122,0,0,0,0,0,0
faith,kingdom,19,16,108,0,0,0,0,0,0
faith,kingdom,19,17,88,0,0,0,0,0,0
faith,kingdom,19,18,78,0,0,0,0,0,0
faith,kingdom,19,19,72,0,0,0,0,0,0
faith,kingdom,19,20,63,0,0,0,0,0,0
faith,kingdom,19,21,58,0,0,0,0,0,0
faith,kingdom,19,22,58,0,0,0,0,0,0
faith,kingdom,19,23,53,0,0,0,0,0,0
faith,kingdom,19,24,52,0,0,0,0,0,0
faith,kingdom,19,25,51,0,0,0,0,0,0
faith,kingdom,19,26,51,0,0,0,0,0,0
faith,kingdom,19,27,51,0,0,0,0,0,0
faith,kingdom,19,28,50,0,0,0,0,0,0
faith,kingdom,19,29,49,0,0,0,0,0,0
faith,kingdom,19,30,49,0,0,0,0,0,0
faith,kingdom,19,31,43,0,0,0,0,0,0
faith,kingdom,19,32,42,0,0,0,0,0,0
faith,kingdom,19,33,42,0,0,0,0,0,0
faith,kingdom,19,34,42,0,0,0,0,0,0
faith,kingdom,19,35,42,0,0,0,0,0,0
faith,kingdom,19,36,42,0,0,0,0,0,0
faith,kingdom,19,37,42,0,0,0,0,0,0
faith,kingdom,19,38,40,0,0,0,0,0,0
faith,kingdom,19,39,40,0,0,0,0,0,0
faith,kingdom,19,40,40,0,0,0,0,0,0
faith,kingdom,19,41,39,0,0,0,0,0,0
faith,kingdom,19,42,39,0,0,0,0,0,0
faith,kingdom,19,43,39,0,0,0,0,0,0
faith,kingdom,19,44,39,0,0,0,0,0,0
faith,kingdom,19,45,39,0,0,0,0,0,0
faith,kingdom,19,46,39,0,0,0,0,0,0
faith,kingdom,19,47,39,0,0,0,0,0,0
faith,kingdom,19,48,28,0,0,0,0,0,0
faith,kingdom,19,49,28,0,0,0,0,0,0
faith,kingdom,19,50,28,0,0,0,0,0,0
faith,kingdom,19,51,28,0,0,0,0,0,0
faith,kingdom,19,52,28,0,0,0,0,0,0
faith,kingdom,19,53,28,0,0,0,0,0,0
faith,kingdom,19,54,28,0,0,0,0,0,0
faith,kingdom,19,55,0,0,0,0,0,0,0
faith,kingdom,19,56,0,0,0,0,0,0,0
faith,kingdom,19,57,0,0,0,0,0,0,0
faith,kingdom,19,58,0,0,0,0,0,0,0
faith,kingdom,19,59,0,0,0,0,0,0,0
faith,kingdom,19,60,0,0,0,0,0,0,0
faith,kingdom,19,61,0,0,0,0,0,0,0
faith,kingdom,19,62,0,0,0,0,0,0,0
faith,kingdom,19,63,0,0,0,0,0,0,0
faith,kingdom,19,64,0,0,0,0,0,0,0
faith,kingdom,19,65,0,0,0,0,0,0,0
faith,kingdom,19,66,0,0,0,0,0,0,0
faith,kingdom,19,67,0,0,0,0,0,0,0
faith,kingdom,42,1,406,0,0,0,0,0,0
faith,kingdom,42,2,406,0,0,0,0,0,0
faith,kingdom,42,3,387,0,0,0,0,0,0
faith,kingdom,42,4,387,0,0,0,0,0,0
faith,kingdom,42,5,380,0,0,0,0,0,0
faith,kingdom,42,6,380,0,0,0,0,0,0
faith,kingdom,42,7,380,0,0,0,0,0,0
faith,kingdom,42,8,380,0,0,0,0,0,0
faith,kingdom,42,9,339,0,0,0,0,0,0
faith,kingdom,42,10,311,0,0,0,0,0,0
faith,kingdom,42,11,311,0,0,0,0,0,0
faith,kingdom,42,12,311,0,0,0,0,0,0
faith,kingdom,42,13,311,0,0,0,0,0,0
faith,kingdom,42,14,311,0,0,0,0,0,0
faith,kingdom,42,15,311,0,0,0,0,0,0
faith,kingdom,42,16,311,0,0,0,0,0,0
faith,kingdom,42,17,303,0,0,0,0,0,0
faith,kingdom,42,18,303,0,0,0,0,0,0
faith,kingdom,42,19,303,0,0,0,0,0,0
faith,kingdom,42,20,303,0,0,0,0,0,0
faith,kingdom,42,21,303,0,0,0,0,0,0
faith,kingdom,42,22,295,0,0,0,0,0,0
faith,kingdom,42,23,295,0,0,0,0,0,0
faith,kingdom,42,24,295,0,0,0,0,0,0
faith,kingdom,42,25,295,0,0,0,0,0,0
faith,kingdom,42,26,295,0,0,0,0,0,0
faith,kingdom,42,27,287,0,0,0,0,0,0
faith,kingdom,42,28,287,0,0,0,0,0,0
faith,kingdom,42,29,287,0,0,0,0,0,0
faith,kingdom,42,30,287,0,0,0,0,0,0
faith,kingdom,42,31,281,0,0,0,0,0,0
faith,kingdom,42,32,281,0,0,0,0,0,0
faith,kingdom,42,33,281,0,0,0,0,0,0
faith,kingdom,42,34,274,0,0,0,0,0,0
faith,kingdom,42,35,274,0,0,0,0,0,0
faith,kingdom,42,36,274,0,0,0,0,0,0
faith,kingdom,42,37,274,0,0,0,0,0,0
faith,kingdom,42,38,274,0,0,0,0,0,0
faith,kingdom,42,39,261,0,0,0,0,0,0
faith,kingdom,42,40,261,0,0,0,0,0,0
faith,kingdom,42,41,261,0,0,0,0,0,0
faith,kingdom,42,42,261,0,0,0,0,0,0
faith,kingdom,42,43,261,0,0,0,0,0,0
faith,kingdom,42,44,255,0,0,0,0,0,0
faith,kingdom,42,45,255,0,0,0,0,0,0
faith,kingdom,42,46,250,0,0,0,0,0,0
faith,kingdom,42,47,250,0,0,0,0,0,0
faith,kingdom,42,48,250,0,0,0,0,0,0
faith,kingdom,42,49,250,0,0,0,0,0,0
faith,kingdom,42,50,250,0,0,0,0,0,0
faith,kingdom,42,51,250,0,0,0,0,0,0
faith,kingdom,42,52,250,0,0,0,0,0,0
faith,kingdom,42,53,250,0,0,0,0,0,0
faith,kingdom,42,54,250,0,0,0,0,0,0
faith,kingdom,42,55,250,0,0,0,0,0,0
faith,kingdom,42,56,250,0,0,0,0,0,0
faith,kingdom,42,57,250,0,0,0,0,0,0
faith,kingdom,42,58,246,0,0,0,0,0,0
faith,kingdom,42,59,246,0,0,0,0,0,0
faith,kingdom,42,60,246,0,0,0,0,0,0
faith,kingdom,42,61,246,0,0,0,0,0,0
faith,kingdom,42,62,246,0,0,0,0,0,0
faith,kingdom,42,63,239,0,0,0,0,0,0
faith,kingdom,42,64,239,0,0,0,0,0,0
faith,kingdom,42,65,239,0,0,0,0,0,0
faith,kingdom,42,66,239,0,0,0,0,0,0
faith,kingdom,42,67,239,0,0,0,0,0,0
faith,kingdom,42,68,232,0,0,0,0,0,0
faith,kingdom,42,69,232,0,0,0,0,0,0
faith,kingdom,42,70,232,0,0,0,0,0,0
faith,kingdom,42,71,232,0,0,0,0,0,0
faith,kingdom,42,72,232,0,0,0,0,0,0
faith,kingdom,42,73,232,0,0,0,0,0,0
faith,kingdom,42,74,232,0,0,0,0,0,0
faith,kingdom,42,75,232,0,0,0,0,0,0
faith,kingdom,42,76,232,0,0,0,0,0,0
faith,kingdom,42,77,232,0,0,0,0,0,0
faith,kingdom,42,78,232,0,0,0,0,0,0
faith,kingdom,42,79,232,0,0,0,0,0,0
faith,kingdom,42,80,232,0,0,0,0,0,0
faith,kingdom,42,81,232,0,0,0,0,0,0
faith,kingdom,42,82,232,0,0,0,0,0,0
faith,kingdom,42,83,232,0,0,0,0,0,0
faith,kingdom,42,84,232,0,0,0,0,0,0
faith,kingdom,42,85,232,0,0,0,0,0,0
faith,kingdom,42,86,232,0,0,0,0,0,0
faith,kingdom,42,87,232,0,0,0,0,0,0
faith,kingdom,42,88,226,0,0,0,0,0,0
faith,kingdom,42,89,226,0,0,0,0,0,0
faith,kingdom,42,90,226,0,0,0,0,0,0
faith,kingdom,42,91,226,0,0,0,0,0,0
faith,kingdom,42,92,220,0,0,0,0,0,0
faith,kingdom,42,93,220,0,0,0,0,0,0
faith,kingdom,42,94,220,0,0,0,0,0,0
faith,kingdom,42,95,220,0,0,0,0,0,0
faith,kingdom,42,96,220,0,0,0,0,0,0
faith,kingdom,42,97,220,0,0,0,0,0,0
faith,kingdom,42,98,220,0,0,0,0,0,0
faith,kingdom,42,99,220,0,0,0,0,0,0
faith,kingdom,42,100,220,0,0,0,0,0,0
merchant,kingdom,7,1,460,0,0,0,0,0,0
merchant,kingdom,7,2,460,0,0,0,0,0,0
merchant,kingdom,7,3,460,0,0,0,0,0,0
merchant,kingdom,7,4,460,0,0,0,0,0,0
merchant,kingdom,7,5,460,0,0,0,0,0,0
merchant,kingdom,7,6,460,0,0,0,0,0,0
merchant,kingdom,7,7,460,0,0,0,0,0,0
merchant,kingdom,7,8,460,0,0,0,0,0,0
merchant,kingdom,7,9,460,0,0,0,0,0,0
merchant,kingdom,7,10,460,0,0,0,0,0,0
merchant,kingdom,7,11,460,0,0,0,0,0,0
merchant,kingdom,7,12,460,0,0,0,0,0,0
merchant,kingdom,7,13,460,0,0,0,0,0,0
merchant,kingdom,7,14,460,0,0,0,0,0,0
merchant,kingdom,7,15,460,0,0,0,0,0,0
merchant,kingdom,7,16,460,0,0,0,0,0,0
merchant,kingdom,7,17,460,0,0,0,0,0,0
merchant,kingdom,7,18,460,0,0,0,0,0,0
merchant,kingdom,7,19,460,0,0,0,0,0,0
merchant,kingdom,7,20,460,0,0,0,0,0,0
merchant,kingdom,7,21,460,0,0,0,0,0,0
merchant,kingdom,7,22,460,0,0,0,0,0,0
merchant,kingdom,7,23,460,0,0,0,0,0,0
merchant,kingdom,7,24,460,0,0,0,0,0,0
merchant,kingdom,7,25,460,0,0,0,0,0,0
merchant,kingdom,7,26,460,0,0,0,0,0,0
merchant,kingdom,7,27,460,0,0,0,0,0,0
merchant,kingdom,7,28,460,0,0,0,0,0,0
merchant,kingdom,7,29,460,0,0,0,0,0,0
merchant,kingdom,7,30,460,0,0,0,0,0,0
merchant,kingdom,7,31,460,0,0,0,0,0,0
merchant,kingdom,7,32,460,0,0,0,0,0,0
merchant,kingdom,7,33,460,0,0,0,0,0,0
merchant,kingdom,7,34,460,0,0,0,0,0,0
merchant,kingdom,7,35,460,0,0,0,0,0,0
merchant,kingdom,7,36,460,0,0,0,0,0,0
merchant,kingdom,7,37,460,0,0,0,0,0,0
merchant,kingdom,7,38,460,0,0,0,0,0,0
merchant,kingdom,7,39,460,0,0,0,0,0,0
merchant,kingdom,7,40,460,0,0,0,0,0,0
merchant,kingdom,7,41,460,0,0,0,0,0,0
merchant,kingdom,7,42,460,0,0,0,0,0,0
merchant,kingdom,7,43,460,0,0,0,0,0,0
merchant,kingdom,7,44,460,0,0,0,0,0,0
merchant,kingdom,7,45,460,0,0,0,0,0,0
merchant,kingdom,7,46,460,0,0,0,0,0,0
merchant,kingdom,7,47,460,0,0,0,0,0,0
merchant,kingdom,7,48,460,0,0,0,0,0,0
merchant,kingdom,7,49,460,0,0,0,0,0,0
merchant,kingdom,7,50,460,0,0,0,0,0,0
merchant,kingdom,7,51,460,0,0,0,0,0,0
merchant,kingdom,7,52,460,0,0,0,0,0,0
merchant,kingdom,7,53,460,0,0,0,0,0,0
merchant,kingdom,7,54,460,0,0,0,0,0,0
merchant,kingdom,7,55,460,0,0,0,0,0,0
merchant,kingdom,7,56,460,0,0,0,0,0,0
merchant,kingdom,7,57,460,0,0,0,0,0,0
merchant,kingdom,7,58,460,0,0,0,0,0,0
merchant,kingdom,7,59,460,0,0,0,0,0,0
merchant,kingdom,7,60,460,0,0,0,0,0,0
merchant,kingdom,7,61,460,0,0,0,0,0,0
merchant,kingdom,7,62,460,0,0,0,0,0,0
merchant,kingdom,7,63,460,0,0,0,0,0,0
merchant,kingdom,7,64,460,0,0,0,0,0,0
merchant,kingdom,7,65,460,0,0,0,0,0,0
merchant,kingdom,7,66,460,0,0,0,0,0,0
merchant,kingdom,7,67,460,0,0,0,0,0,0
merchant,kingdom,7,68,460,0,0,0,0,0,0
merchant,kingdom,7,69,460,0,0,0,0,0,0
merchant,kingdom,7,70,460,0,0,0,0,0,0
merchant,kingdom,7,71,460,0,0,0,0,0,0
merchant,kingdom,7,72,460,0,0,0,0,0,0
merchant,kingdom,7,73,460,0,0,0,0,0,0
merchant,kingdom,7,74,460,0,0,0,0,0,0
merchant,kingdom,7,75,460,0,0,0,0,0,0
merchant,kingdom,7,76,460,0,0,0,0,0,0
merchant,kingdom,7,77,460,0,0,0,0,0,0
merchant,kingdom,7,78,460,0,0,0,0,0,0
merchant,kingdom,7,79,460,0,0,0,0,0,0
merchant,kingdom,7,80,460,0,0,0,0,0,0
merchant,kingdom,7,81,460,0,0,0,0,0,0
merchant,kingdom,7,82,460,0,0,0,0,0,0
merchant,kingdom,7,83,460,0,0,0,0,0,0
merchant,kingdom,7,84,460,0,0,0,0,0,0
merchant,kingdom,7,85,460,0,0,0,0,0,0
merchant,kingdom,7,86,460,0,0,0,0,0,0
merchant,kingdom,7,87,460,0,0,0,0,0,0
merchant,kingdom,7,88,460,0,0,0,0,0,0
merchant,kingdom,7,89,460,0,0,0,0,0,0
merchant,kingdom,7,90,403,0,0,0,0,0,0
merchant,kingdom,7,91,403,0,0,0,0,0,0
merchant,kingdom,7,92,403,0,0,0,0,0,0
merchant,kingdom,7,93,403,0,0,0,0,0,0
merchant,kingdom,7,94,403,0,0,0,0,0,0
merchant,kingdom,7,95,403,0,0,0,0,0,0
merchant,kingdom,7,96,403,0,0,0,0,0,0
merchant,kingdom,7,97,403,0,0,0,0,0,0
merchant,kingdom,7,98,403,0,0,0,0,0,0
merchant,kingdom,7,99,403,0,0,0,0,0,0
merchant,kingdom,7,100,403,0,0,0,0,0,0
merchant,kingdom,19,1,540,0,0,0,0,0,0
merchant,kingdom,19,2,540,0,0,0,0,0,0
merchant,kingdom,19,3,540,0,0,0,0,0,0
merchant,kingdom,19,4,540,0,0,0,0,0,0
merchant,kingdom,19,5,540,0,0,0,0,0,0
merchant,kingdom,19,6,540,0,0,0,0,0,0
merchant,kingdom,19,7,540,0,0,0,0,0,0
merchant,kingdom,19,8,540,0,0,0,0,0,0
merchant,kingdom,19,9,540,0,0,0,0,0,0
merchant,kingdom,19,10,540,0,0,0,0,0,0
merchant,kingdom,19,11,540,0,0,0,0,0,0
merchant,kingdom,19,12,540,0,0,0,0,0,0
merchant,kingdom,19,13,540,0,0,0,0,0,0
merchant,kingdom,19,14,540,0,0,0,0,0,0
merchant,kingdom,19,15,507,0,0,0,0,0,0
merchant,kingdom,19,16,507,0,0,0,0,0,0
merchant,kingdom,19,17,484,0,0,0,0,0,0
merchant,kingdom,19,18,484,0,0,0,0,0,0
merchant,kingdom,19,19,484,0,0,0,0,0,0
merchant,kingdom,19,20,464,0,0,0,0,0,0
merchant,kingdom,19,21,464,0,0,0,0,0,0
merchant,kingdom,19,22,464,0,0,0,0,0,0
merchant,kingdom,19,23,464,0,0,0,0,0,0
merchant,kingdom,19,24,464,0,0,0,0,0,0
merchant,kingdom,19,25,464,0,0,0,0,0,0
merchant,kingdom,19,26,464,0,0,0,0,0,0
merchant,kingdom,19,27,464,0,0,0,0,0,0
merchant,kingdom,19,28,464,0,0,0,0,0,0
merchant,kingdom,19,29,464,0,0,0,0,0,0
merchant,kingdom,19,30,464,0,0,0,0,0,0
merchant,kingdom,19,31,464,0,0,0,0,0,0
merchant,kingdom,19,32,464,0,0,0,0,0,0
merchant,kingdom,19,33,464,0,0,0,0,0,0
merchant,kingdom,19,34,464,0,0,0,0,0,0
merchant,kingdom,19,35,464,0,0,0,0,0,0
merchant,kingdom,19,36,464,0,0,0,0,0,0
merchant,kingdom,19,37,464,0,0,0,0,0,0
merchant,kingdom,19,38,464,0,0,0,0,0,0
merchant,kingdom,19,39,464,0,0,0,0,0,0
merchant,kingdom,19,40,464,0,0,0,0,0,0
merchant,kingdom,19,41,464,0,0,0,0,0,0
merchant,kingdom,19,42,464,0,0,0,0,0,0
merchant,kingdom,19,43,464,0,0,0,0,0,0
merchant,kingdom,19,44,464,0,0,0,0,0,0
merchant,kingdom,19,45,464,0,0,0,0,0,0
merchant,kingdom,19,46,464,0,0,0,0,0,0
merchant,kingdom,19,47,464,0,0,0,0,0,0
merchant,kingdom,19,48,464,0,0,0,0,0,0
merchant,kingdom,19,49,464,0,0,0,0,0,0
merchant,kingdom,19,50,464,0,0,0,0,0,0
merchant,kingdom,19,51,464,0,0,0,0,0,0
merchant,kingdom,19,52,464,0,0,0,0,0,0
merchant,kingdom,19,53,464,0,0,0,0,0,0
merchant,kingdom,19,54,464,0,0,0,0,0,0
merchant,kingdom,19,55,464,0,0,0,0,0,0
merchant,kingdom,19,56,464,0,0,0,0,0,0
merchant,kingdom,19,57,464,0,0,0,0,0,0
merchant,kingdom,19,58,464,0,0,0,0,0,0
merchant,kingdom,19,59,464,0,0,0,0,0,0
merchant,kingdom,19,60,464,0,0,0,0,0,0
merchant,kingdom,19,61,464,0,0,0,0,0,0
merchant,kingdom,19,62,464,0,0,0,0,0,0
merchant,kingdom,19,63,448,0,0,0,0,0,0
merchant,kingdom,19,64,436,0,0,0,0,0,0
merchant,kingdom,19,65,436,0,0,0,0,0,0
merchant,kingdom,19,66,436,0,0,0,0,0,0
merchant,kingdom,19,67,427,0,0,0,0,0,0
merchant,kingdom,19,68,427,0,0,0,0,0,0
merchant,kingdom,19,69,427,0,0,0,0,0,0
merchant,kingdom,19,70,420,0,0,0,0,0,0
merchant,kingdom,19,71,412,0,0,0,0,0,0
merchant,kingdom,19,72,409,0,0,0,0,0,0
merchant,kingdom,19,73,406,0,0,0,0,0,0
merchant,kingdom,19,74,406,0,0,0,0,0,0
merchant,kingdom,19,75,406,0,0,0,0,0,0
merchant,kingdom,19,76,404,0,0,0,0,0,0
merchant,kingdom,19,77,404,0,0,0,0,0,0
merchant,kingdom,19,78,404,0,0,0,0,0,0
merchant,kingdom,19,79,404,0,0,0,0,0,0
merchant,kingdom,19,80,404,0,0,0,0,0,0
merchant,kingdom,19,81,404,0,0,0,0,0,0
merchant,kingdom,19,82,404,0,0,0,0,0,0
merchant,kingdom,19,83,404,0,0,0,0,0,0
merchant,kingdom,19,84,404,0,0,0,0,0,0
merchant,kingdom,19,85,404,0,0,0,0,0,0
merchant,kingdom,19,86,404,0,0,0,0,0,0
merchant,kingdom,19,87,404,0,0,0,0,0,0
merchant,kingdom,19,88,404,0,0,0,0,0,0
merchant,kingdom,19,89,404,0,0,0,0,0,0
merchant,kingdom,19,90,404,0,0,0,0,0,0
merchant,kingdom,19,91,404,0,0,0,0,0,0
merchant,kingdom,19,92,404,0,0,0,0,0,0
merchant,kingdom,19,93,404,0,0,0,0,0,0
merchant,kingdom,19,94,404,0,0,0,0,0,0
merchant,kingdom,19,95,404,0,0,0,0,0,0
merchant,kingdom,19,96,404,0,0,0,0,0,0
merchant,kingdom,19,97,404,0,0,0,0,0,0
merchant,kingdom,19,98,404,0,0,0,0,0,0
merchant,kingdom,19,99,404,0,0,0,0,0,0
merchant,kingdom,19,100,404,0,0,0,0,0,0
merchant,kingdom,42,1,406,0,0,0,0,0,0
merchant,kingdom,42,2,406,0,0,0,0,0,0
merchant,kingdom,42,3,406,0,0,0,0,0,0
merchant,kingdom,42,4,406,0,0,0,0,0,0
merchant,kingdom,42,5,406,0,0,0,0,0,0
merchant,kingdom,42,6,406,0,0,0,0,0,0
merchant,kingdom,42,7,406,0,0,0,0,0,0
merchant,kingdom,42,8,406,0,0,0,0,0,0
merchant,kingdom,42,9,406,0,0,0,0,0,0
merchant,kingdom,42,10,406,0,0,0,0,0,0
merchant,kingdom,42,11,406,0,0,0,0,0,0
merchant,kingdom,42,12,406,0,0,0,0,0,0
merchant,kingdom,42,13,406,0,0,0,0,0,0
merchant,kingdom,42,14,406,0,0,0,0,0,0
merchant,kingdom,42,15,406,0,0,0,0,0,0
merchant,kingdom,42,16,406,0,0,0,0,0,0
merchant,kingdom,42,17,406,0,0,0,0,0,0
merchant,kingdom,42,18,406,0,0,0,0,0,0
merchant,kingdom,42,19,406,0,0,0,0,0,0
merchant,kingdom,42,20,406,0,0,0,0,0,0
merchant,kingdom,42,21,406,0,0,0,0,0,0
merchant,kingdom,42,22,406,0,0,0,0,0,0
merchant,kingdom,42,23,406,0,0,0,0,0,0
merchant,kingdom,42,24,406,0,0,0,0,0,0
merchant,kingdom,42,25,406,0,0,0,0,0,0
merchant,kingdom,42,26,406,0,0,0,0,0,0
merchant,kingdom,42,27,406,0,0,0,0,0,0
merchant,kingdom,42,28,406,0,0,0,0,0,0
merchant,kingdom,42,29,406,0,0,0,0,0,0
merchant,kingdom,42,30,406,0,0,0,0,0,0
merchant,kingdom,42,31,406,0,0,0,0,0,0
merchant,kingdom,42,32,406,0,0,0,0,0,0
merchant,kingdom,42,33,406,0,0,0,0,0,0
merchant,kingdom,42,34,406,0,0,0,0,0,0
merchant,kingdom,42,35,406,0,0,0,0,0,0
merchant,kingdom,42,36,406,0,0,0,0,0,0
merchant,kingdom,42,37,406,0,0,0,0,0,0
merchant,kingdom,42,38,406,0,0,0,0,0,0
merchant,kingdom,42,39,406,0,0,0,0,0,0
merchant,kingdom,42,40,406,0,0,0,0,0,0
merchant,kingdom,42,41,406,0,0,0,0,0,0
merchant,kingdom,42,42,406,0,0,0,0,0,0
merchant,kingdom,42,43,406,0,0,0,0,0,0
merchant,kingdom,42,44,406,0,0,0,0,0,0
merchant,kingdom,42,45,406,0,0,0,0,0,0
merchant,kingdom,42,46,406,0,0,0,0,0,0
merchant,kingdom,42,47,406,0,0,0,0,0,0
merchant,kingdom,42,48,406,0,0,0,0,0,0
merchant,kingdom,42,49,406,0,0,0,0,0,0
merchant,kingdom,42,50,406,0,0,0,0,0,0
merchant,kingdom,42,51,406,0,0,0,0,0,0
merchant,kingdom,42,52,406,0,0,0,0,0,0
merchant,kingdom,42,53,406,0,0,0,0,0,0
merchant,kingdom,42,54,406,0,0,0,0,0,0
merchant,kingdom,42,55,406,0,0,0,0,0,0
merchant,kingdom,42,56,406,0,0,0,0,0,0
merchant,kingdom,42,57,406,0,0,0,0,0,0
merchant,kingdom,42,58,406,0,0,0,0,0,0
merchant,kingdom,42,59,406,0,0,0,0,0,0
merchant,kingdom,42,60,406,0,0,0,0,0,0
merchant,kingdom,42,61,406,0,0,0,0,0,0
merchant,kingdom,42,62,406,0,0,0,0,0,0
merchant,kingdom,42,63,406,0,0,0,0,0,0
merchant,kingdom,42,64,406,0,0,0,0,0,0
merchant,kingdom,42,65,406,0,0,0,0,0,0
merchant,kingdom,42,66,406,0,0,0,0,0,0
merchant,kingdom,42,67,406,0,0,0,0,0,0
merchant,kingdom,42,68,406,0,0,0,0,0,0
merchant,kingdom,42,69,406,0,0,0,0,0,0
merchant,kingdom,42,70,406,0,0,0,0,0,0
merchant,kingdom,42,71,406,0,0,0,0,0,0
merchant,kingdom,42,72,406,0,0,0,0,0,0
merchant,kingdom,42,73,406,0,0,0,0,0,0
merchant,kingdom,42,74,406,0,0,0,0,0,0
merchant,kingdom,42,75,406,0,0,0,0,0,0
merchant,kingdom,42,76,406,0,0,0,0,0,0
merchant,kingdom,42,77,406,0,0,0,0,0,0
merchant,kingdom,42,78,406,0,0,0,0,0,0
merchant,kingdom,42,79,406,0,0,0,0,0,0
merchant,kingdom,42,80,406,0,0,0,0,0,0
merchant,kingdom,42,81,406,0,0,0,0,0,0
merchant,kingdom,42,82,406,0,0,0,0,0,0
merchant,kingdom,42,83,406,0,0,0,0,0,0
merchant,kingdom,42,84,406,0,0,0,0,0,0
merchant,kingdom,42,85,406,0,0,0,0,0,0
merchant,kingdom,42,86,406,0,0,0,0,0,0
merchant,kingdom,42,87,406,0,0,0,0,0,0
merchant,kingdom,42,88,406,0,0,0,0,0,0
merchant,kingdom,42,89,406,0,0,0,0,0,0
merchant,kingdom,42,90,406,0,0,0,0,0,0
merchant,kingdom,42,91,406,0,0,0,0,0,0
merchant,kingdom,42,92,406,0,0,0,0,0,0
merchant,kingdom,42,93,406,0,0,0,0,0,0
merchant,kingdom,42,94,406,0,0,0,0,0,0
merchant,kingdom,42,95,406,0,0,0,0,0,0
merchant,kingdom,42,96,406,0,0,0,0,0,0
merchant,kingdom,42,97,406,0,0,0,0,0,0
merchant,kingdom,42,98,406,0,0,0,0,0,0
merchant,kingdom,42,99,406,0,0,0,0,0,0
merchant,kingdom,42,100,406,0,0,0,0,0,0
nomad,kingdom,7,1,317,2,2,0,0,0,0
nomad,kingdom,7,2,390,2,2,0,0,0,35
nomad,kingdom,7,3,414,2,2,0,0,0,35
nomad,kingdom,7,4,374,2,2,0,0,0,35
nomad,kingdom,7,5,339,2,2,0,0,0,35
nomad,kingdom,7,6,310,2,2,0,0,0,35
nomad,kingdom,7,7,288,2,2,0,0,0,35
nomad,kingdom,7,8,256,2,2,0,0,0,35
nomad,kingdom,7,9,268,2,2,0,0,0,35
nomad,kingdom,7,10,298,2,2,0,0,0,35
nomad,kingdom,7,11,418,2,2,0,0,0,35
nomad,kingdom,7,12,508,2,2,0,0,0,35
nomad,kingdom,7,13,538,2,2,0,0,0,35
nomad,kingdom,7,14,628,2,2,0,0,0,35
nomad,kingdom,7,15,636,2,2,0,0,0,35
nomad,kingdom,7,16,636,2,2,0,0,0,35
nomad,kingdom,7,17,618,2,2,0,0,0,35
nomad,kingdom,7,18,694,2,2,0,0,0,35
nomad,kingdom,7,19,724,2,2,0,0,0,35
nomad,kingdom,7,20,760,2,2,0,0,0,35
nomad,kingdom,7,21,820,2,2,0,0,0,35
nomad,kingdom,7,22,940,2,2,0,0,0,35
nomad,kingdom,7,23,1000,2,2,0,0,0,35
nomad,kingdom,7,24,1060,2,2,0,0,0,35
nomad,kingdom,7,25,1120,2,2,0,0,0,35
nomad,kingdom,7,26,1210,2,2,0,0,0,35
nomad,kingdom,7,27,1244,2,2,0,0,0,35
nomad,kingdom,7,28,1304,2,2,0,0,0,35
nomad,kingdom,7,29,1364,2,2,0,0,0,35
nomad,kingdom,7,30,1394,2,2,0,0,0,35
nomad,kingdom,7,31,1454,2,2,0,0,0,35
nomad,kingdom,7,32,1514,2,2,0,0,0,35
nomad,kingdom,7,33,1604,2,2,0,0,0,35
nomad,kingdom,7,34,1724,2,2,0,0,0,35
nomad,kingdom,7,35,1844,2,2,0,0,0,35
nomad,kingdom,7,36,1964,2,2,0,0,0,35
nomad,kingdom,7,37,2084,2,2,0,0,0,35
nomad,kingdom,7,38,2204,2,2,0,0,0,35
nomad,kingdom,7,39,2294,2,2,0,0,0,35
nomad,kingdom,7,40,2414,2,2,0,0,0,35
nomad,kingdom,7,41,2534,2,2,0,0,0,35
nomad,kingdom,7,42,2654,2,2,0,0,0,35
nomad,kingdom,7,43,2774,2,2,0,0,0,35
nomad,kingdom,7,44,2894,2,2,0,0,0,35
nomad,kingdom,7,45,3014,2,2,0,0,0,35
nomad,kingdom,7,46,3134,2,2,0,0,0,35
nomad,kingdom,7,47,3254,2,2,0,0,0,35
nomad,kingdom,7,48,3374,2,2,0,0,0,35
nomad,kingdom,7,49,3494,2,2,0,0,0,35
nomad,kingdom,7,50,3614,2,2,0,0,0,35
nomad,kingdom,7,51,3734,2,2,0,0,0,35
nomad,kingdom,7,52,3854,2,2,0,0,0,35
nomad,kingdom,7,53,3974,2,2,0,0,0,35
nomad,kingdom,7,54,4094,2,2,0,0,0,35
nomad,kingdom,7,55,4033,2,2,0,0,0,35
nomad,kingdom,7,56,4123,2,2,0,0,0,35
nomad,kingdom,7,57,4243,2,2,0,0,0,35
nomad,kingdom,7,58,4138,2,2,0,0,0,35
nomad,kingdom,7,59,4150,2,2,0,0,0,35
nomad,kingdom,7,60,4122,2,2,0,0,0,35
nomad,kingdom,7,61,4145,2,2,0,0,0,35
nomad,kingdom,7,62,4235,2,2,0,0,0,35
nomad,kingdom,7,63,4355,2,2,0,0,0,35
nomad,kingdom,7,64,4475,2,2,0,0,0,35
nomad,kingdom,7,65,4595,2,2,0,0,0,35
nomad,kingdom,7,66,4715,2,2,0,0,0,35
nomad,kingdom,7,67,4835,2,2,0,0,0,35
nomad,kingdom,7,68,4955,2,2,0,0,0,35
nomad,kingdom,7,69,5075,2,2,0,0,0,35
nomad,kingdom,7,70,5195,2,2,0,0,0,35
nomad,kingdom,7,71,5315,2,2,0,0,0,35
nomad,kingdom,7,72,5435,2,2,0,0,0,35
nomad,kingdom,7,73,5555,2,2,0,0,0,35
nomad,kingdom,7,74,5675,2,2,0,0,0,35
nomad,kingdom,7,75,5795,2,2,0,0,0,35
nomad,kingdom,7,76,5915,2,2,0,0,0,35
nomad,kingdom,7,77,6035,2,2,0,0,0,35
nomad,kingdom,7,78,6155,2,2,0,0,0,35
nomad,kingdom,7,79,6275,2,2,0,0,0,35
nomad,kingdom,7,80,6395,2,2,0,0,0,35
nomad,kingdom,7,81,6515,2,2,0,0,0,35
nomad,kingdom,7,82,6635,2,2,0,0,0,35
nomad,kingdom,7,83,6755,2,2,0,0,0,35
nomad,kingdom,7,84,6875,2,2,0,0,0,35
nomad,kingdom,7,85,6995,2,2,0,0,0,35
nomad,kingdom,7,86,7115,2,2,0,0,0,35
nomad,kingdom,7,87,7235,2,2,0,0,0,35
nomad,kingdom,7,88,7335,2,2,0,0,0,35
nomad,kingdom,7,89,7415,2,2,0,0,0,35
nomad,kingdom,7,90,7495,2,2,0,0,0,35
nomad,kingdom,7,91,6835,2,2,0,0,0,35
nomad,kingdom,7,92,5782,2,2,0,0,0,35
nomad,kingdom,7,93,5085,2,2,0,0,0,35
nomad,kingdom,7,94,4361,2,2,0,0,0,35
nomad,kingdom,7,95,4078,2,2,0,0,0,35
nomad,kingdom,7,96,4158,2,2,0,0,0,35
nomad,kingdom,7,97,4238,2,2,0,0,0,35
nomad,kingdom,7,98,3746,2,2,0,0,0,35
nomad,kingdom,7,99,3255,2,2,0,0,0,35
nomad,kingdom,7,100,3213,2,2,0,0,0,35
nomad,kingdom,19,1,275,2,2,0,0,0,11
nomad,kingdom,19,2,354,2,2,0,0,0,17
nomad,kingdom,19,3,474,2,2,0,0,0,17
nomad,kingdom,19,4,469,2,2,0,0,0,17
nomad,kingdom,19,5,421,2,2,0,0,0,17
nomad,kingdom,19,6,347,2,2,0,0,0,17
nomad,kingdom,19,7,314,2,2,0,0,0,17
nomad,kingdom,19,8,292,2,2,0,0,0,17
nomad,kingdom,19,9,272,2,2,0,0,0,17
nomad,kingdom,19,10,327,2,2,0,0,0,17
nomad,kingdom,19,11,447,2,2,0,0,0,17
nomad,kingdom,19,12,551,2,2,0,0,0,17
nomad,kingdom,19,13,671,2,2,0,0,0,17
nomad,kingdom,19,14,761,2,2,0,0,0,17
nomad,kingdom,19,15,654,2,2,0,0,0,17
nomad,kingdom,19,16,563,2,2,0,0,0,17
nomad,kingdom,19,17,436,2,2,0,0,0,17
nomad,kingdom,19,18,366,2,2,0,0,0,17
nomad,kingdom,19,19,306,2,2,0,0,0,17
nomad,kingdom,19,20,252,2,2,0,0,0,17
nomad,kingdom,19,21,226,2,2,0,0,0,17
nomad,kingdom,19,22,280,2,2,0,0,0,17
nomad,kingdom,19,23,307,2,2,0,0,0,17
nomad,kingdom,19,24,299,2,2,0,0,0,17
nomad,kingdom,19,25,389,2,2,0,0,0,17
nomad,kingdom,19,26,396,2,2,0,0,0,17
nomad,kingdom,19,27,477,2,2,0,0,0,17
nomad,kingdom,19,28,537,2,2,0,0,0,17
nomad,kingdom,19,29,527,2,2,0,0,0,17
nomad,kingdom,19,30,546,2,2,0,0,0,17
nomad,kingdom,19,31,613,2,2,0,0,0,17
nomad,kingdom,19,32,568,2,2,0,0,0,17
nomad,kingdom,19,33,658,2,2,0,0,0,17
nomad,kingdom,19,34,748,2,2,0,0,0,17
nomad,kingdom,19,35,868,2,2,0,0,0,17
nomad,kingdom,19,36,988,2,2,0,0,0,17
nomad,kingdom,19,37,1108,2,2,0,0,0,17
nomad,kingdom,19,38,1228,2,2,0,0,0,17
nomad,kingdom,19,39,1348,2,2,0,0,0,17
nomad,kingdom,19,40,1468,2,2,0,0,0,17
nomad,kingdom,19,41,1588,2,2,0,0,0,17
nomad,kingdom,19,42,1708,2,2,0,0,0,17
nomad,kingdom,19,43,1828,2,2,0,0,0,17
nomad,kingdom,19,44,1753,2,2,0,0,0,17
nomad,kingdom,19,45,1824,2,2,0,0,0,17
nomad,kingdom,19,46,1812,2,2,0,0,0,17
nomad,kingdom,19,47,1632,2,2,0,0,0,17
nomad,kingdom,19,48,1645,2,2,0,0,0,17
nomad,kingdom,19,49,1735,2,2,0,0,0,17
nomad,kingdom,19,50,1855,2,2,0,0,0,17
nomad,kingdom,19,51,1975,2,2,0,0,0,17
nomad,kingdom,19,52,2095,2,2,0,0,0,17
nomad,kingdom,19,53,2215,2,2,0,0,0,17
nomad,kingdom,19,54,2335,2,2,0,0,0,17
nomad,kingdom,19,55,2376,2,2,0,0,0,17
nomad,kingdom,19,56,2436,2,2,0,0,0,17
nomad,kingdom,19,57,2556,2,2,0,0,0,17
nomad,kingdom,19,58,2676,2,2,0,0,0,17
nomad,kingdom,19,59,2796,2,2,0,0,0,17
nomad,kingdom,19,60,2916,2,2,0,0,0,17
nomad,kingdom,19,61,3036,2,2,0,0,0,17
nomad,kingdom,19,62,3156,2,2,0,0,0,17
nomad,kingdom,19,63,3276,2,2,0,0,0,17
nomad,kingdom,19,64,3396,2,2,0,0,0,17
nomad,kingdom,19,65,3516,2,2,0,0,0,17
nomad,kingdom,19,66,3636,2,2,0,0,0,17
nomad,kingdom,19,67,3756,2,2,0,0,0,17
nomad,kingdom,19,68,3876,2,2,0,0,0,17
nomad,kingdom,19,69,3996,2,2,0,0,0,17
nomad,kingdom,19,70,4116,2,2,0,0,0,17
nomad,kingdom,19,71,4236,2,2,0,0,0,17
nomad,kingdom,19,72,4356,2,2,0,0,0,17
nomad,kingdom,19,73,4476,2,2,0,0,0,17
nomad,kingdom,19,74,4596,2,2,0,0,0,17
nomad,kingdom,19,75,4716,2,2,0,0,0,17
nomad,kingdom,19,76,4836,2,2,0,0,0,17
nomad,kingdom,19,77,4956,2,2,0,0,0,17
nomad,kingdom,19,78,5076,2,2,0,0,0,17
nomad,kingdom,19,79,5196,2,2,0,0,0,17
nomad,kingdom,19,80,5316,2,2,0,0,0,17
nomad,kingdom,19,81,5436,2,2,0,0,0,17
nomad,kingdom,19,82,5556,2,2,0,0,0,17
nomad,kingdom,19,83,5676,2,2,0,0,0,17
nomad,kingdom,19,84,5796,2,2,0,0,0,17
nomad,kingdom,19,85,5916,2,2,0,0,0,17
nomad,kingdom,19,86,6036,2,2,0,0,0,17
nomad,kingdom,19,87,6156,2,2,0,0,0,17
nomad,kingdom,19,88,6276,2,2,0,0,0,17
nomad,kingdom,19,89,6396,2,2,0,0,0,17
nomad,kingdom,19,90,6516,2,2,0,0,0,17
nomad,kingdom,19,91,6636,2,2,0,0,0,17
nomad,kingdom,19,92,6756,2,2,0,0,0,17
nomad,kingdom,19,93,6876,2,2,0,0,0,17
nomad,kingdom,19,94,6996,2,2,0,0,0,17
nomad,kingdom,19,95,7116,2,2,0,0,0,17
nomad,kingdom,19,96,7236,2,2,0,0,0,17
nomad,kingdom,19,97,7356,2,2,0,0,0,17
nomad,kingdom,19,98,7476,2,2,0,0,0,17
nomad,kingdom,19,99,7596,2,2,0,0,0,17
nomad,kingdom,19,100,7716,2,2,0,0,0,17
nomad,kingdom,42,1,285,2,2,0,0,0,0
nomad,kingdom,42,2,342,2,2,0,0,0,10
nomad,kingdom,42,3,429,2,2,0,0,0,10
nomad,kingdom,42,4,517,2,2,0,0,0,10
nomad,kingdom,42,5,549,2,2,0,0,0,21
nomad,kingdom,42,6,658,2,2,0,0,0,21
nomad,kingdom,42,7,630,2,2,0,0,0,21
nomad,kingdom,42,8,720,2,2,0,0,0,21
nomad,kingdom,42,9,780,2,2,0,0,0,21
nomad,kingdom,42,10,810,2,2,0,0,0,21
nomad,kingdom,42,11,870,2,2,0,0,0,21
nomad,kingdom,42,12,930,2,2,0,0,0,21
nomad,kingdom,42,13,960,2,2,0,0,0,21
nomad,kingdom,42,14,990,2,2,0,0,0,21
nomad,kingdom,42,15,1080,2,2,0,0,0,21
nomad,kingdom,42,16,1110,2,2,0,0,0,21
nomad,kingdom,42,17,1170,2,2,0,0,0,21
nomad,kingdom,42,18,1200,2,2,0,0,0,21
nomad,kingdom,42,19,1230,2,2,0,0,0,21
nomad,kingdom,42,20,1320,2,2,0,0,0,21
nomad,kingdom,42,21,1440,2,2,0,0,0,21
nomad,kingdom,42,22,1403,2,2,0,0,0,21
nomad,kingdom,42,23,1252,2,2,0,0,0,21
nomad,kingdom,42,24,1342,2,2,0,0,0,21
nomad,kingdom,42,25,1462,2,2,0,0,0,21
nomad,kingdom,42,26,1492,2,2,0,0,0,21
nomad,kingdom,42,27,1522,2,2,0,0,0,21
nomad,kingdom,42,28,1552,2,2,0,0,0,21
nomad,kingdom,42,29,1487,2,2,0,0,0,21
nomad,kingdom,42,30,1607,2,2,0,0,0,21
nomad,kingdom,42,31,1727,2,2,0,0,0,21
nomad,kingdom,42,32,1677,2,2,0,0,0,21
nomad,kingdom,42,33,1642,2,2,0,0,0,21
nomad,kingdom,42,34,1702,2,2,0,0,0,21
nomad,kingdom,42,35,1762,2,2,0,0,0,21
nomad,kingdom,42,36,1822,2,2,0,0,0,21
nomad,kingdom,42,37,1882,2,2,0,0,0,21
nomad,kingdom,42,38,1972,2,2,0,0,0,21
nomad,kingdom,42,39,2092,2,2,0,0,0,21
nomad,kingdom,42,40,2152,2,2,0,0,0,21
nomad,kingdom,42,41,1894,2,2,0,0,0,21
nomad,kingdom,42,42,1718,2,2,0,0,0,21
nomad,kingdom,42,43,1636,2,2,0,0,0,21
nomad,kingdom,42,44,1756,2,2,0,0,0,21
nomad,kingdom,42,45,1740,2,2,0,0,0,21
nomad,kingdom,42,46,1800,2,2,0,0,0,21
nomad,kingdom,42,47,1769,2,2,0,0,0,21
nomad,kingdom,42,48,1846,2,2,0,0,0,21
nomad,kingdom,42,49,1906,2,2,0,0,0,21
nomad,kingdom,42,50,1890,2,2,0,0,0,21
nomad,kingdom,42,51,1920,2,2,0,0,0,21
nomad,kingdom,42,52,1980,2,2,0,0,0,21
nomad,kingdom,42,53,2070,2,2,0,0,0,21
nomad,kingdom,42,54,2190,2,2,0,0,0,21
nomad,kingdom,42,55,2211,2,2,0,0,0,21
nomad,kingdom,42,56,2226,2,2,0,0,0,21
nomad,kingdom,42,57,2346,2,2,0,0,0,21
nomad,kingdom,42,58,2323,2,2,0,0,0,21
nomad,kingdom,42,59,2347,2,2,0,0,0,21
nomad,kingdom,42,60,2437,2,2,0,0,0,21
nomad,kingdom,42,61,2557,2,2,0,0,0,21
nomad,kingdom,42,62,2522,2,2,0,0,0,21
nomad,kingdom,42,63,2233,2,2,0,0,0,21
nomad,kingdom,42,64,2293,2,2,0,0,0,21
nomad,kingdom,42,65,2353,2,2,0,0,0,21
nomad,kingdom,42,66,2384,2,2,0,0,0,21
nomad,kingdom,42,67,2444,2,2,0,0,0,21
nomad,kingdom,42,68,2504,2,2,0,0,0,21
nomad,kingdom,42,69,2506,2,2,0,0,0,21
nomad,kingdom,42,70,2466,2,2,0,0,0,21
nomad,kingdom,42,71,2586,2,2,0,0,0,21
nomad,kingdom,42,72,2706,2,2,0,0,0,21
nomad,kingdom,42,73,2766,2,2,0,0,0,21
nomad,kingdom,42,74,2856,2,2,0,0,0,21
nomad,kingdom,42,75,2946,2,2,0,0,0,21
nomad,kingdom,42,76,3036,2,2,0,0,0,21
nomad,kingdom,42,77,3126,2,2,0,0,0,21
nomad,kingdom,42,78,3246,2,2,0,0,0,21
nomad,kingdom,42,79,3366,2,2,0,0,0,21
nomad,kingdom,42,80,3486,2,2,0,0,0,21
nomad,kingdom,42,81,3606,2,2,0,0,0,21
nomad,kingdom,42,82,3726,2,2,0,0,0,21
nomad,kingdom,42,83,3846,2,2,0,0,0,21
nomad,kingdom,42,84,3966,2,2,0,0,0,21
nomad,kingdom,42,85,4086,2,2,0,0,0,21
nomad,kingdom,42,86,4206,2,2,0,0,0,21
nomad,kingdom,42,87,4326,2,2,0,0,0,21
nomad,kingdom,42,88,4446,2,2,0,0,0,21
nomad,kingdom,42,89,4246,2,2,0,0,0,21
nomad,kingdom,42,90,4217,2,2,0,0,0,21
nomad,kingdom,42,91,4195,2,2,0,0,0,21
nomad,kingdom,42,92,3884,2,2,0,0,0,21
nomad,kingdom,42,93,3974,2,2,0,0,0,21
nomad,kingdom,42,94,4094,2,2,0,0,0,21
nomad,kingdom,42,95,4214,2,2,0,0,0,21
nomad,kingdom,42,96,4334,2,2,0,0,0,21
nomad,kingdom,42,97,4454,2,2,0,0,0,21
nomad,kingdom,42,98,4574,2,2,0,0,0,21
nomad,kingdom,42,99,4694,2,2,0,0,0,21
nomad,kingdom,42,100,4814,2,2,0,0,0,21
builder,kingdom,7,1,460,0,0,0,0,0,0
builder,kingdom,7,2,460,0,0,0,0,0,0
builder,kingdom,7,3,460,0,0,0,0,0,0
builder,kingdom,7,4,460,0,0,0,0,0,0
builder,kingdom,7,5,460,0,0,0,0,0,0
builder,kingdom,7,6,452,0,0,0,0,0,0
builder,kingdom,7,7,375,0,0,0,0,0,0
builder,kingdom,7,8,301,0,0,0,0,0,0
builder,kingdom,7,9,258,0,0,0,0,0,0
builder,kingdom,7,10,251,0,0,0,0,0,0
builder,kingdom,7,11,251,0,0,0,0,0,0
builder,kingdom,7,12,251,0,0,0,0,0,0
builder,kingdom,7,13,251,0,0,0,0,0,0
builder,kingdom,7,14,251,0,0,0,0,0,0
builder,kingdom,7,15,251,0,0,0,0,0,0
builder,kingdom,7,16,251,0,0,0,0,0,0
builder,kingdom,7,17,251,0,0,0,0,0,0
builder,kingdom,7,18,251,0,0,0,0,0,0
builder,kingdom,7,19,251,0,0,0,0,0,0
builder,kingdom,7,20,251,0,0,0,0,0,0
builder,kingdom,7,21,251,0,0,0,0,0,0
builder,kingdom,7,22,251,0,0,0,0,0,0
builder,kingdom,7,23,251,0,0,0,0,0,0
builder,kingdom,7,24,251,0,0,0,0,0,0
builder,kingdom,7,25,251,0,0,0,0,0,0
builder,kingdom,7,26,251,0,0,0,0,0,0
builder,kingdom,7,27,251,0,0,0,0,0,0
builder,kingdom,7,28,251,0,0,0,0,0,0
builder,kingdom,7,29,251,0,0,0,0,0,0
builder,kingdom,7,30,251,0,0,0,0,0,0
builder,kingdom,7,31,251,0,0,0,0,0,0
builder,kingdom,7,32,251,0,0,0,0,0,0
builder,kingdom,7,33,251,0,0,0,0,0,0
builder,kingdom,7,34,251,0,0,0,0,0,0
builder,kingdom,7,35,251,0,0,0,0,0,0
builder,kingdom,7,36,251,0,0,0,0,0,0
builder,kingdom,7,37,251,0,0,0,0,0,0
builder,kingdom,7,38,251,0,0,0,0,0,0
builder,kingdom,7,39,251,0,0,0,0,0,0
builder,kingdom,7,40,251,0,0,0,0,0,0
builder,kingdom,7,41,251,0,0,0,0,0,0
builder,kingdom,7,42,251,0,0,0,0,0,0
builder,kingdom,7,43,251,0,0,0,0,0,0
builder,kingdom,7,44,251,0,0,0,0,0,0
builder,kingdom,7,45,251,0,0,0,0,0,0
builder,kingdom,7,46,251,0,0,0,0,0,0
builder,kingdom,7,47,251,0,0,0,0,0,0
builder,kingdom,7,48,251,0,0,0,0,0,0
builder,kingdom,7,49,251,0,0,0,0,0,0
builder,kingdom,7,50,251,0,0,0,0,0,0
builder,kingdom,7,51,251,0,0,0,0,0,0
builder,kingdom,7,52,251,0,0,0,0,0,0
builder,kingdom,7,53,251,0,0,0,0,0,0
builder,kingdom,7,54,251,0,0,0,0,0,0
builder,kingdom,7,55,217,0,0,0,0,0,0
builder,kingdom,7,56,217,0,0,0,0,0,0
builder,kingdom,7,57,217,0,0,0,0,0,0
builder,kingdom,7,58,217,0,0,0,0,0,0
builder,kingdom,7,59,217,0,0,0,0,0,0
builder,kingdom,7,60,217,0,0,0,0,0,0
builder,kingdom,7,61,217,0,0,0,0,0,0
builder,kingdom,7,62,217,0,0,0,0,0,0
builder,kingdom,7,63,217,0,0,0,0,0,0
builder,kingdom,7,64,217,0,0,0,0,0,0
builder,kingdom,7,65,217,0,0,0,0,0,0
builder,kingdom,7,66,217,0,0,0,0,0,0
builder,kingdom,7,67,217,0,0,0,0,0,0
builder,kingdom,7,68,217,0,0,0,0,0,0
builder,kingdom,7,69,217,0,0,0,0,0,0
builder,kingdom,7,70,217,0,0,0,0,0,0
builder,kingdom,7,71,217,0,0,0,0,0,0
builder,kingdom,7,72,217,0,0,0,0,0,0
builder,kingdom,7,73,217,0,0,0,0,0,0
builder,kingdom,7,74,217,0,0,0,0,0,0
builder,kingdom,7,75,217,0,0,0,0,0,0
builder,kingdom,7,76,217,0,0,0,0,0,0
builder,kingdom,7,77,217,0,0,0,0,0,0
builder,kingdom,7,78,217,0,0,0,0,0,0
builder,kingdom,7,79,217,0,0,0,0,0,0
builder,kingdom,7,80,203,0,0,0,0,0,0
builder,kingdom,7,81,187,0,0,0,0,0,0
builder,kingdom,7,82,187,0,0,0,0,0,0
builder,kingdom,7,83,187,0,0,0,0,0,0
builder,kingdom,7,84,187,0,0,0,0,0,0
builder,kingdom,7,85,187,0,0,0,0,0,0
builder,kingdom,7,86,187,0,0,0,0,0,0
builder,kingdom,7,87,187,0,0,0,0,0,0
builder,kingdom,7,88,187,0,0,0,0,0,0
builder,kingdom,7,89,187,0,0,0,0,0,0
builder,kingdom,7,90,173,0,0,0,0,0,0
builder,kingdom,7,91,173,0,0,0,0,0,0
builder,kingdom,7,92,173,0,0,0,0,0,0
builder,kingdom,7,93,173,0,0,0,0,0,0
builder,kingdom,7,94,159,0,0,0,0,0,0
builder,kingdom,7,95,159,0,0,0,0,0,0
builder,kingdom,7,96,159,0,0,0,0,0,0
builder,kingdom,7,97,159,0,0,0,0,0,0
builder,kingdom,7,98,159,0,0,0,0,0,0
builder,kingdom,7,99,159,0,0,0,0,0,0
builder,kingdom,7,100,159,0,0,0,0,0,0
builder,kingdom,19,1,540,0,0,0,0,0,0
builder,kingdom,19,2,540,0,0,0,0,0,0
builder,kingdom,19,3,540,0,0,0,0,0,0
builder,kingdom,19,4,540,0,0,0,0,0,0
builder,kingdom,19,5,500,0,0,0,0,0,0
builder,kingdom,19,6,448,0,0,0,0,0,0
builder,kingdom,19,7,413,0,0,0,0,0,0
builder,kingdom,19,8,413,0,0,0,0,0,0
builder,kingdom,19,9,413,0,0,0,0,0,0
builder,kingdom,19,10,413,0,0,0,0,0,0
builder,kingdom,19,11,413,0,0,0,0,0,0
builder,kingdom,19,12,413,0,0,0,0,0,0
builder,kingdom,19,13,413,0,0,0,0,0,0
builder,kingdom,19,14,413,0,0,0,0,0,0
builder,kingdom,19,15,387,0,0,0,0,0,0
builder,kingdom,19,16,387,0,0,0,0,0,0
builder,kingdom,19,17,369,0,0,0,0,0,0
builder,kingdom,19,18,369,0,0,0,0,0,0
builder,kingdom,19,19,369,0,0,0,0,0,0
builder,kingdom,19,20,353,0,0,0,0,0,0
builder,kingdom,19,21,343,0,0,0,0,0,0
builder,kingdom,19,22,343,0,0,0,0,0,0
builder,kingdom,19,23,328,0,0,0,0,0,0
builder,kingdom,19,24,328,0,0,0,0,0,0
builder,kingdom,19,25,328,0,0,0,0,0,0
builder,kingdom,19,26,323,0,0,0,0,0,0
builder,kingdom,19,27,323,0,0,0,0,0,0
builder,kingdom,19,28,323,0,0,0,0,0,0
builder,kingdom,19,29,323,0,0,0,0,0,0
builder,kingdom,19,30,323,0,0,0,0,0,0
builder,kingdom,19,31,319,0,0,0,0,0,0
builder,kingdom,19,32,315,0,0,0,0,0,0
builder,kingdom,19,33,313,0,0,0,0,0,0
builder,kingdom,19,34,311,0,0,0,0,0,0
builder,kingdom,19,35,311,0,0,0,0,0,0
builder,kingdom,19,36,311,0,0,0,0,0,0
builder,kingdom,19,37,311,0,0,0,0,0,0
builder,kingdom,19,38,311,0,0,0,0,0,0
builder,kingdom,19,39,311,0,0,0,0,0,0
builder,kingdom,19,40,311,0,0,0,0,0,0
builder,kingdom,19,41,311,0,0,0,0,0,0
builder,kingdom,19,42,311,0,0,0,0,0,0
builder,kingdom,19,43,311,0,0,0,0,0,0
builder,kingdom,19,44,311,0,0,0,0,0,0
builder,kingdom,19,45,311,0,0,0,0,0,0
builder,kingdom,19,46,311,0,0,0,0,0,0
builder,kingdom,19,47,311,0,0,0,0,0,0
builder,kingdom,19,48,311,0,0,0,0,0,0
builder,kingdom,19,49,311,0,0,0,0,0,0
builder,kingdom,19,50,311,0,0,0,0,0,0
builder,kingdom,19,51,311,0,0,0,0,0,0
builder,kingdom,19,52,311,0,0,0,0,0,0
builder,kingdom,19,53,311,0,0,0,0,0,0
builder,kingdom,19,54,311,0,0,0,0,0,0
builder,kingdom,19,55,311,0,0,0,0,0,0
builder,kingdom,19,56,311,0,0,0,0,0,0
builder,kingdom,19,57,311,0,0,0,0,0,0
builder,kingdom,19,58,311,0,0,0,0,0,0
builder,kingdom,19,59,311,0,0,0,0,0,0
builder,kingdom,19,60,311,0,0,0,0,0,0
builder,kingdom,19,61,311,0,0,0,0,0,0
builder,kingdom,19,62,311,0,0,0,0,0,0
builder,kingdom,19,63,311,0,0,0,0,0,0
builder,kingdom,19,64,311,0,0,0,0,0,0
builder,kingdom,19,65,311,0,0,0,0,0,0
builder,kingdom,19,66,311,0,0,0,0,0,0
builder,kingdom,19,67,311,0,0,0,0,0,0
builder,kingdom,19,68,311,0,0,0,0,0,0
builder,kingdom,19,69,311,0,0,0,0,0,0
builder,kingdom,19,70,311,0,0,0,0,0,0
builder,kingdom,19,71,311,0,0,0,0,0,0
builder,kingdom,19,72,311,0,0,0,0,0,0
builder,kingdom,19,73,311,0,0,0,0,0,0
builder,kingdom,19,74,311,0,0,0,0,0,0
builder,kingdom,19,75,311,0,0,0,0,0,0
builder,kingdom,19,76,311,0,0,0,0,0,0
builder,kingdom,19,77,311,0,0,0,0,0,0
builder,kingdom,19,78,311,0,0,0,0,0,0
builder,kingdom,19,79,311,0,0,0,0,0,0
builder,kingdom,19,80,311,0,0,0,0,0,0
builder,kingdom,19,81,311,0,0,0,0,0,0
builder,kingdom,19,82,311,0,0,0,0,0,0
builder,kingdom,19,83,311,0,0,0,0,0,0
builder,kingdom,19,84,311,0,0,0,0,0,0
builder,kingdom,19,85,311,0,0,0,0,0,0
builder,kingdom,19,86,311,0,0,0,0,0,0
builder,kingdom,19,87,311,0,0,0,0,0,0
builder,kingdom,19,88,311,0,0,0,0,0,0
builder,kingdom,19,89,311,0,0,0,0,0,0
builder,kingdom,19,90,311,0,0,0,0,0,0
builder,kingdom,19,91,311,0,0,0,0,0,0
builder,kingdom,19,92,311,0,0,0,0,0,0
builder,kingdom,19,93,309,0,0,0,0,0,0
builder,kingdom,19,94,309,0,0,0,0,0,0
builder,kingdom,19,95,309,0,0,0,0,0,0
builder,kingdom,19,96,309,0,0,0,0,0,0
builder,kingdom,19,97,309,0,0,0,0,0,0
builder,kingdom,19,98,309,0,0,0,0,0,0
builder,kingdom,19,99,309,0,0,0,0,0,0
builder,kingdom,19,100,309,0,0,0,0,0,0
builder,kingdom,42,1,406,0,0,0,0,0,0
builder,kingdom,42,2,406,0,0,0,0,0,0
builder,kingdom,42,3,406,0,0,0,0,0,0
builder,kingdom,42,4,368,0,0,0,0,0,0
builder,kingdom,42,5,339,0,0,0,0,0,0
builder,kingdom,42,6,339,0,0,0,0,0,0
builder,kingdom,42,7,339,0,0,0,0,0,0
builder,kingdom,42,8,339,0,0,0,0,0,0
builder,kingdom,42,9,339,0,0,0,0,0,0
builder,kingdom,42,10,339,0,0,0,0,0,0
builder,kingdom,42,11,339,0,0,0,0,0,0
builder,kingdom,42,12,339,0,0,0,0,0,0
builder,kingdom,42,13,339,0,0,0,0,0,0
builder,kingdom,42,14,339,0,0,0,0,0,0
builder,kingdom,42,15,339,0,0,0,0,0,0
builder,kingdom,42,16,339,0,0,0,0,0,0
builder,kingdom,42,17,339,0,0,0,0,0,0
builder,kingdom,42,18,339,0,0,0,0,0,0
builder,kingdom,42,19,339,0,0,0,0,0,0
builder,kingdom,42,20,339,0,0,0,0,0,0
builder,kingdom,42,21,339,0,0,0,0,0,0
builder,kingdom,42,22,339,0,0,0,0,0,0
builder,kingdom,42,23,339,0,0,0,0,0,0
builder,kingdom,42,24,339,0,0,0,0,0,0
builder,kingdom,42,25,339,0,0,0,0,0,0
builder,kingdom,42,26,339,0,0,0,0,0,0
builder,kingdom,42,27,339,0,0,0,0,0,0
builder,kingdom,42,28,339,0,0,0,0,0,0
builder,kingdom,42,29,339,0,0,0,0,0,0
builder,kingdom,42,30,339,0,0,0,0,0,0
builder,kingdom,42,31,339,0,0,0,0,0,0
builder,kingdom,42,32,339,0,0,0,0,0,0
builder,kingdom,42,33,339,0,0,0,0,0,0
builder,kingdom,42,34,339,0,0,0,0,0,0
builder,kingdom,42,35,339,0,0,0,0,0,0
builder,kingdom,42,36,339,0,0,0,0,0,0
builder,kingdom,42,37,339,0,0,0,0,0,0
builder,kingdom,42,38,339,0,0,0,0,0,0
builder,kingdom,42,39,339,0,0,0,0,0,0
builder,kingdom,42,40,339,0,0,0,0,0,0
builder,kingdom,42,41,339,0,0,0,0,0,0
builder,kingdom,42,42,339,0,0,0,0,0,0
builder,kingdom,42,43,339,0,0,0,0,0,0
builder,kingdom,42,44,339,0,0,0,0,0,0
builder,kingdom,42,45,339,0,0,0,0,0,0
builder,kingdom,42,46,339,0,0,0,0,0,0
builder,kingdom,42,47,339,0,0,0,0,0,0
builder,kingdom,42,48,339,0,0,0,0,0,0
builder,kingdom,42,49,339,0,0,0,0,0,0
builder,kingdom,42,50,339,0,0,0,0,0,0
builder,kingdom,42,51,339,0,0,0,0,0,0
builder,kingdom,42,52,339,0,0,0,0,0,0
builder,kingdom,42,53,339,0,0,0,0,0,0
builder,kingdom,42,54,339,0,0,0,0,0,0
builder,kingdom,42,55,339,0,0,0,0,0,0
builder,kingdom,42,56,339,0,0,0,0,0,0
builder,kingdom,42,57,339,0,0,0,0,0,0
builder,kingdom,42,58,339,0,0,0,0,0,0
builder,kingdom,42,59,339,0,0,0,0,0,0
builder,kingdom,42,60,339,0,0,0,0,0,0
builder,kingdom,42,61,339,0,0,0,0,0,0
builder,kingdom,42,62,339,0,0,0,0,0,0
builder,kingdom,42,63,339,0,0,0,0,0,0
builder,kingdom,42,64,339,0,0,0,0,0,0
builder,kingdom,42,65,339,0,0,0,0,0,0
builder,kingdom,42,66,339,0,0,0,0,0,0
builder,kingdom,42,67,339,0,0,0,0,0,0
builder,kingdom,42,68,339,0,0,0,0,0,0
builder,kingdom,42,69,339,0,0,0,0,0,0
builder,kingdom,42,70,339,0,0,0,0,0,0
builder,kingdom,42,71,339,0,0,0,0,0,0
builder,kingdom,42,72,339,0,0,0,0,0,0
builder,kingdom,42,73,339,0,0,0,0,0,0
builder,kingdom,42,74,339,0,0,0,0,0,0
builder,kingdom,42,75,339,0,0,0,0,0,0
builder,kingdom,42,76,339,0,0,0,0,0,0
builder,kingdom,42,77,339,0,0,0,0,0,0
builder,kingdom,42,78,339,0,0,0,0,0,0
builder,kingdom,42,79,339,0,0,0,0,0,0
builder,kingdom,42,80,339,0,0,0,0,0,0
builder,kingdom,42,81,339,0,0,0,0,0,0
builder,kingdom,42,82,339,0,0,0,0,0,0
builder,kingdom,42,83,339,0,0,0,0,0,0
builder,kingdom,42,84,339,0,0,0,0,0,0
builder,kingdom,42,85,339,0,0,0,0,0,0
builder,kingdom,42,86,339,0,0,0,0,0,0
builder,kingdom,42,87,339,0,0,0,0,0,0
builder,kingdom,42,88,339,0,0,0,0,0,0
builder,kingdom,42,89,339,0,0,0,0,0,0
builder,kingdom,42,90,339,0,0,0,0,0,0
builder,kingdom,42,91,339,0,0,0,0,0,0
builder,kingdom,42,92,339,0,0,0,0,0,0
builder,kingdom,42,93,339,0,0,0,0,0,0
builder,kingdom,42,94,339,0,0,0,0,0,0
builder,kingdom,42,95,339,0,0,0,0,0,0
builder,kingdom,42,96,339,0,0,0,0,0,0
builder,kingdom,42,97,339,0,0,0,0,0,0
builder,kingdom,42,98,339,0,0,0,0,0,0
builder,kingdom,42,99,339,0,0,0,0,0,0
builder,kingdom,42,100,339,0,0,0,0,0,0
isolationist,kingdom,7,1,414,0,0,0,0,0,0
isolationist,kingdom,7,2,329,0,0,0,0,0,0
isolationist,kingdom,7,3,277,0,0,0,0,0,0
isolationist,kingdom,7,4,249,0,0,0,0,0,0
isolationist,kingdom,7,5,218,0,0,0,0,0,0
isolationist,kingdom,7,6,193,0,0,0,0,0,0
isolationist,kingdom,7,7,168,0,0,0,0,0,0
isolationist,kingdom,7,8,146,0,0,0,0,0,0
isolationist,kingdom,7,9,132,0,0,0,0,0,0
isolationist,kingdom,7,10,146,0,0,0,0,0,0
isolationist,kingdom,7,11,142,0,0,0,0,0,0
isolationist,kingdom,7,12,134,0,0,0,0,0,0
isolationist,kingdom,7,13,134,0,0,0,0,0,0
isolationist,kingdom,7,14,134,0,0,0,0,0,0
isolationist,kingdom,7,15,125,0,0,0,0,0,0
isolationist,kingdom,7,16,121,0,0,0,0,0,0
isolationist,kingdom,7,17,140,0,0,0,0,0,0
isolationist,kingdom,7,18,140,0,0,0,0,0,0
isolationist,kingdom,7,19,135,0,0,0,0,0,0
isolationist,kingdom,7,20,132,0,0,0,0,0,0
isolationist,kingdom,7,21,132,0,0,0,0,0,0
isolationist,kingdom,7,22,128,0,0,0,0,0,0
isolationist,kingdom,7,23,121,0,0,0,0,0,0
isolationist,kingdom,7,24,146,0,0,0,0,0,0
isolationist,kingdom,7,25,146,0,0,0,0,0,0
isolationist,kingdom,7,26,146,0,0,0,0,0,0
isolationist,kingdom,7,27,142,0,0,0,0,0,0
isolationist,kingdom,7,28,167,0,0,0,0,0,0
isolationist,kingdom,7,29,157,0,0,0,0,0,0
isolationist,kingdom,7,30,157,0,0,0,0,0,0
isolationist,kingdom,7,31,157,0,0,0,0,0,0
isolationist,kingdom,7,32,173,0,0,0,0,0,0
isolationist,kingdom,7,33,166,0,0,0,0,0,0
isolationist,kingdom,7,34,161,0,0,0,0,0,0
isolationist,kingdom,7,35,183,0,0,0,0,0,0
isolationist,kingdom,7,36,183,0,0,0,0,0,0
isolationist,kingdom,7,37,183,0,0,0,0,0,0
isolationist,kingdom,7,38,183,0,0,0,0,0,0
isolationist,kingdom,7,39,183,0,0,0,0,0,0
isolationist,kingdom,7,40,183,0,0,0,0,0,0
isolationist,kingdom,7,41,183,0,0,0,0,0,0
isolationist,kingdom,7,42,183,0,0,0,0,0,0
isolationist,kingdom,7,43,203,0,0,0,0,0,0
isolationist,kingdom,7,44,203,0,0,0,0,0,0
isolationist,kingdom,7,45,203,0,0,0,0,0,0
isolationist,kingdom,7,46,203,0,0,0,0,0,0
isolationist,kingdom,7,47,203,0,0,0,0,0,0
isolationist,kingdom,7,48,203,0,0,0,0,0,0
isolationist,kingdom,7,49,228,0,0,0,0,0,0
isolationist,kingdom,7,50,228,0,0,0,0,0,0
isolationist,kingdom,7,51,228,0,0,0,0,0,0
isolationist,kingdom,7,52,228,0,0,0,0,0,0
isolationist,kingdom,7,53,228,0,0,0,0,0,0
isolationist,kingdom,7,54,228,0,0,0,0,0,0
isolationist,kingdom,7,55,241,0,0,0,0,0,0
isolationist,kingdom,7,56,241,0,0,0,0,0,0
isolationist,kingdom,7,57,241,0,0,0,0,0,0
isolationist,kingdom,7,58,266,0,0,0,0,0,0
isolationist,kingdom,7,59,266,0,0,0,0,0,0
isolationist,kingdom,7,60,277,0,0,0,0,0,0
isolationist,kingdom,7,61,277,0,0,0,0,0,0
isolationist,kingdom,7,62,277,0,0,0,0,0,0
isolationist,kingdom,7,63,277,0,0,0,0,0,0
isolationist,kingdom,7,64,302,0,0,0,0,0,0
isolationist,kingdom,7,65,302,0,0,0,0,0,0
isolationist,kingdom,7,66,302,0,0,0,0,0,0
isolationist,kingdom,7,67,302,0,0,0,0,0,0
isolationist,kingdom,7,68,302,0,0,0,0,0,0
isolationist,kingdom,7,69,327,0,0,0,0,0,0
isolationist,kingdom,7,70,327,0,0,0,0,0,0
isolationist,kingdom,7,71,327,0,0,0,0,0,0
isolationist,kingdom,7,72,327,0,0,0,0,0,0
isolationist,kingdom,7,73,327,0,0,0,0,0,0
isolationist,kingdom,7,74,327,0,0,0,0,0,0
isolationist,kingdom,7,75,327,0,0,0,0,0,0
isolationist,kingdom,7,76,327,0,0,0,0,0,0
isolationist,kingdom,7,77,327,0,0,0,0,0,0
isolationist,kingdom,7,78,327,0,0,0,0,0,0
isolationist,kingdom,7,79,352,0,0,0,0,0,0
isolationist,kingdom,7,80,352,0,0,0,0,0,0
isolationist,kingdom,7,81,352,0,0,0,0,0,0
isolationist,kingdom,7,82,377,0,0,0,0,0,0
isolationist,kingdom,7,83,377,0,0,0,0,0,0
isolationist,kingdom,7,84,377,0,0,0,0,0,0
isolationist,kingdom,7,85,377,0,0,0,0,0,0
isolationist,kingdom,7,86,402,0,0,0,0,0,0
isolationist,kingdom,7,87,402,0,0,0,0,0,0
isolationist,kingdom,7,88,402,0,0,0,0,0,0
isolationist,kingdom,7,89,427,0,0,0,0,0,0
isolationist,kingdom,7,90,427,0,0,0,0,0,0
isolationist,kingdom,7,91,427,0,0,0,0,0,0
isolationist,kingdom,7,92,452,0,0,0,0,0,0
isolationist,kingdom,7,93,452,0,0,0,0,0,0
isolationist,kingdom,7,94,452,0,0,0,0,0,0
isolationist,kingdom,7,95,452,0,0,0,0,0,0
isolationist,kingdom,7,96,452,0,0,0,0,0,0
isolationist,kingdom,7,97,477,0,0,0,0,0,0
isolationist,kingdom,7,98,477,0,0,0,0,0,0
isolationist,kingdom,7,99,477,0,0,0,0,0,0
isolationist,kingdom,7,100,502,0,0,0,0,0,0
isolationist,kingdom,19,1,540,0,0,0,0,0,0
isolationist,kingdom,19,2,485,0,0,0,0,0,0
isolationist,kingdom,19,3,392,0,0,0,0,0,0
isolationist,kingdom,19,4,319,0,0,0,0,0,0
isolationist,kingdom,19,5,277,0,0,0,0,0,0
isolationist,kingdom,19,6,240,0,0,0,0,0,0
isolationist,kingdom,19,7,216,0,0,0,0,0,0
isolationist,kingdom,19,8,202,0,0,0,0,0,0
isolationist,kingdom,19,9,182,0,0,0,0,0,0
isolationist,kingdom,19,10,174,0,0,0,0,0,0
isolationist,kingdom,19,11,169,0,0,0,0,0,0
isolationist,kingdom,19,12,123,0,0,0,0,0,0
isolationist,kingdom,19,13,115,0,0,0,0,0,0
isolationist,kingdom,19,14,105,0,0,0,0,0,0
isolationist,kingdom,19,15,94,0,0,0,0,0,0
isolationist,kingdom,19,16,86,0,0,0,0,0,0
isolationist,kingdom,19,17,67,0,0,0,0,0,0
isolationist,kingdom,19,18,60,0,0,0,0,0,0
isolationist,kingdom,19,19,56,0,0,0,0,0,0
isolationist,kingdom,19,20,51,0,0,0,0,0,0
isolationist,kingdom,19,21,72,0,0,0,0,0,0
isolationist,kingdom,19,22,122,0,0,0,0,0,0
isolationist,kingdom,19,23,131,0,0,0,0,0,0
isolationist,kingdom,19,24,152,0,0,0,0,0,0
isolationist,kingdom,19,25,142,0,0,0,0,0,0
isolationist,kingdom,19,26,161,0,0,0,0,0,0
isolationist,kingdom,19,27,155,0,0,0,0,0,0
isolationist,kingdom,19,28,175,0,0,0,0,0,0
isolationist,kingdom,19,29,162,0,0,0,0,0,0
isolationist,kingdom,19,30,154,0,0,0,0,0,0
isolationist,kingdom,19,31,167,0,0,0,0,0,0
isolationist,kingdom,19,32,139,0,0,0,0,0,0
isolationist,kingdom,19,33,117,0,0,0,0,0,0
isolationist,kingdom,19,34,140,0,0,0,0,0,0
isolationist,kingdom,19,35,190,0,0,0,0,0,0
isolationist,kingdom,19,36,208,0,0,0,0,0,0
isolationist,kingdom,19,37,233,0,0,0,0,0,0
isolationist,kingdom,19,38,214,0,0,0,0,0,0
isolationist,kingdom,19,39,214,0,0,0,0,0,0
isolationist,kingdom,19,40,208,0,0,0,0,0,0
isolationist,kingdom,19,41,171,0,0,0,0,0,0
isolationist,kingdom,19,42,171,0,0,0,0,0,0
isolationist,kingdom,19,43,196,0,0,0,0,0,0
isolationist,kingdom,19,44,188,0,0,0,0,0,0
isolationist,kingdom,19,45,188,0,0,0,0,0,0
isolationist,kingdom,19,46,184,0,0,0,0,0,0
isolationist,kingdom,19,47,180,0,0,0,0,0,0
isolationist,kingdom,19,48,196,0,0,0,0,0,0
isolationist,kingdom,19,49,188,0,0,0,0,0,0
isolationist,kingdom,19,50,209,0,0,0,0,0,0
isolationist,kingdom,19,51,234,0,0,0,0,0,0
isolationist,kingdom,19,52,219,0,0,0,0,0,0
isolationist,kingdom,19,53,239,0,0,0,0,0,0
isolationist,kingdom,19,54,264,0,0,0,0,0,0
isolationist,kingdom,19,55,289,0,0,0,0,0,0
isolationist,kingdom,19,56,314,0,0,0,0,0,0
isolationist,kingdom,19,57,314,0,0,0,0,0,0
isolationist,kingdom,19,58,339,0,0,0,0,0,0
isolationist,kingdom,19,59,339,0,0,0,0,0,0
isolationist,kingdom,19,60,339,0,0,0,0,0,0
isolationist,kingdom,19,61,339,0,0,0,0,0,0
isolationist,kingdom,19,62,339,0,0,0,0,0,0
isolationist,kingdom,19,63,325,0,0,0,0,0,0
isolationist,kingdom,19,64,325,0,0,0,0,0,0
isolationist,kingdom,19,65,325,0,0,0,0,0,0
isolationist,kingdom,19,66,325,0,0,0,0,0,0
isolationist,kingdom,19,67,325,0,0,0,0,0,0
isolationist,kingdom,19,68,325,0,0,0,0,0,0
isolationist,kingdom,19,69,325,0,0,0,0,0,0
isolationist,kingdom,19,70,325,0,0,0,0,0,0
isolationist,kingdom,19,71,350,0,0,0,0,0,0
isolationist,kingdom,19,72,350,0,0,0,0,0,0
isolationist,kingdom,19,73,350,0,0,0,0,0,0
isolationist,kingdom,19,74,400,0,0,0,0,0,0
isolationist,kingdom,19,75,400,0,0,0,0,0,0
isolationist,kingdom,19,76,400,0,0,0,0,0,0
isolationist,kingdom,19,77,425,0,0,0,0,0,0
isolationist,kingdom,19,78,450,0,0,0,0,0,0
isolationist,kingdom,19,79,450,0,0,0,0,0,0
isolationist,kingdom,19,80,475,0,0,0,0,0,0
isolationist,kingdom,19,81,475,0,0,0,0,0,0
isolationist,kingdom,19,82,475,0,0,0,0,0,0
isolationist,kingdom,19,83,475,0,0,0,0,0,0
isolationist,kingdom,19,84,475,0,0,0,0,0,0
isolationist,kingdom,19,85,475,0,0,0,0,0,0
isolationist,kingdom,19,86,475,0,0,0,0,0,0
isolationist,kingdom,19,87,475,0,0,0,0,0,0
isolationist,kingdom,19,88,475,0,0,0,0,0,0
isolationist,kingdom,19,89,475,0,0,0,0,0,0
isolationist,kingdom,19,90,475,0,0,0,0,0,0
isolationist,kingdom,19,91,500,0,0,0,0,0,0
isolationist,kingdom,19,92,500,0,0,0,0,0,0
isolationist,kingdom,19,93,525,0,0,0,0,0,0
isolationist,kingdom,19,94,550,0,0,0,0,0,0
isolationist,kingdom,19,95,550,0,0,0,0,0,0
isolationist,kingdom,19,96,550,0,0,0,0,0,0
isolationist,kingdom,19,97,550,0,0,0,0,0,0
isolationist,kingdom,19,98,550,0,0,0,0,0,0
isolationist,kingdom,19,99,550,0,0,0,0,0,0
isolationist,kingdom,19,100,575,0,0,0,0,0,0
isolationist,kingdom,42,1,406,0,0,0,0,0,0
isolationist,kingdom,42,2,406,0,0,0,0,0,0
isolationist,kingdom,42,3,395,0,0,0,0,0,0
isolationist,kingdom,42,4,357,0,0,0,0,0,0
isolationist,kingdom,42,5,339,0,0,0,0,0,0
isolationist,kingdom,42,6,309,0,0,0,0,0,0
isolationist,kingdom,42,7,283,0,0,0,0,0,0
isolationist,kingdom,42,8,283,0,0,0,0,0,0
isolationist,kingdom,42,9,253,0,0,0,0,0,0
isolationist,kingdom,42,10,239,0,0,0,0,0,0
isolationist,kingdom,42,11,225,0,0,0,0,0,0
isolationist,kingdom,42,12,218,0,0,0,0,0,0
isolationist,kingdom,42,13,208,0,0,0,0,0,0
isolationist,kingdom,42,14,208,0,0,0,0,0,0
isolationist,kingdom,42,15,192,0,0,0,0,0,0
isolationist,kingdom,42,16,187,0,0,0,0,0,0
isolationist,kingdom,42,17,187,0,0,0,0,0,0
isolationist,kingdom,42,18,182,0,0,0,0,0,0
isolationist,kingdom,42,19,176,0,0,0,0,0,0
isolationist,kingdom,42,20,176,0,0,0,0,0,0
isolationist,kingdom,42,21,171,0,0,0,0,0,0
isolationist,kingdom,42,22,158,0,0,0,0,0,0
isolationist,kingdom,42,23,168,0,0,0,0,0,0
isolationist,kingdom,42,24,168,0,0,0,0,0,0
isolationist,kingdom,42,25,152,0,0,0,0,0,0
isolationist,kingdom,42,26,142,0,0,0,0,0,0
isolationist,kingdom,42,27,137,0,0,0,0,0,0
isolationist,kingdom,42,28,155,0,0,0,0,0,0
isolationist,kingdom,42,29,155,0,0,0,0,0,0
isolationist,kingdom,42,30,150,0,0,0,0,0,0
isolationist,kingdom,42,31,146,0,0,0,0,0,0
isolationist,kingdom,42,32,142,0,0,0,0,0,0
isolationist,kingdom,42,33,142,0,0,0,0,0,0
isolationist,kingdom,42,34,167,0,0,0,0,0,0
isolationist,kingdom,42,35,164,0,0,0,0,0,0
isolationist,kingdom,42,36,161,0,0,0,0,0,0
isolationist,kingdom,42,37,161,0,0,0,0,0,0
isolationist,kingdom,42,38,161,0,0,0,0,0,0
isolationist,kingdom,42,39,157,0,0,0,0,0,0
isolationist,kingdom,42,40,153,0,0,0,0,0,0
isolationist,kingdom,42,41,148,0,0,0,0,0,0
isolationist,kingdom,42,42,140,0,0,0,0,0,0
isolationist,kingdom,42,43,136,0,0,0,0,0,0
isolationist,kingdom,42,44,136,0,0,0,0,0,0
isolationist,kingdom,42,45,136,0,0,0,0,0,0
isolationist,kingdom,42,46,134,0,0,0,0,0,0
isolationist,kingdom,42,47,118,0,0,0,0,0,0
isolationist,kingdom,42,48,112,0,0,0,0,0,0
isolationist,kingdom,42,49,129,0,0,0,0,0,0
isolationist,kingdom,42,50,104,0,0,0,0,0,0
isolationist,kingdom,42,51,123,0,0,0,0,0,0
isolationist,kingdom,42,52,100,0,0,0,0,0,0
isolationist,kingdom,42,53,97,0,0,0,0,0,0
isolationist,kingdom,42,54,87,0,0,0,0,0,0
isolationist,kingdom,42,55,78,0,0,0,0,0,0
isolationist,kingdom,42,56,74,0,0,0,0,0,0
isolationist,kingdom,42,57,71,0,0,0,0,0,0
isolationist,kingdom,42,58,66,0,0,0,0,0,0
isolationist,kingdom,42,59,141,0,0,0,0,0,0
isolationist,kingdom,42,60,166,0,0,0,0,0,0
isolationist,kingdom,42,61,160,0,0,0,0,0,0
isolationist,kingdom,42,62,143,0,0,0,0,0,0
isolationist,kingdom,42,63,148,0,0,0,0,0,0
isolationist,kingdom,42,64,173,0,0,0,0,0,0
isolationist,kingdom,42,65,173,0,0,0,0,0,0
isolationist,kingdom,42,66,169,0,0,0,0,0,0
isolationist,kingdom,42,67,163,0,0,0,0,0,0
isolationist,kingdom,42,68,156,0,0,0,0,0,0
isolationist,kingdom,42,69,148,0,0,0,0,0,0
isolationist,kingdom,42,70,140,0,0,0,0,0,0
isolationist,kingdom,42,71,165,0,0,0,0,0,0
isolationist,kingdom,42,72,178,0,0,0,0,0,0
isolationist,kingdom,42,73,178,0,0,0,0,0,0
isolationist,kingdom,42,74,173,0,0,0,0,0,0
isolationist,kingdom,42,75,198,0,0,0,0,0,0
isolationist,kingdom,42,76,198,0,0,0,0,0,0
isolationist,kingdom,42,77,191,0,0,0,0,0,0
isolationist,kingdom,42,78,216,0,0,0,0,0,0
isolationist,kingdom,42,79,216,0,0,0,0,0,0
isolationist,kingdom,42,80,216,0,0,0,0,0,0
isolationist,kingdom,42,81,241,0,0,0,0,0,0
isolationist,kingdom,42,82,241,0,0,0,0,0,0
isolationist,kingdom,42,83,241,0,0,0,0,0,0
isolationist,kingdom,42,84,241,0,0,0,0,0,0
isolationist,kingdom,42,85,241,0,0,0,0,0,0
isolationist,kingdom,42,86,241,0,0,0,0,0,0
isolationist,kingdom,42,87,226,0,0,0,0,0,0
isolationist,kingdom,42,88,220,0,0,0,0,0,0
isolationist,kingdom,42,89,245,0,0,0,0,0,0
isolationist,kingdom,42,90,245,0,0,0,0,0,0
isolationist,kingdom,42,91,239,0,0,0,0,0,0
isolationist,kingdom,42,92,239,0,0,0,0,0,0
isolationist,kingdom,42,93,239,0,0,0,0,0,0
isolationist,kingdom,42,94,264,0,0,0,0,0,0
isolationist,kingdom,42,95,264,0,0,0,0,0,0
isolationist,kingdom,42,96,264,0,0,0,0,0,0
isolationist,kingdom,42,97,289,0,0,0,0,0,0
isolationist,kingdom,42,98,289,0,0,0,0,0,0
isolationist,kingdom,42,99,314,0,0,0,0,0,0
isolationist,kingdom,42,100,314,0,0,0,0,0,0
expansionist,kingdom,7,1,414,0,0,0,0,0,0
expansionist,kingdom,7,2,329,0,0,0,0,0,0
expansionist,kingdom,7,3,277,0,0,0,0,0,0
expansionist,kingdom,7,4,249,0,0,0,0,0,0
expansionist,kingdom,7,5,218,0,0,0,0,0,0
expansionist,kingdom,7,6,193,0,0,0,0,0,0
expansionist,kingdom,7,7,164,0,0,0,0,0,0
expansionist,kingdom,7,8,142,0,0,0,0,0,0
expansionist,kingdom,7,9,129,0,0,0,0,0,0
expansionist,kingdom,7,10,125,0,0,0,0,0,0
expansionist,kingdom,7,11,125,0,0,0,0,0,0
expansionist,kingdom,7,12,125,0,0,0,0,0,0
expansionist,kingdom,7,13,125,0,0,0,0,0,0
expansionist,kingdom,7,14,125,0,0,0,0,0,0
expansionist,kingdom,7,15,125,0,0,0,0,0,0
expansionist,kingdom,7,16,125,0,0,0,0,0,0
expansionist,kingdom,7,17,125,0,0,0,0,0,0
expansionist,kingdom,7,18,125,0,0,0,0,0,0
expansionist,kingdom,7,19,125,0,0,0,0,0,0
expansionist,kingdom,7,20,125,0,0,0,0,0,0
expansionist,kingdom,7,21,125,0,0,0,0,0,0
expansionist,kingdom,7,22,125,0,0,0,0,0,0
expansionist,kingdom,7,23,125,0,0,0,0,0,0
expansionist,kingdom,7,24,125,0,0,0,0,0,0
expansionist,kingdom,7,25,125,0,0,0,0,0,0
expansionist,kingdom,7,26,125,0,0,0,0,0,0
expansionist,kingdom,7,27,125,0,0,0,0,0,0
expansionist,kingdom,7,28,125,0,0,0,0,0,0
expansionist,kingdom,7,29,125,0,0,0,0,0,0
expansionist,kingdom,7,30,125,0,0,0,0,0,0
expansionist,kingdom,7,31,125,0,0,0,0,0,0
expansionist,kingdom,7,32,125,0,0,0,0,0,0
expansionist,kingdom,7,33,125,0,0,0,0,0,0
expansionist,kingdom,7,34,125,0,0,0,0,0,0
expansionist,kingdom,7,35,125,0,0,0,0,0,0
expansionist,kingdom,7,36,125,0,0,0,0,0,0
expansionist,kingdom,7,37,125,0,0,0,0,0,0
expansionist,kingdom,7,38,125,0,0,0,0,0,0
expansionist,kingdom,7,39,125,0,0,0,0,0,0
expansionist,kingdom,7,40,125,0,0,0,0,0,0
expansionist,kingdom,7,41,125,0,0,0,0,0,0
expansionist,kingdom,7,42,125,0,0,0,0,0,0
expansionist,kingdom,7,43,125,0,0,0,0,0,0
expansionist,kingdom,7,44,125,0,0,0,0,0,0
expansionist,kingdom,7,45,125,0,0,0,0,0,0
expansionist,kingdom,7,46,125,0,0,0,0,0,0
expansionist,kingdom,7,47,125,0,0,0,0,0,0
expansionist,kingdom,7,48,125,0,0,0,0,0,0
expansionist,kingdom,7,49,125,0,0,0,0,0,0
expansionist,kingdom,7,50,125,0,0,0,0,0,0
expansionist,kingdom,7,51,125,0,0,0,0,0,0
expansionist,kingdom,7,52,125,0,0,0,0,0,0
expansionist,kingdom,7,53,125,0,0,0,0,0,0
expansionist,kingdom,7,54,125,0,0,0,0,0,0
expansionist,kingdom,7,55,111,0,0,0,0,0,0
expansionist,kingdom,7,56,111,0,0,0,0,0,0
expansionist,kingdom,7,57,111,0,0,0,0,0,0
expansionist,kingdom,7,58,111,0,0,0,0,0,0
expansionist,kingdom,7,59,111,0,0,0,0,0,0
expansionist,kingdom,7,60,100,0,0,0,0,0,0
expansionist,kingdom,7,61,100,0,0,0,0,0,0
expansionist,kingdom,7,62,100,0,0,0,0,0,0
expansionist,kingdom,7,63,100,0,0,0,0,0,0
expansionist,kingdom,7,64,100,0,0,0,0,0,0
expansionist,kingdom,7,65,100,0,0,0,0,0,0
expansionist,kingdom,7,66,100,0,0,0,0,0,0
expansionist,kingdom,7,67,100,0,0,0,0,0,0
expansionist,kingdom,7,68,100,0,0,0,0,0,0
expansionist,kingdom,7,69,100,0,0,0,0,0,0
expansionist,kingdom,7,70,100,0,0,0,0,0,0
expansionist,kingdom,7,71,100,0,0,0,0,0,0
expansionist,kingdom,7,72,100,0,0,0,0,0,0
expansionist,kingdom,7,73,100,0,0,0,0,0,0
expansionist,kingdom,7,74,100,0,0,0,0,0,0
expansionist,kingdom,7,75,100,0,0,0,0,0,0
expansionist,kingdom,7,76,100,0,0,0,0,0,0
expansionist,kingdom,7,77,100,0,0,0,0,0,0
expansionist,kingdom,7,78,100,0,0,0,0,0,0
expansionist,kingdom,7,79,100,0,0,0,0,0,0
expansionist,kingdom,7,80,100,0,0,0,0,0,0
expansionist,kingdom,7,81,100,0,0,0,0,0,0
expansionist,kingdom,7,82,100,0,0,0,0,0,0
expansionist,kingdom,7,83,100,0,0,0,0,0,0
expansionist,kingdom,7,84,100,0,0,0,0,0,0
expansionist,kingdom,7,85,100,0,0,0,0,0,0
expansionist,kingdom,7,86,100,0,0,0,0,0,0
expansionist,kingdom,7,87,100,0,0,0,0,0,0
expansionist,kingdom,7,88,100,0,0,0,0,0,0
expansionist,kingdom,7,89,100,0,0,0,0,0,0
expansionist,kingdom,7,90,100,0,0,0,0,0,0
expansionist,kingdom,7,91,100,0,0,0,0,0,0
expansionist,kingdom,7,92,100,0,0,0,0,0,0
expansionist,kingdom,7,93,100,0,0,0,0,0,0
expansionist,kingdom,7,94,100,0,0,0,0,0,0
expansionist,kingdom,7,95,100,0,0,0,0,0,0
expansionist,kingdom,7,96,100,0,0,0,0,0,0
expansionist,kingdom,7,97,100,0,0,0,0,0,0
expansionist,kingdom,7,98,100,0,0,0,0,0,0
expansionist,kingdom,7,99,100,0,0,0,0,0,0
expansionist,kingdom,7,100,100,0,0,0,0,0,0
expansionist,kingdom,19,1,817,1,0,0,0,0,0
expansionist,kingdom,19,2,412,0,0,0,0,0,0
expansionist,kingdom,19,3,322,0,0,0,0,0,0
expansionist,kingdom,19,4,261,0,0,0,0,0,0
expansionist,kingdom,19,5,205,0,0,0,0,0,0
expansionist,kingdom,19,6,165,0,0,0,0,0,0
expansionist,kingdom,19,7,138,0,0,0,0,0,0
expansionist,kingdom,19,8,119,0,0,0,0,0,0
expansionist,kingdom,19,9,98,0,0,0,0,0,0
expansionist,kingdom,19,10,93,0,0,0,0,0,0
expansionist,kingdom,19,11,93,0,0,0,0,0,0
expansionist,kingdom,19,12,93,0,0,0,0,0,0
expansionist,kingdom,19,13,87,0,0,0,0,0,0
expansionist,kingdom,19,14,81,0,0,0,0,0,0
expansionist,kingdom,19,15,81,0,0,0,0,0,0
expansionist,kingdom,19,16,81,0,0,0,0,0,0
expansionist,kingdom,19,17,81,0,0,0,0,0,0
expansionist,kingdom,19,18,77,0,0,0,0,0,0
expansionist,kingdom,19,19,75,0,0,0,0,0,0
expansionist,kingdom,19,20,67,0,0,0,0,0,0
expansionist,kingdom,19,21,67,0,0,0,0,0,0
expansionist,kingdom,19,22,67,0,0,0,0,0,0
expansionist,kingdom,19,23,67,0,0,0,0,0,0
expansionist,kingdom,19,24,67,0,0,0,0,0,0
expansionist,kingdom,19,25,67,0,0,0,0,0,0
expansionist,kingdom,19,26,67,0,0,0,0,0,0
expansionist,kingdom,19,27,67,0,0,0,0,0,0
expansionist,kingdom,19,28,67,0,0,0,0,0,0
expansionist,kingdom,19,29,67,0,0,0,0,0,0
expansionist,kingdom,19,30,67,0,0,0,0,0,0
expansionist,kingdom,19,31,67,0,0,0,0,0,0
expansionist,kingdom,19,32,67,0,0,0,0,0,0
expansionist,kingdom,19,33,67,0,0,0,0,0,0
expansionist,kingdom,19,34,67,0,0,0,0,0,0
expansionist,kingdom,19,35,67,0,0,0,0,0,0
expansionist,kingdom,19,36,67,0,0,0,0,0,0
expansionist,kingdom,19,37,67,0,0,0,0,0,0
expansionist,kingdom,19,38,67,0,0,0,0,0,0
expansionist,kingdom,19,39,67,0,0,0,0,0,0
expansionist,kingdom,19,40,67,0,0,0,0,0,0
expansionist,kingdom,19,41,67,0,0,0,0,0,0
expansionist,kingdom,19,42,67,0,0,0,0,0,0
expansionist,kingdom,19,43,67,0,0,0,0,0,0
expansionist,kingdom,19,44,67,0,0,0,0,0,0
expansionist,kingdom,19,45,67,0,0,0,0,0,0
expansionist,kingdom,19,46,67,0,0,0,0,0,0
expansionist,kingdom,19,47,67,0,0,0,0,0,0
expansionist,kingdom,19,48,67,0,0,0,0,0,0
expansionist,kingdom,19,49,67,0,0,0,0,0,0
expansionist,kingdom,19,50,67,0,0,0,0,0,0
expansionist,kingdom,19,51,67,0,0,0,0,0,0
expansionist,kingdom,19,52,67,0,0,0,0,0,0
expansionist,kingdom,19,53,67,0,0,0,0,0,0
expansionist,kingdom,19,54,67,0,0,0,0,0,0
expansionist,kingdom,19,55,67,0,0,0,0,0,0
expansionist,kingdom,19,56,67,0,0,0,0,0,0
expansionist,kingdom,19,57,67,0,0,0,0,0,0
expansionist,kingdom,19,58,67,0,0,0,0,0,0
expansionist,kingdom,19,59,67,0,0,0,0,0,0
expansionist,kingdom,19,60,67,0,0,0,0,0,0
expansionist,kingdom,19,61,67,0,0,0,0,0,0
expansionist,kingdom,19,62,67,0,0,0,0,0,0
expansionist,kingdom,19,63,67,0,0,0,0,0,0
expansionist,kingdom,19,64,67,0,0,0,0,0,0
expansionist,kingdom,19,65,67,0,0,0,0,0,0
expansionist,kingdom,19,66,67,0,0,0,0,0,0
expansionist,kingdom,19,67,67,0,0,0,0,0,0
expansionist,kingdom,19,68,67,0,0,0,0,0,0
expansionist,kingdom,19,69,67,0,0,0,0,0,0
expansionist,kingdom,19,70,67,0,0,0,0,0,0
expansionist,kingdom,19,71,67,0,0,0,0,0,0
expansionist,kingdom,19,72,67,0,0,0,0,0,0
expansionist,kingdom,19,73,67,0,0,0,0,0,0
expansionist,kingdom,19,74,67,0,0,0,0,0,0
expansionist,kingdom,19,75,67,0,0,0,0,0,0
expansionist,kingdom,19,76,67,0,0,0,0,0,0
expansionist,kingdom,19,77,67,0,0,0,0,0,0
expansionist,kingdom,19,78,67,0,0,0,0,0,0
expansionist,kingdom,19,79,67,0,0,0,0,0,0
expansionist,kingdom,19,80,67,0,0,0,0,0,0
expansionist,kingdom,19,81,67,0,0,0,0,0,0
expansionist,kingdom,19,82,67,0,0,0,0,0,0
expansionist,kingdom,19,83,67,0,0,0,0,0,0
expansionist,kingdom,19,84,67,0,0,0,0,0,0
expansionist,kingdom,19,85,67,0,0,0,0,0,0
expansionist,kingdom,19,86,67,0,0,0,0,0,0
expansionist,kingdom,19,87,67,0,0,0,0,0,0
expansionist,kingdom,19,88,67,0,0,0,0,0,0
expansionist,kingdom,19,89,67,0,0,0,0,0,0
expansionist,kingdom,19,90,67,0,0,0,0,0,0
expansionist,kingdom,19,91,67,0,0,0,0,0,0
expansionist,kingdom,19,92,67,0,0,0,0,0,0
expansionist,kingdom,19,93,67,0,0,0,0,0,0
expansionist,kingdom,19,94,67,0,0,0,0,0,0
expansionist,kingdom,19,95,67,0,0,0,0,0,0
expansionist,kingdom,19,96,67,0,0,0,0,0,0
expansionist,kingdom,19,97,67,0,0,0,0,0,0
expansionist,kingdom,19,98,67,0,0,0,0,0,0
expansionist,kingdom,19,99,67,0,0,0,0,0,0
expansionist,kingdom,19,100,67,0,0,0,0,0,0
expansionist,kingdom,42,1,394,0,0,0,0,0,0
expansionist,kingdom,42,2,375,0,0,0,0,0,0
expansionist,kingdom,42,3,355,0,0,0,0,0,0
expansionist,kingdom,42,4,355,0,0,0,0,0,0
expansionist,kingdom,42,5,348,0,0,0,0,0,0
expansionist,kingdom,42,6,348,0,0,0,0,0,0
expansionist,kingdom,42,7,348,0,0,0,0,0,0
expansionist,kingdom,42,8,348,0,0,0,0,0,0
expansionist,kingdom,42,9,348,0,0,0,0,0,0
expansionist,kingdom,42,10,348,0,0,0,0,0,0
expansionist,kingdom,42,11,348,0,0,0,0,0,0
expansionist,kingdom,42,12,348,0,0,0,0,0,0
expansionist,kingdom,42,13,348,0,0,0,0,0,0
expansionist,kingdom,42,14,348,0,0,0,0,0,0
expansionist,kingdom,42,15,348,0,0,0,0,0,0
expansionist,kingdom,42,16,348,0,0,0,0,0,0
expansionist,kingdom,42,17,348,0,0,0,0,0,0
expansionist,kingdom,42,18,348,0,0,0,0,0,0
expansionist,kingdom,42,19,348,0,0,0,0,0,0
expansionist,kingdom,42,20,348,0,0,0,0,0,0
expansionist,kingdom,42,21,348,0,0,0,0,0,0
expansionist,kingdom,42,22,348,0,0,0,0,0,0
expansionist,kingdom,42,23,348,0,0,0,0,0,0
expansionist,kingdom,42,24,348,0,0,0,0,0,0
expansionist,kingdom,42,25,348,0,0,0,0,0,0
expansionist,kingdom,42,26,348,0,0,0,0,0,0
expansionist,kingdom,42,27,348,0,0,0,0,0,0
expansionist,kingdom,42,28,348,0,0,0,0,0,0
expansionist,kingdom,42,29,348,0,0,0,0,0,0
expansionist,kingdom,42,30,348,0,0,0,0,0,0
expansionist,kingdom,42,31,348,0,0,0,0,0,0
expansionist,kingdom,42,32,348,0,0,0,0,0,0
expansionist,kingdom,42,33,348,0,0,0,0,0,0
expansionist,kingdom,42,34,348,0,0,0,0,0,0
expansionist,kingdom,42,35,348,0,0,0,0,0,0
expansionist,kingdom,42,36,348,0,0,0,0,0,0
expansionist,kingdom,42,37,348,0,0,0,0,0,0
expansionist,kingdom,42,38,348,0,0,0,0,0,0
expansionist,kingdom,42,39,348,0,0,0,0,0,0
expansionist,kingdom,42,40,348,0,0,0,0,0,0
expansionist,kingdom,42,41,348,0,0,0,0,0,0
expansionist,kingdom,42,42,348,0,0,0,0,0,0
expansionist,kingdom,42,43,348,0,0,0,0,0,0
expansionist,kingdom,42,44,348,0,0,0,0,0,0
expansionist,kingdom,42,45,348,0,0,0,0,0,0
expansionist,kingdom,42,46,348,0,0,0,0,0,0
expansionist,kingdom,42,47,348,0,0,0,0,0,0
expansionist,kingdom,42,48,348,0,0,0,0,0,0
expansionist,kingdom,42,49,348,0,0,0,0,0,0
expansionist,kingdom,42,50,348,0,0,0,0,0,0
expansionist,kingdom,42,51,348,0,0,0,0,0,0
expansionist,kingdom,42,52,348,0,0,0,0,0,0
expansionist,kingdom,42,53,348,0,0,0,0,0,0
expansionist,kingdom,42,54,348,0,0,0,0,0,0
expansionist,kingdom,42,55,348,0,0,0,0,0,0
expansionist,kingdom,42,56,348,0,0,0,0,0,0
expansionist,kingdom,42,57,348,0,0,0,0,0,0
expansionist,kingdom,42,58,348,0,0,0,0,0,0
expansionist,kingdom,42,59,348,0,0,0,0,0,0
expansionist,kingdom,42,60,348,0,0,0,0,0,0
expansionist,kingdom,42,61,348,0,0,0,0,0,0
expansionist,kingdom,42,62,348,0,0,0,0,0,0
expansionist,kingdom,42,63,348,0,0,0,0,0,0
expansionist,kingdom,42,64,348,0,0,0,0,0,0
expansionist,kingdom,42,65,348,0,0,0,0,0,0
expansionist,kingdom,42,66,348,0,0,0,0,0,0
expansionist,kingdom,42,67,348,0,0,0,0,0,0
expansionist,kingdom,42,68,348,0,0,0,0,0,0
expansionist,kingdom,42,69,348,0,0,0,0,0,0
expansionist,kingdom,42,70,348,0,0,0,0,0,0
expansionist,kingdom,42,71,348,0,0,0,0,0,0
expansionist,kingdom,42,72,348,0,0,0,0,0,0
expansionist,kingdom,42,73,348,0,0,0,0,0,0
expansionist,kingdom,42,74,348,0,0,0,0,0,0
expansionist,kingdom,42,75,348,0,0,0,0,0,0
expansionist,kingdom,42,76,348,0,0,0,0,0,0
expansionist,kingdom,42,77,348,0,0,0,0,0,0
expansionist,kingdom,42,78,348,0,0,0,0,0,0
expansionist,kingdom,42,79,348,0,0,0,0,0,0
expansionist,kingdom,42,80,348,0,0,0,0,0,0
expansionist,kingdom,42,81,348,0,0,0,0,0,0
expansionist,kingdom,42,82,348,0,0,0,0,0,0
expansionist,kingdom,42,83,348,0,0,0,0,0,0
expansionist,kingdom,42,84,348,0,0,0,0,0,0
expansionist,kingdom,42,85,348,0,0,0,0,0,0
expansionist,kingdom,42,86,348,0,0,0,0,0,0
expansionist,kingdom,42,87,348,0,0,0,0,0,0
expansionist,kingdom,42,88,348,0,0,0,0,0,0
expansionist,kingdom,42,89,348,0,0,0,0,0,0
expansionist,kingdom,42,90,348,0,0,0,0,0,0
expansionist,kingdom,42,91,348,0,0,0,0,0,0
expansionist,kingdom,42,92,348,0,0,0,0,0,0
expansionist,kingdom,42,93,348,0,0,0,0,0,0
expansionist,kingdom,42,94,348,0,0,0,0,0,0
expansionist,kingdom,42,95,348,0,0,0,0,0,0
expansionist,kingdom,42,96,348,0,0,0,0,0,0
expansionist,kingdom,42,97,348,0,0,0,0,0,0
expansionist,kingdom,42,98,348,0,0,0,0,0,0
expansionist,kingdom,42,99,348,0,0,0,0,0,0
expansionist,kingdom,42,100,348,0,0,0,0,0,0
balanced,kingdom,7,1,485,0,0,0,0,0,0
balanced,kingdom,7,2,485,0,0,0,0,0,0
balanced,kingdom,7,3,510,0,0,0,0,0,0
balanced,kingdom,7,4,535,0,0,0,0,0,0
balanced,kingdom,7,5,560,0,0,0,0,0,0
balanced,kingdom,7,6,585,0,0,0,0,0,0
balanced,kingdom,7,7,585,0,0,0,0,0,0
balanced,kingdom,7,8,610,0,0,0,0,0,0
balanced,kingdom,7,9,635,0,0,0,0,0,0
balanced,kingdom,7,10,660,0,0,0,0,0,0
balanced,kingdom,7,11,685,0,0,0,0,0,0
balanced,kingdom,7,12,685,0,0,0,0,0,0
balanced,kingdom,7,13,710,0,0,0,0,0,0
balanced,kingdom,7,14,735,0,0,0,0,0,0
balanced,kingdom,7,15,760,0,0,0,0,0,0
balanced,kingdom,7,16,785,0,0,0,0,0,0
balanced,kingdom,7,17,785,0,0,0,0,0,0
balanced,kingdom,7,18,810,0,0,0,0,0,0
balanced,kingdom,7,19,835,0,0,0,0,0,0
balanced,kingdom,7,20,860,0,0,0,0,0,0
balanced,kingdom,7,21,885,0,0,0,0,0,0
balanced,kingdom,7,22,885,0,0,0,0,0,0
balanced,kingdom,7,23,910,0,0,0,0,0,0
balanced,kingdom,7,24,935,0,0,0,0,0,0
balanced,kingdom,7,25,960,0,0,0,0,0,0
balanced,kingdom,7,26,985,0,0,0,0,0,0
balanced,kingdom,7,27,985,0,0,0,0,0,0
balanced,kingdom,7,28,1010,0,0,0,0,0,0
balanced,kingdom,7,29,1035,0,0,0,0,0,0
balanced,kingdom,7,30,1060,0,0,0,0,0,0
balanced,kingdom,7,31,1085,0,0,0,0,0,0
balanced,kingdom,7,32,1085,0,0,0,0,0,0
balanced,kingdom,7,33,1110,0,0,0,0,0,0
balanced,kingdom,7,34,1135,0,0,0,0,0,0
balanced,kingdom,7,35,1160,0,0,0,0,0,0
balanced,kingdom,7,36,1185,0,0,0,0,0,0
balanced,kingdom,7,37,1185,0,0,0,0,0,0
balanced,kingdom,7,38,1210,0,0,0,0,0,0
balanced,kingdom,7,39,1235,0,0,0,0,0,0
balanced,kingdom,7,40,1260,0,0,0,0,0,0
balanced,kingdom,7,41,1285,0,0,0,0,0,0
balanced,kingdom,7,42,1285,0,0,0,0,0,0
balanced,kingdom,7,43,1310,0,0,0,0,0,0
balanced,kingdom,7,44,1335,0,0,0,0,0,0
balanced,kingdom,7,45,1360,0,0,0,0,0,0
balanced,kingdom,7,46,1385,0,0,0,0,0,0
balanced,kingdom,7,47,1385,0,0,0,0,0,0
balanced,kingdom,7,48,1410,0,0,0,0,0,0
balanced,kingdom,7,49,1435,0,0,0,0,0,0
balanced,kingdom,7,50,1460,0,0,0,0,0,0
balanced,kingdom,7,51,1485,0,0,0,0,0,0
balanced,kingdom,7,52,1485,0,0,0,0,0,0
balanced,kingdom,7,53,1510,0,0,0,0,0,0
balanced,kingdom,7,54,1535,0,0,0,0,0,0
balanced,kingdom,7,55,1560,0,0,0,0,0,0
balanced,kingdom,7,56,1585,0,0,0,0,0,0
balanced,kingdom,7,57,1585,0,0,0,0,0,0
balanced,kingdom,7,58,1610,0,0,0,0,0,0
balanced,kingdom,7,59,1635,0,0,0,0,0,0
balanced,kingdom,7,60,1660,0,0,0,0,0,0
balanced,kingdom,7,61,1685,0,0,0,0,0,0
balanced,kingdom,7,62,1685,0,0,0,0,0,0
balanced,kingdom,7,63,1710,0,0,0,0,0,0
balanced,kingdom,7,64,1735,0,0,0,0,0,0
balanced,kingdom,7,65,1760,0,0,0,0,0,0
balanced,kingdom,7,66,1785,0,0,0,0,0,0
balanced,kingdom,7,67,1785,0,0,0,0,0,0
balanced,kingdom,7,68,1810,0,0,0,0,0,0
balanced,kingdom,7,69,1835,0,0,0,0,0,0
balanced,kingdom,7,70,1860,0,0,0,0,0,0
balanced,kingdom,7,71,1885,0,0,0,0,0,0
balanced,kingdom,7,72,1885,0,0,0,0,0,0
balanced,kingdom,7,73,1910,0,0,0,0,0,0
balanced,kingdom,7,74,1935,0,0,0,0,0,0
balanced,kingdom,7,75,1960,0,0,0,0,0,0
balanced,kingdom,7,76,1985,0,0,0,0,0,0
balanced,kingdom,7,77,1985,0,0,0,0,0,0
balanced,kingdom,7,78,2010,0,0,0,0,0,0
balanced,kingdom,7,79,2035,0,0,0,0,0,0
balanced,kingdom,7,80,2060,0,0,0,0,0,0
balanced,kingdom,7,81,2085,0,0,0,0,0,0
balanced,kingdom,7,82,2085,0,0,0,0,0,0
balanced,kingdom,7,83,2110,0,0,0,0,0,0
balanced,kingdom,7,84,2135,0,0,0,0,0,0
balanced,kingdom,7,85,2160,0,0,0,0,0,0
balanced,kingdom,7,86,2185,0,0,0,0,0,0
balanced,kingdom,7,87,2185,0,0,0,0,0,0
balanced,kingdom,7,88,2210,0,0,0,0,0,0
balanced,kingdom,7,89,2235,0,0,0,0,0,0
balanced,kingdom,7,90,2260,0,0,0,0,0,0
balanced,kingdom,7,91,2285,0,0,0,0,0,0
balanced,kingdom,7,92,2285,0,0,0,0,0,0
balanced,kingdom,7,93,2310,0,0,0,0,0,0
balanced,kingdom,7,94,2335,0,0,0,0,0,0
balanced,kingdom,7,95,2360,0,0,0,0,0,0
balanced,kingdom,7,96,2385,0,0,0,0,0,0
balanced,kingdom,7,97,2385,0,0,0,0,0,0
balanced,kingdom,7,98,2410,0,0,0,0,0,0
balanced,kingdom,7,99,2435,0,0,0,0,0,0
balanced,kingdom,7,100,2460,0,0,0,0,0,0
balanced,kingdom,19,1,565,0,0,0,0,0,0
balanced,kingdom,19,2,565,0,0,0,0,0,0
balanced,kingdom,19,3,590,0,0,0,0,0,0
balanced,kingdom,19,4,615,0,0,0,0,0,0
balanced,kingdom,19,5,640,0,0,0,0,0,0
balanced,kingdom,19,6,665,0,0,0,0,0,0
balanced,kingdom,19,7,665,0,0,0,0,0,0
balanced,kingdom,19,8,690,0,0,0,0,0,0
balanced,kingdom,19,9,715,0,0,0,0,0,0
balanced,kingdom,19,10,740,0,0,0,0,0,0
balanced,kingdom,19,11,765,0,0,0,0,0,0
balanced,kingdom,19,12,765,0,0,0,0,0,0
balanced,kingdom,19,13,790,0,0,0,0,0,0
balanced,kingdom,19,14,815,0,0,0,0,0,0
balanced,kingdom,19,15,807,0,0,0,0,0,0
balanced,kingdom,19,16,832,0,0,0,0,0,0
balanced,kingdom,19,17,809,0,0,0,0,0,0
balanced,kingdom,19,18,834,0,0,0,0,0,0
balanced,kingdom,19,19,859,0,0,0,0,0,0
balanced,kingdom,19,20,864,0,0,0,0,0,0
balanced,kingdom,19,21,889,0,0,0,0,0,0
balanced,kingdom,19,22,889,0,0,0,0,0,0
balanced,kingdom,19,23,914,0,0,0,0,0,0
balanced,kingdom,19,24,939,0,0,0,0,0,0
balanced,kingdom,19,25,964,0,0,0,0,0,0
balanced,kingdom,19,26,989,0,0,0,0,0,0
balanced,kingdom,19,27,989,0,0,0,0,0,0
balanced,kingdom,19,28,1014,0,0,0,0,0,0
balanced,kingdom,19,29,1039,0,0,0,0,0,0
balanced,kingdom,19,30,1064,0,0,0,0,0,0
balanced,kingdom,19,31,1089,0,0,0,0,0,0
balanced,kingdom,19,32,1089,0,0,0,0,0,0
balanced,kingdom,19,33,1114,0,0,0,0,0,0
balanced,kingdom,19,34,1139,0,0,0,0,0,0
balanced,kingdom,19,35,1164,0,0,0,0,0,0
balanced,kingdom,19,36,1189,0,0,0,0,0,0
balanced,kingdom,19,37,1189,0,0,0,0,0,0
balanced,kingdom,19,38,1214,0,0,0,0,0,0
balanced,kingdom,19,39,1239,0,0,0,0,0,0
balanced,kingdom,19,40,1264,0,0,0,0,0,0
balanced,kingdom,19,41,1289,0,0,0,0,0,0
balanced,kingdom,19,42,1289,0,0,0,0,0,0
balanced,kingdom,19,43,1314,0,0,0,0,0,0
balanced,kingdom,19,44,1339,0,0,0,0,0,0
balanced,kingdom,19,45,1364,0,0,0,0,0,0
balanced,kingdom,19,46,1389,0,0,0,0,0,0
balanced,kingdom,19,47,1389,0,0,0,0,0,0
balanced,kingdom,19,48,1414,0,0,0,0,0,0
balanced,kingdom,19,49,1439,0,0,0,0,0,0
balanced,kingdom,19,50,1464,0,0,0,0,0,0
balanced,kingdom,19,51,1489,0,0,0,0,0,0
balanced,kingdom,19,52,1489,0,0,0,0,0,0
balanced,kingdom,19,53,1514,0,0,0,0,0,0
balanced,kingdom,19,54,1539,0,0,0,0,0,0
balanced,kingdom,19,55,1564,0,0,0,0,0,0
balanced,kingdom,19,56,1589,0,0,0,0,0,0
balanced,kingdom,19,57,1589,0,0,0,0,0,0
balanced,kingdom,19,58,1614,0,0,0,0,0,0
balanced,kingdom,19,59,1639,0,0,0,0,0,0
balanced,kingdom,19,60,1664,0,0,0,0,0,0
balanced,kingdom,19,61,1689,0,0,0,0,0,0
balanced,kingdom,19,62,1689,0,0,0,0,0,0
balanced,kingdom,19,63,1698,0,0,0,0,0,0
balanced,kingdom,19,64,1711,0,0,0,0,0,0
balanced,kingdom,19,65,1736,0,0,0,0,0,0
balanced,kingdom,19,66,1761,0,0,0,0,0,0
balanced,kingdom,19,67,1752,0,0,0,0,0,0
balanced,kingdom,19,68,1777,0,0,0,0,0,0
balanced,kingdom,19,69,1802,0,0,0,0,0,0
balanced,kingdom,19,70,1820,0,0,0,0,0,0
balanced,kingdom,19,71,1837,0,0,0,0,0,0
balanced,kingdom,19,72,1834,0,0,0,0,0,0
balanced,kingdom,19,73,1856,0,0,0,0,0,0
balanced,kingdom,19,74,1881,0,0,0,0,0,0
balanced,kingdom,19,75,1906,0,0,0,0,0,0
balanced,kingdom,19,76,1929,0,0,0,0,0,0
balanced,kingdom,19,77,1929,0,0,0,0,0,0
balanced,kingdom,19,78,1954,0,0,0,0,0,0
balanced,kingdom,19,79,1979,0,0,0,0,0,0
balanced,kingdom,19,80,2004,0,0,0,0,0,0
balanced,kingdom,19,81,2029,0,0,0,0,0,0
balanced,kingdom,19,82,2029,0,0,0,0,0,0
balanced,kingdom,19,83,2054,0,0,0,0,0,0
balanced,kingdom,19,84,2079,0,0,0,0,0,0
balanced,kingdom,19,85,2104,0,0,0,0,0,0
balanced,kingdom,19,86,2129,0,0,0,0,0,0
balanced,kingdom,19,87,2129,0,0,0,0,0,0
balanced,kingdom,19,88,2154,0,0,0,0,0,0
balanced,kingdom,19,89,2179,0,0,0,0,0,0
balanced,kingdom,19,90,2204,0,0,0,0,0,0
balanced,kingdom,19,91,2229,0,0,0,0,0,0
balanced,kingdom,19,92,2229,0,0,0,0,0,0
balanced,kingdom,19,93,2254,0,0,0,0,0,0
balanced,kingdom,19,94,2279,0,0,0,0,0,0
balanced,kingdom,19,95,2304,0,0,0,0,0,0
balanced,kingdom,19,96,2329,0,0,0,0,0,0
balanced,kingdom,19,97,2329,0,0,0,0,0,0
balanced,kingdom,19,98,2354,0,0,0,0,0,0
balanced,kingdom,19,99,2379,0,0,0,0,0,0
balanced,kingdom,19,100,2404,0,0,0,0,0,0
balanced,kingdom,42,1,431,0,0,0,0,0,0
balanced,kingdom,42,2,431,0,0,0,0,0,0
balanced,kingdom,42,3,456,0,0,0,0,0,0
balanced,kingdom,42,4,481,0,0,0,0,0,0
balanced,kingdom,42,5,506,0,0,0,0,0,0
balanced,kingdom,42,6,531,0,0,0,0,0,0
balanced,kingdom,42,7,531,0,0,0,0,0,0
balanced,kingdom,42,8,556,0,0,0,0,0,0
balanced,kingdom,42,9,581,0,0,0,0,0,0
balanced,kingdom,42,10,606,0,0,0,0,0,0
balanced,kingdom,42,11,631,0,0,0,0,0,0
balanced,kingdom,42,12,631,0,0,0,0,0,0
balanced,kingdom,42,13,656,0,0,0,0,0,0
balanced,kingdom,42,14,681,0,0,0,0,0,0
balanced,kingdom,42,15,706,0,0,0,0,0,0
balanced,kingdom,42,16,731,0,0,0,0,0,0
balanced,kingdom,42,17,731,0,0,0,0,0,0
balanced,kingdom,42,18,756,0,0,0,0,0,0
balanced,kingdom,42,19,781,0,0,0,0,0,0
balanced,kingdom,42,20,806,0,0,0,0,0,0
balanced,kingdom,42,21,831,0,0,0,0,0,0
balanced,kingdom,42,22,831,0,0,0,0,0,0
balanced,kingdom,42,23,856,0,0,0,0,0,0
balanced,kingdom,42,24,881,0,0,0,0,0,0
balanced,kingdom,42,25,906,0,0,0,0,0,0
balanced,kingdom,42,26,931,0,0,0,0,0,0
balanced,kingdom,42,27,931,0,0,0,0,0,0
balanced,kingdom,42,28,956,0,0,0,0,0,0
balanced,kingdom,42,29,981,0,0,0,0,0,0
balanced,kingdom,42,30,1006,0,0,0,0,0,0
balanced,kingdom,42,31,1031,0,0,0,0,0,0
balanced,kingdom,42,32,1031,0,0,0,0,0,0
balanced,kingdom,42,33,1056,0,0,0,0,0,0
balanced,kingdom,42,34,1081,0,0,0,0,0,0
balanced,kingdom,42,35,1106,0,0,0,0,0,0
balanced,kingdom,42,36,1131,0,0,0,0,0,0
balanced,kingdom,42,37,1131,0,0,0,0,0,0
balanced,kingdom,42,38,1156,0,0,0,0,0,0
balanced,kingdom,42,39,1181,0,0,0,0,0,0
balanced,kingdom,42,40,1206,0,0,0,0,0,0
balanced,kingdom,42,41,1231,0,0,0,0,0,0
balanced,kingdom,42,42,1231,0,0,0,0,0,0
balanced,kingdom,42,43,1256,0,0,0,0,0,0
balanced,kingdom,42,44,1281,0,0,0,0,0,0
balanced,kingdom,42,45,1306,0,0,0,0,0,0
balanced,kingdom,42,46,1331,0,0,0,0,0,0
balanced,kingdom,42,47,1331,0,0,0,0,0,0
balanced,kingdom,42,48,1356,0,0,0,0,0,0
balanced,kingdom,42,49,1381,0,0,0,0,0,0
balanced,kingdom,42,50,1406,0,0,0,0,0,0
balanced,kingdom,42,51,1431,0,0,0,0,0,0
balanced,kingdom,42,52,1431,0,0,0,0,0,0
balanced,kingdom,42,53,1456,0,0,0,0,0,0
balanced,kingdom,42,54,1481,0,0,0,0,0,0
balanced,kingdom,42,55,1506,0,0,0,0,0,0
balanced,kingdom,42,56,1531,0,0,0,0,0,0
balanced,kingdom,42,57,1531,0,0,0,0,0,0
balanced,kingdom,42,58,1556,0,0,0,0,0,0
balanced,kingdom,42,59,1581,0,0,0,0,0,0
balanced,kingdom,42,60,1606,0,0,0,0,0,0
balanced,kingdom,42,61,1631,0,0,0,0,0,0
balanced,kingdom,42,62,1631,0,0,0,0,0,0
balanced,kingdom,42,63,1656,0,0,0,0,0,0
balanced,kingdom,42,64,1681,0,0,0,0,0,0
balanced,kingdom,42,65,1706,0,0,0,0,0,0
balanced,kingdom,42,66,1731,0,0,0,0,0,0
balanced,kingdom,42,67,1731,0,0,0,0,0,0
balanced,kingdom,42,68,1756,0,0,0,0,0,0
balanced,kingdom,42,69,1781,0,0,0,0,0,0
balanced,kingdom,42,70,1806,0,0,0,0,0,0
balanced,kingdom,42,71,1831,0,0,0,0,0,0
balanced,kingdom,42,72,1831,0,0,0,0,0,0
balanced,kingdom,42,73,1856,0,0,0,0,0,0
balanced,kingdom,42,74,1881,0,0,0,0,0,0
balanced,kingdom,42,75,1906,0,0,0,0,0,0
balanced,kingdom,42,76,1931,0,0,0,0,0,0
balanced,kingdom,42,77,1931,0,0,0,0,0,0
balanced,kingdom,42,78,1956,0,0,0,0,0,0
balanced,kingdom,42,79,1981,0,0,0,0,0,0
balanced,kingdom,42,80,2006,0,0,0,0,0,0
balanced,kingdom,42,81,2031,0,0,0,0,0,0
balanced,kingdom,42,82,2031,0,0,0,0,0,0
balanced,kingdom,42,83,2056,0,0,0,0,0,0
balanced,kingdom,42,84,2081,0,0,0,0,0,0
balanced,kingdom,42,85,2106,0,0,0,0,0,0
balanced,kingdom,42,86,2131,0,0,0,0,0,0
balanced,kingdom,42,87,2131,0,0,0,0,0,0
balanced,kingdom,42,88,2156,0,0,0,0,0,0
balanced,kingdom,42,89,2181,0,0,0,0,0,0
balanced,kingdom,42,90,2206,0,0,0,0,0,0
balanced,kingdom,42,91,2231,0,0,0,0,0,0
balanced,kingdom,42,92,2231,0,0,0,0,0,0
balanced,kingdom,42,93,2256,0,0,0,0,0,0
balanced,kingdom,42,94,2281,0,0,0,0,0,0
balanced,kingdom,42,95,2306,0,0,0,0,0,0
balanced,kingdom,42,96,2331,0,0,0,0,0,0
balanced,kingdom,42,97,2331,0,0,0,0,0,0
balanced,kingdom,42,98,2356,0,0,0,0,0,0
balanced,kingdom,42,99,2381,0,0,0,0,0,0
balanced,kingdom,42,100,2406,0,0,0,0,0,0
exploit-hunter,kingdom,7,1,550,2,2,0,0,0,19
exploit-hunter,kingdom,7,2,672,2,2,0,0,0,19
exploit-hunter,kingdom,7,3,812,2,2,0,0,0,19
exploit-hunter,kingdom,7,4,952,2,2,0,0,0,19
exploit-hunter,kingdom,7,5,1092,2,2,0,0,0,19
exploit-hunter,kingdom,7,6,1232,2,2,0,0,0,19
exploit-hunter,kingdom,7,7,1372,2,2,0,0,0,19
exploit-hunter,kingdom,7,8,1512,2,2,0,0,0,19
exploit-hunter,kingdom,7,9,1652,2,2,0,0,0,19
exploit-hunter,kingdom,7,10,1792,2,2,0,0,0,19
exploit-hunter,kingdom,7,11,1932,2,2,0,0,0,19
exploit-hunter,kingdom,7,12,2072,2,2,0,0,0,19
exploit-hunter,kingdom,7,13,2212,2,2,0,0,0,19
exploit-hunter,kingdom,7,14,2352,2,2,0,0,0,19
exploit-hunter,kingdom,7,15,2492,2,2,0,0,0,19
exploit-hunter,kingdom,7,16,2632,2,2,0,0,0,19
exploit-hunter,kingdom,7,17,2730,2,2,0,0,0,19
exploit-hunter,kingdom,7,18,2810,2,2,0,0,0,19
exploit-hunter,kingdom,7,19,2890,2,2,0,0,0,19
exploit-hunter,kingdom,7,20,2970,2,2,0,0,0,19
exploit-hunter,kingdom,7,21,3050,2,2,0,0,0,19
exploit-hunter,kingdom,7,22,3130,2,2,0,0,0,19
exploit-hunter,kingdom,7,23,3210,2,2,0,0,0,19
exploit-hunter,kingdom,7,24,3290,2,2,0,0,0,19
exploit-hunter,kingdom,7,25,3370,2,2,0,0,0,19
exploit-hunter,kingdom,7,26,3450,2,2,0,0,0,19
exploit-hunter,kingdom,7,27,3530,2,2,0,0,0,19
exploit-hunter,kingdom,7,28,3610,2,2,0,0,0,19
exploit-hunter,kingdom,7,29,3690,2,2,0,0,0,19
exploit-hunter,kingdom,7,30,3770,2,2,0,0,0,19
exploit-hunter,kingdom,7,31,3850,2,2,0,0,0,19
exploit-hunter,kingdom,7,32,3930,2,2,0,0,0,19
exploit-hunter,kingdom,7,33,4010,2,2,0,0,0,19
exploit-hunter,kingdom,7,34,4090,2,2,0,0,0,19
exploit-hunter,kingdom,7,35,4170,2,2,0,0,0,19
exploit-hunter,kingdom,7,36,4250,2,2,0,0,0,19
exploit-hunter,kingdom,7,37,4330,2,2,0,0,0,19
exploit-hunter,kingdom,7,38,4410,2,2,0,0,0,19
exploit-hunter,kingdom,7,39,4490,2,2,0,0,0,19
exploit-hunter,kingdom,7,40,4570,2,2,0,0,0,19
exploit-hunter,kingdom,7,41,4650,2,2,0,0,0,19
exploit-hunter,kingdom,7,42,4730,2,2,0,0,0,19
exploit-hunter,kingdom,7,43,4810,2,2,0,0,0,19
exploit-hunter,kingdom,7,44,4890,2,2,0,0,0,19
exploit-hunter,kingdom,7,45,4970,2,2,0,0,0,19
exploit-hunter,kingdom,7,46,5050,2,2,0,0,0,19
exploit-hunter,kingdom,7,47,5130,2,2,0,0,0,19
exploit-hunter,kingdom,7,48,5210,2,2,0,0,0,19
exploit-hunter,kingdom,7,49,5290,2,2,0,0,0,19
exploit-hunter,kingdom,7,50,5370,2,2,0,0,0,19
exploit-hunter,kingdom,7,51,5450,2,2,0,0,0,19
exploit-hunter,kingdom,7,52,5530,2,2,0,0,0,19
exploit-hunter,kingdom,7,53,5610,2,2,0,0,0,19
exploit-hunter,kingdom,7,54,5690,2,2,0,0,0,19
exploit-hunter,kingdom,7,55,5770,2,2,0,0,0,19
exploit-hunter,kingdom,7,56,5850,2,2,0,0,0,19
exploit-hunter,kingdom,7,57,5930,2,2,0,0,0,19
exploit-hunter,kingdom,7,58,6010,2,2,0,0,0,19
exploit-hunter,kingdom,7,59,6090,2,2,0,0,0,19
exploit-hunter,kingdom,7,60,6170,2,2,0,0,0,19
exploit-hunter,kingdom,7,61,6250,2,2,0,0,0,19
exploit-hunter,kingdom,7,62,6330,2,2,0,0,0,19
exploit-hunter,kingdom,7,63,6410,2,2,0,0,0,19
exploit-hunter,kingdom,7,64,6490,2,2,0,0,0,19
exploit-hunter,kingdom,7,65,6570,2,2,0,0,0,19
exploit-hunter,kingdom,7,66,6650,2,2,0,0,0,19
exploit-hunter,kingdom,7,67,6730,2,2,0,0,0,19
exploit-hunter,kingdom,7,68,6810,2,2,0,0,0,19
exploit-hunter,kingdom,7,69,6890,2,2,0,0,0,19
exploit-hunter,kingdom,7,70,6970,2,2,0,0,0,19
exploit-hunter,kingdom,7,71,7050,2,2,0,0,0,19
exploit-hunter,kingdom,7,72,7130,2,2,0,0,0,19
exploit-hunter,kingdom,7,73,7210,2,2,0,0,0,19
exploit-hunter,kingdom,7,74,7290,2,2,0,0,0,19
exploit-hunter,kingdom,7,75,7370,2,2,0,0,0,19
exploit-hunter,kingdom,7,76,7450,2,2,0,0,0,19
exploit-hunter,kingdom,7,77,7530,2,2,0,0,0,19
exploit-hunter,kingdom,7,78,7610,2,2,0,0,0,19
exploit-hunter,kingdom,7,79,7690,2,2,0,0,0,19
exploit-hunter,kingdom,7,80,7770,2,2,0,0,0,19
exploit-hunter,kingdom,7,81,7850,2,2,0,0,0,19
exploit-hunter,kingdom,7,82,7930,2,2,0,0,0,19
exploit-hunter,kingdom,7,83,8010,2,2,0,0,0,19
exploit-hunter,kingdom,7,84,8090,2,2,0,0,0,19
exploit-hunter,kingdom,7,85,8170,2,2,0,0,0,19
exploit-hunter,kingdom,7,86,8250,2,2,0,0,0,19
exploit-hunter,kingdom,7,87,8330,2,2,0,0,0,19
exploit-hunter,kingdom,7,88,8410,2,2,0,0,0,19
exploit-hunter,kingdom,7,89,8490,2,2,0,0,0,19
exploit-hunter,kingdom,7,90,8570,2,2,0,0,0,19
exploit-hunter,kingdom,7,91,8650,2,2,0,0,0,19
exploit-hunter,kingdom,7,92,8730,2,2,0,0,0,19
exploit-hunter,kingdom,7,93,8810,2,2,0,0,0,19
exploit-hunter,kingdom,7,94,8890,2,2,0,0,0,19
exploit-hunter,kingdom,7,95,8970,2,2,0,0,0,19
exploit-hunter,kingdom,7,96,9050,2,2,0,0,0,19
exploit-hunter,kingdom,7,97,9130,2,2,0,0,0,19
exploit-hunter,kingdom,7,98,9210,2,2,0,0,0,19
exploit-hunter,kingdom,7,99,9290,2,2,0,0,0,19
exploit-hunter,kingdom,7,100,9370,2,2,0,0,0,19
exploit-hunter,kingdom,19,1,607,2,2,0,0,0,21
exploit-hunter,kingdom,19,2,747,2,2,0,0,0,21
exploit-hunter,kingdom,19,3,887,2,2,0,0,0,21
exploit-hunter,kingdom,19,4,1027,2,2,0,0,0,21
exploit-hunter,kingdom,19,5,1167,2,2,0,0,0,21
exploit-hunter,kingdom,19,6,1307,2,2,0,0,0,21
exploit-hunter,kingdom,19,7,1447,2,2,0,0,0,21
exploit-hunter,kingdom,19,8,1587,2,2,0,0,0,21
exploit-hunter,kingdom,19,9,1727,2,2,0,0,0,21
exploit-hunter,kingdom,19,10,1867,2,2,0,0,0,21
exploit-hunter,kingdom,19,11,2007,2,2,0,0,0,21
exploit-hunter,kingdom,19,12,2147,2,2,0,0,0,21
exploit-hunter,kingdom,19,13,2287,2,2,0,0,0,21
exploit-hunter,kingdom,19,14,2427,2,2,0,0,0,21
exploit-hunter,kingdom,19,15,2534,2,2,0,0,0,21
exploit-hunter,kingdom,19,16,2674,2,2,0,0,0,21
exploit-hunter,kingdom,19,17,2791,2,2,0,0,0,21
exploit-hunter,kingdom,19,18,2931,2,2,0,0,0,21
exploit-hunter,kingdom,19,19,3071,2,2,0,0,0,21
exploit-hunter,kingdom,19,20,3191,2,2,0,0,0,21
exploit-hunter,kingdom,19,21,3331,2,2,0,0,0,21
exploit-hunter,kingdom,19,22,3471,2,2,0,0,0,21
exploit-hunter,kingdom,19,23,3596,2,2,0,0,0,21
exploit-hunter,kingdom,19,24,3736,2,2,0,0,0,21
exploit-hunter,kingdom,19,25,3876,2,2,0,0,0,21
exploit-hunter,kingdom,19,26,4016,2,2,0,0,0,21
exploit-hunter,kingdom,19,27,4156,2,2,0,0,0,21
exploit-hunter,kingdom,19,28,4296,2,2,0,0,0,21
exploit-hunter,kingdom,19,29,4436,2,2,0,0,0,21
exploit-hunter,kingdom,19,30,4576,2,2,0,0,0,21
exploit-hunter,kingdom,19,31,4716,2,2,0,0,0,21
exploit-hunter,kingdom,19,32,4856,2,2,0,0,0,21
exploit-hunter,kingdom,19,33,4996,2,2,0,0,0,21
exploit-hunter,kingdom,19,34,5136,2,2,0,0,0,21
exploit-hunter,kingdom,19,35,5276,2,2,0,0,0,21
exploit-hunter,kingdom,19,36,5416,2,2,0,0,0,21
exploit-hunter,kingdom,19,37,5556,2,2,0,0,0,21
exploit-hunter,kingdom,19,38,5696,2,2,0,0,0,21
exploit-hunter,kingdom,19,39,5836,2,2,0,0,0,21
exploit-hunter,kingdom,19,40,5976,2,2,0,0,0,21
exploit-hunter,kingdom,19,41,6116,2,2,0,0,0,21
exploit-hunter,kingdom,19,42,6256,2,2,0,0,0,21
exploit-hunter,kingdom,19,43,6396,2,2,0,0,0,21
exploit-hunter,kingdom,19,44,6536,2,2,0,0,0,21
exploit-hunter,kingdom,19,45,6676,2,2,0,0,0,21
exploit-hunter,kingdom,19,46,6816,2,2,0,0,0,21
exploit-hunter,kingdom,19,47,6956,2,2,0,0,0,21
exploit-hunter,kingdom,19,48,7096,2,2,0,0,0,21
exploit-hunter,kingdom,19,49,7206,2,2,0,0,0,21
exploit-hunter,kingdom,19,50,7286,2,2,0,0,0,21
exploit-hunter,kingdom,19,51,7366,2,2,0,0,0,21
exploit-hunter,kingdom,19,52,7446,2,2,0,0,0,21
exploit-hunter,kingdom,19,53,7526,2,2,0,0,0,21
exploit-hunter,kingdom,19,54,7606,2,2,0,0,0,21
exploit-hunter,kingdom,19,55,7686,2,2,0,0,0,21
exploit-hunter,kingdom,19,56,7766,2,2,0,0,0,21
exploit-hunter,kingdom,19,57,7846,2,2,0,0,0,21
exploit-hunter,kingdom,19,58,7926,2,2,0,0,0,21
exploit-hunter,kingdom,19,59,8006,2,2,0,0,0,21
exploit-hunter,kingdom,19,60,8086,2,2,0,0,0,21
exploit-hunter,kingdom,19,61,8166,2,2,0,0,0,21
exploit-hunter,kingdom,19,62,8246,2,2,0,0,0,21
exploit-hunter,kingdom,19,63,8326,2,2,0,0,0,21
exploit-hunter,kingdom,19,64,8406,2,2,0,0,0,21
exploit-hunter,kingdom,19,65,8486,2,2,0,0,0,21
exploit-hunter,kingdom,19,66,8566,2,2,0,0,0,21
exploit-hunter,kingdom,19,67,8646,2,2,0,0,0,21
exploit-hunter,kingdom,19,68,8726,2,2,0,0,0,21
exploit-hunter,kingdom,19,69,8806,2,2,0,0,0,21
exploit-hunter,kingdom,19,70,8886,2,2,0,0,0,21
exploit-hunter,kingdom,19,71,8966,2,2,0,0,0,21
exploit-hunter,kingdom,19,72,9046,2,2,0,0,0,21
exploit-hunter,kingdom,19,73,9126,2,2,0,0,0,21
exploit-hunter,kingdom,19,74,9206,2,2,0,0,0,21
exploit-hunter,kingdom,19,75,9286,2,2,0,0,0,21
exploit-hunter,kingdom,19,76,9366,2,2,0,0,0,21
exploit-hunter,kingdom,19,77,9446,2,2,0,0,0,21
exploit-hunter,kingdom,19,78,9526,2,2,0,0,0,21
exploit-hunter,kingdom,19,79,9606,2,2,0,0,0,21
exploit-hunter,kingdom,19,80,9686,2,2,0,0,0,21
exploit-hunter,kingdom,19,81,9766,2,2,0,0,0,21
exploit-hunter,kingdom,19,82,9846,2,2,0,0,0,21
exploit-hunter,kingdom,19,83,9926,2,2,0,0,0,21
exploit-hunter,kingdom,19,84,10006,2,2,0,0,0,21
exploit-hunter,kingdom,19,85,10086,2,2,0,0,0,21
exploit-hunter,kingdom,19,86,10166,2,2,0,0,0,21
exploit-hunter,kingdom,19,87,10246,2,2,0,0,0,21
exploit-hunter,kingdom,19,88,10326,2,2,0,0,0,21
exploit-hunter,kingdom,19,89,10406,2,2,0,0,0,21
exploit-hunter,kingdom,19,90,10486,2,2,0,0,0,21
exploit-hunter,kingdom,19,91,10566,2,2,0,0,0,21
exploit-hunter,kingdom,19,92,10646,2,2,0,0,0,21
exploit-hunter,kingdom,19,93,10726,2,2,0,0,0,21
exploit-hunter,kingdom,19,94,10806,2,2,0,0,0,21
exploit-hunter,kingdom,19,95,10835,2,2,0,0,0,21
exploit-hunter,kingdom,19,96,10914,2,2,0,0,0,21
exploit-hunter,kingdom,19,97,10994,2,2,0,0,0,21
exploit-hunter,kingdom,19,98,11074,2,2,0,0,0,21
exploit-hunter,kingdom,19,99,11154,2,2,0,0,0,21
exploit-hunter,kingdom,19,100,11234,2,2,0,0,0,21
exploit-hunter,kingdom,42,1,535,2,2,0,0,0,0
exploit-hunter,kingdom,42,2,590,2,2,0,0,0,20
exploit-hunter,kingdom,42,3,730,2,2,0,0,0,20
exploit-hunter,kingdom,42,4,870,2,2,0,0,0,20
exploit-hunter,kingdom,42,5,1010,2,2,0,0,0,20
exploit-hunter,kingdom,42,6,1150,2,2,0,0,0,20
exploit-hunter,kingdom,42,7,1290,2,2,0,0,0,20
exploit-hunter,kingdom,42,8,1430,2,2,0,0,0,20
exploit-hunter,kingdom,42,9,1570,2,2,0,0,0,20
exploit-hunter,kingdom,42,10,1710,2,2,0,0,0,20
exploit-hunter,kingdom,42,11,1850,2,2,0,0,0,20
exploit-hunter,kingdom,42,12,1990,2,2,0,0,0,20
exploit-hunter,kingdom,42,13,2130,2,2,0,0,0,20
exploit-hunter,kingdom,42,14,2270,2,2,0,0,0,20
exploit-hunter,kingdom,42,15,2410,2,2,0,0,0,20
exploit-hunter,kingdom,42,16,2550,2,2,0,0,0,20
exploit-hunter,kingdom,42,17,2686,2,2,0,0,0,20
exploit-hunter,kingdom,42,18,2766,2,2,0,0,0,20
exploit-hunter,kingdom,42,19,2846,2,2,0,0,0,20
exploit-hunter,kingdom,42,20,2926,2,2,0,0,0,20
exploit-hunter,kingdom,42,21,3006,2,2,0,0,0,20
exploit-hunter,kingdom,42,22,3086,2,2,0,0,0,20
exploit-hunter,kingdom,42,23,3166,2,2,0,0,0,20
exploit-hunter,kingdom,42,24,3246,2,2,0,0,0,20
exploit-hunter,kingdom,42,25,3326,2,2,0,0,0,20
exploit-hunter,kingdom,42,26,3406,2,2,0,0,0,20
exploit-hunter,kingdom,42,27,3486,2,2,0,0,0,20
exploit-hunter,kingdom,42,28,3566,2,2,0,0,0,20
exploit-hunter,kingdom,42,29,3646,2,2,0,0,0,20
exploit-hunter,kingdom,42,30,3726,2,2,0,0,0,20
exploit-hunter,kingdom,42,31,3806,2,2,0,0,0,20
exploit-hunter,kingdom,42,32,3886,2,2,0,0,0,20
exploit-hunter,kingdom,42,33,3966,2,2,0,0,0,20
exploit-hunter,kingdom,42,34,4046,2,2,0,0,0,20
exploit-hunter,kingdom,42,35,4126,2,2,0,0,0,20
exploit-hunter,kingdom,42,36,4206,2,2,0,0,0,20
exploit-hunter,kingdom,42,37,4286,2,2,0,0,0,20
exploit-hunter,kingdom,42,38,4366,2,2,0,0,0,20
exploit-hunter,kingdom,42,39,4446,2,2,0,0,0,20
exploit-hunter,kingdom,42,40,4526,2,2,0,0,0,20
exploit-hunter,kingdom,42,41,4606,2,2,0,0,0,20
exploit-hunter,kingdom,42,42,4686,2,2,0,0,0,20
exploit-hunter,kingdom,42,43,4766,2,2,0,0,0,20
exploit-hunter,kingdom,42,44,4846,2,2,0,0,0,20
exploit-hunter,kingdom,42,45,4926,2,2,0,0,0,20
exploit-hunter,kingdom,42,46,5006,2,2,0,0,0,20
exploit-hunter,kingdom,42,47,5086,2,2,0,0,0,20
exploit-hunter,kingdom,42,48,5166,2,2,0,0,0,20
exploit-hunter,kingdom,42,49,5246,2,2,0,0,0,20
exploit-hunter,kingdom,42,50,5326,2,2,0,0,0,20
exploit-hunter,kingdom,42,51,5406,2,2,0,0,0,20
exploit-hunter,kingdom,42,52,5486,2,2,0,0,0,20
exploit-hunter,kingdom,42,53,5566,2,2,0,0,0,20
exploit-hunter,kingdom,42,54,5646,2,2,0,0,0,20
exploit-hunter,kingdom,42,55,5726,2,2,0,0,0,20
exploit-hunter,kingdom,42,56,5806,2,2,0,0,0,20
exploit-hunter,kingdom,42,57,5886,2,2,0,0,0,20
exploit-hunter,kingdom,42,58,5966,2,2,0,0,0,20
exploit-hunter,kingdom,42,59,6046,2,2,0,0,0,20
exploit-hunter,kingdom,42,60,6126,2,2,0,0,0,20
exploit-hunter,kingdom,42,61,6206,2,2,0,0,0,20
exploit-hunter,kingdom,42,62,6286,2,2,0,0,0,20
exploit-hunter,kingdom,42,63,6366,2,2,0,0,0,20
exploit-hunter,kingdom,42,64,6446,2,2,0,0,0,20
exploit-hunter,kingdom,42,65,6526,2,2,0,0,0,20
exploit-hunter,kingdom,42,66,6606,2,2,0,0,0,20
exploit-hunter,kingdom,42,67,6686,2,2,0,0,0,20
exploit-hunter,kingdom,42,68,6766,2,2,0,0,0,20
exploit-hunter,kingdom,42,69,6846,2,2,0,0,0,20
exploit-hunter,kingdom,42,70,6926,2,2,0,0,0,20
exploit-hunter,kingdom,42,71,7006,2,2,0,0,0,20
exploit-hunter,kingdom,42,72,7086,2,2,0,0,0,20
exploit-hunter,kingdom,42,73,7166,2,2,0,0,0,20
exploit-hunter,kingdom,42,74,7246,2,2,0,0,0,20
exploit-hunter,kingdom,42,75,7326,2,2,0,0,0,20
exploit-hunter,kingdom,42,76,7406,2,2,0,0,0,20
exploit-hunter,kingdom,42,77,7486,2,2,0,0,0,20
exploit-hunter,kingdom,42,78,7566,2,2,0,0,0,20
exploit-hunter,kingdom,42,79,7646,2,2,0,0,0,20
exploit-hunter,kingdom,42,80,7726,2,2,0,0,0,20
exploit-hunter,kingdom,42,81,7806,2,2,0,0,0,20
exploit-hunter,kingdom,42,82,7886,2,2,0,0,0,20
exploit-hunter,kingdom,42,83,7966,2,2,0,0,0,20
exploit-hunter,kingdom,42,84,8046,2,2,0,0,0,20
exploit-hunter,kingdom,42,85,8126,2,2,0,0,0,20
exploit-hunter,kingdom,42,86,8206,2,2,0,0,0,20
exploit-hunter,kingdom,42,87,8286,2,2,0,0,0,20
exploit-hunter,kingdom,42,88,8366,2,2,0,0,0,20
exploit-hunter,kingdom,42,89,8446,2,2,0,0,0,20
exploit-hunter,kingdom,42,90,8526,2,2,0,0,0,20
exploit-hunter,kingdom,42,91,8606,2,2,0,0,0,20
exploit-hunter,kingdom,42,92,8686,2,2,0,0,0,20
exploit-hunter,kingdom,42,93,8766,2,2,0,0,0,20
exploit-hunter,kingdom,42,94,8846,2,2,0,0,0,20
exploit-hunter,kingdom,42,95,8926,2,2,0,0,0,20
exploit-hunter,kingdom,42,96,9006,2,2,0,0,0,20
exploit-hunter,kingdom,42,97,9086,2,2,0,0,0,20
diplomat,kingdom,7,1,460,0,0,0,0,0,0
diplomat,kingdom,7,2,460,0,0,0,0,0,0
diplomat,kingdom,7,3,460,0,0,0,0,0,0
diplomat,kingdom,7,4,460,0,0,0,0,0,0
diplomat,kingdom,7,5,460,0,0,0,0,0,0
diplomat,kingdom,7,6,460,0,0,0,0,0,0
diplomat,kingdom,7,7,460,0,0,0,0,0,0
diplomat,kingdom,7,8,460,0,0,0,0,0,0
diplomat,kingdom,7,9,460,0,0,0,0,0,0
diplomat,kingdom,7,10,460,0,0,0,0,0,0
diplomat,kingdom,7,11,460,0,0,0,0,0,0
diplomat,kingdom,7,12,460,0,0,0,0,0,0
diplomat,kingdom,7,13,460,0,0,0,0,0,0
diplomat,kingdom,7,14,460,0,0,0,0,0,0
diplomat,kingdom,7,15,460,0,0,0,0,0,0
diplomat,kingdom,7,16,460,0,0,0,0,0,0
diplomat,kingdom,7,17,460,0,0,0,0,0,0
diplomat,kingdom,7,18,460,0,0,0,0,0,0
diplomat,kingdom,7,19,460,0,0,0,0,0,0
diplomat,kingdom,7,20,460,0,0,0,0,0,0
diplomat,kingdom,7,21,460,0,0,0,0,0,0
diplomat,kingdom,7,22,460,0,0,0,0,0,0
diplomat,kingdom,7,23,460,0,0,0,0,0,0
diplomat,kingdom,7,24,460,0,0,0,0,0,0
diplomat,kingdom,7,25,460,0,0,0,0,0,0
diplomat,kingdom,7,26,460,0,0,0,0,0,0
diplomat,kingdom,7,27,460,0,0,0,0,0,0
diplomat,kingdom,7,28,460,0,0,0,0,0,0
diplomat,kingdom,7,29,460,0,0,0,0,0,0
diplomat,kingdom,7,30,460,0,0,0,0,0,0
diplomat,kingdom,7,31,460,0,0,0,0,0,0
diplomat,kingdom,7,32,460,0,0,0,0,0,0
diplomat,kingdom,7,33,460,0,0,0,0,0,0
diplomat,kingdom,7,34,460,0,0,0,0,0,0
diplomat,kingdom,7,35,460,0,0,0,0,0,0
diplomat,kingdom,7,36,460,0,0,0,0,0,0
diplomat,kingdom,7,37,460,0,0,0,0,0,0
diplomat,kingdom,7,38,460,0,0,0,0,0,0
diplomat,kingdom,7,39,460,0,0,0,0,0,0
diplomat,kingdom,7,40,460,0,0,0,0,0,0
diplomat,kingdom,7,41,460,0,0,0,0,0,0
diplomat,kingdom,7,42,460,0,0,0,0,0,0
diplomat,kingdom,7,43,460,0,0,0,0,0,0
diplomat,kingdom,7,44,460,0,0,0,0,0,0
diplomat,kingdom,7,45,460,0,0,0,0,0,0
diplomat,kingdom,7,46,460,0,0,0,0,0,0
diplomat,kingdom,7,47,460,0,0,0,0,0,0
diplomat,kingdom,7,48,460,0,0,0,0,0,0
diplomat,kingdom,7,49,460,0,0,0,0,0,0
diplomat,kingdom,7,50,460,0,0,0,0,0,0
diplomat,kingdom,7,51,460,0,0,0,0,0,0
diplomat,kingdom,7,52,460,0,0,0,0,0,0
diplomat,kingdom,7,53,460,0,0,0,0,0,0
diplomat,kingdom,7,54,460,0,0,0,0,0,0
diplomat,kingdom,7,55,460,0,0,0,0,0,0
diplomat,kingdom,7,56,460,0,0,0,0,0,0
diplomat,kingdom,7,57,460,0,0,0,0,0,0
diplomat,kingdom,7,58,460,0,0,0,0,0,0
diplomat,kingdom,7,59,460,0,0,0,0,0,0
diplomat,kingdom,7,60,460,0,0,0,0,0,0
diplomat,kingdom,7,61,460,0,0,0,0,0,0
diplomat,kingdom,7,62,460,0,0,0,0,0,0
diplomat,kingdom,7,63,460,0,0,0,0,0,0
diplomat,kingdom,7,64,460,0,0,0,0,0,0
diplomat,kingdom,7,65,460,0,0,0,0,0,0
diplomat,kingdom,7,66,460,0,0,0,0,0,0
diplomat,kingdom,7,67,460,0,0,0,0,0,0
diplomat,kingdom,7,68,460,0,0,0,0,0,0
diplomat,kingdom,7,69,460,0,0,0,0,0,0
diplomat,kingdom,7,70,460,0,0,0,0,0,0
diplomat,kingdom,7,71,460,0,0,0,0,0,0
diplomat,kingdom,7,72,460,0,0,0,0,0,0
diplomat,kingdom,7,73,460,0,0,0,0,0,0
diplomat,kingdom,7,74,460,0,0,0,0,0,0
diplomat,kingdom,7,75,460,0,0,0,0,0,0
diplomat,kingdom,7,76,460,0,0,0,0,0,0
diplomat,kingdom,7,77,460,0,0,0,0,0,0
diplomat,kingdom,7,78,460,0,0,0,0,0,0
diplomat,kingdom,7,79,460,0,0,0,0,0,0
diplomat,kingdom,7,80,460,0,0,0,0,0,0
diplomat,kingdom,7,81,460,0,0,0,0,0,0
diplomat,kingdom,7,82,460,0,0,0,0,0,0
diplomat,kingdom,7,83,460,0,0,0,0,0,0
diplomat,kingdom,7,84,460,0,0,0,0,0,0
diplomat,kingdom,7,85,460,0,0,0,0,0,0
diplomat,kingdom,7,86,460,0,0,0,0,0,0
diplomat,kingdom,7,87,460,0,0,0,0,0,0
diplomat,kingdom,7,88,460,0,0,0,0,0,0
diplomat,kingdom,7,89,460,0,0,0,0,0,0
diplomat,kingdom,7,90,405,0,0,0,0,0,0
diplomat,kingdom,7,91,405,0,0,0,0,0,0
diplomat,kingdom,7,92,405,0,0,0,0,0,0
diplomat,kingdom,7,93,405,0,0,0,0,0,0
diplomat,kingdom,7,94,405,0,0,0,0,0,0
diplomat,kingdom,7,95,405,0,0,0,0,0,0
diplomat,kingdom,7,96,405,0,0,0,0,0,0
diplomat,kingdom,7,97,405,0,0,0,0,0,0
diplomat,kingdom,7,98,405,0,0,0,0,0,0
diplomat,kingdom,7,99,405,0,0,0,0,0,0
diplomat,kingdom,7,100,405,0,0,0,0,0,0
diplomat,kingdom,19,1,540,0,0,0,0,0,0
diplomat,kingdom,19,2,529,0,0,0,0,0,0
diplomat,kingdom,19,3,529,0,0,0,0,0,0
diplomat,kingdom,19,4,529,0,0,0,0,0,0
diplomat,kingdom,19,5,529,0,0,0,0,0,0
diplomat,kingdom,19,6,529,0,0,0,0,0,0
diplomat,kingdom,19,7,529,0,0,0,0,0,0
diplomat,kingdom,19,8,529,0,0,0,0,0,0
diplomat,kingdom,19,9,529,0,0,0,0,0,0
diplomat,kingdom,19,10,529,0,0,0,0,0,0
diplomat,kingdom,19,11,529,0,0,0,0,0,0
diplomat,kingdom,19,12,529,0,0,0,0,0,0
diplomat,kingdom,19,13,529,0,0,0,0,0,0
diplomat,kingdom,19,14,529,0,0,0,0,0,0
diplomat,kingdom,19,15,529,0,0,0,0,0,0
diplomat,kingdom,19,16,529,0,0,0,0,0,0
diplomat,kingdom,19,17,529,0,0,0,0,0,0
diplomat,kingdom,19,18,529,0,0,0,0,0,0
diplomat,kingdom,19,19,529,0,0,0,0,0,0
diplomat,kingdom,19,20,529,0,0,0,0,0,0
diplomat,kingdom,19,21,529,0,0,0,0,0,0
diplomat,kingdom,19,22,529,0,0,0,0,0,0
diplomat,kingdom,19,23,529,0,0,0,0,0,0
diplomat,kingdom,19,24,529,0,0,0,0,0,0
diplomat,kingdom,19,25,529,0,0,0,0,0,0
diplomat,kingdom,19,26,529,0,0,0,0,0,0
diplomat,kingdom,19,27,529,0,0,0,0,0,0
diplomat,kingdom,19,28,529,0,0,0,0,0,0
diplomat,kingdom,19,29,529,0,0,0,0,0,0
diplomat,kingdom,19,30,529,0,0,0,0,0,0
diplomat,kingdom,19,31,529,0,0,0,0,0,0
diplomat,kingdom,19,32,529,0,0,0,0,0,0
diplomat,kingdom,19,33,529,0,0,0,0,0,0
diplomat,kingdom,19,34,529,0,0,0,0,0,0
diplomat,kingdom,19,35,529,0,0,0,0,0,0
diplomat,kingdom,19,36,529,0,0,0,0,0,0
diplomat,kingdom,19,37,529,0,0,0,0,0,0
diplomat,kingdom,19,38,529,0,0,0,0,0,0
diplomat,kingdom,19,39,529,0,0,0,0,0,0
diplomat,kingdom,19,40,529,0,0,0,0,0,0
diplomat,kingdom,19,41,529,0,0,0,0,0,0
diplomat,kingdom,19,42,529,0,0,0,0,0,0
diplomat,kingdom,19,43,529,0,0,0,0,0,0
diplomat,kingdom,19,44,529,0,0,0,0,0,0
diplomat,kingdom,19,45,529,0,0,0,0,0,0
diplomat,kingdom,19,46,529,0,0,0,0,0,0
diplomat,kingdom,19,47,529,0,0,0,0,0,0
diplomat,kingdom,19,48,529,0,0,0,0,0,0
diplomat,kingdom,19,49,529,0,0,0,0,0,0
diplomat,kingdom,19,50,529,0,0,0,0,0,0
diplomat,kingdom,19,51,529,0,0,0,0,0,0
diplomat,kingdom,19,52,529,0,0,0,0,0,0
diplomat,kingdom,19,53,529,0,0,0,0,0,0
diplomat,kingdom,19,54,529,0,0,0,0,0,0
diplomat,kingdom,19,55,529,0,0,0,0,0,0
diplomat,kingdom,19,56,529,0,0,0,0,0,0
diplomat,kingdom,19,57,529,0,0,0,0,0,0
diplomat,kingdom,19,58,529,0,0,0,0,0,0
diplomat,kingdom,19,59,529,0,0,0,0,0,0
diplomat,kingdom,19,60,529,0,0,0,0,0,0
diplomat,kingdom,19,61,529,0,0,0,0,0,0
diplomat,kingdom,19,62,529,0,0,0,0,0,0
diplomat,kingdom,19,63,529,0,0,0,0,0,0
diplomat,kingdom,19,64,529,0,0,0,0,0,0
diplomat,kingdom,19,65,529,0,0,0,0,0,0
diplomat,kingdom,19,66,529,0,0,0,0,0,0
diplomat,kingdom,19,67,529,0,0,0,0,0,0
diplomat,kingdom,19,68,529,0,0,0,0,0,0
diplomat,kingdom,19,69,529,0,0,0,0,0,0
diplomat,kingdom,19,70,529,0,0,0,0,0,0
diplomat,kingdom,19,71,529,0,0,0,0,0,0
diplomat,kingdom,19,72,529,0,0,0,0,0,0
diplomat,kingdom,19,73,529,0,0,0,0,0,0
diplomat,kingdom,19,74,529,0,0,0,0,0,0
diplomat,kingdom,19,75,529,0,0,0,0,0,0
diplomat,kingdom,19,76,529,0,0,0,0,0,0
diplomat,kingdom,19,77,529,0,0,0,0,0,0
diplomat,kingdom,19,78,529,0,0,0,0,0,0
diplomat,kingdom,19,79,529,0,0,0,0,0,0
diplomat,kingdom,19,80,529,0,0,0,0,0,0
diplomat,kingdom,19,81,529,0,0,0,0,0,0
diplomat,kingdom,19,82,529,0,0,0,0,0,0
diplomat,kingdom,19,83,529,0,0,0,0,0,0
diplomat,kingdom,19,84,529,0,0,0,0,0,0
diplomat,kingdom,19,85,529,0,0,0,0,0,0
diplomat,kingdom,19,86,529,0,0,0,0,0,0
diplomat,kingdom,19,87,529,0,0,0,0,0,0
diplomat,kingdom,19,88,529,0,0,0,0,0,0
diplomat,kingdom,19,89,529,0,0,0,0,0,0
diplomat,kingdom,19,90,529,0,0,0,0,0,0
diplomat,kingdom,19,91,529,0,0,0,0,0,0
diplomat,kingdom,19,92,529,0,0,0,0,0,0
diplomat,kingdom,19,93,529,0,0,0,0,0,0
diplomat,kingdom,19,94,529,0,0,0,0,0,0
diplomat,kingdom,19,95,529,0,0,0,0,0,0
diplomat,kingdom,19,96,529,0,0,0,0,0,0
diplomat,kingdom,19,97,529,0,0,0,0,0,0
diplomat,kingdom,19,98,529,0,0,0,0,0,0
diplomat,kingdom,19,99,529,0,0,0,0,0,0
diplomat,kingdom,19,100,529,0,0,0,0,0,0
diplomat,kingdom,42,1,406,0,0,0,0,0,0
diplomat,kingdom,42,2,406,0,0,0,0,0,0
diplomat,kingdom,42,3,406,0,0,0,0,0,0
diplomat,kingdom,42,4,406,0,0,0,0,0,0
diplomat,kingdom,42,5,406,0,0,0,0,0,0
diplomat,kingdom,42,6,406,0,0,0,0,0,0
diplomat,kingdom,42,7,406,0,0,0,0,0,0
diplomat,kingdom,42,8,406,0,0,0,0,0,0
diplomat,kingdom,42,9,406,0,0,0,0,0,0
diplomat,kingdom,42,10,406,0,0,0,0,0,0
diplomat,kingdom,42,11,406,0,0,0,0,0,0
diplomat,kingdom,42,12,406,0,0,0,0,0,0
diplomat,kingdom,42,13,406,0,0,0,0,0,0
diplomat,kingdom,42,14,406,0,0,0,0,0,0
diplomat,kingdom,42,15,406,0,0,0,0,0,0
diplomat,kingdom,42,16,406,0,0,0,0,0,0
diplomat,kingdom,42,17,406,0,0,0,0,0,0
diplomat,kingdom,42,18,406,0,0,0,0,0,0
diplomat,kingdom,42,19,406,0,0,0,0,0,0
diplomat,kingdom,42,20,406,0,0,0,0,0,0
diplomat,kingdom,42,21,406,0,0,0,0,0,0
diplomat,kingdom,42,22,406,0,0,0,0,0,0
diplomat,kingdom,42,23,406,0,0,0,0,0,0
diplomat,kingdom,42,24,406,0,0,0,0,0,0
diplomat,kingdom,42,25,406,0,0,0,0,0,0
diplomat,kingdom,42,26,406,0,0,0,0,0,0
diplomat,kingdom,42,27,406,0,0,0,0,0,0
diplomat,kingdom,42,28,406,0,0,0,0,0,0
diplomat,kingdom,42,29,406,0,0,0,0,0,0
diplomat,kingdom,42,30,406,0,0,0,0,0,0
diplomat,kingdom,42,31,406,0,0,0,0,0,0
diplomat,kingdom,42,32,406,0,0,0,0,0,0
diplomat,kingdom,42,33,406,0,0,0,0,0,0
diplomat,kingdom,42,34,406,0,0,0,0,0,0
diplomat,kingdom,42,35,406,0,0,0,0,0,0
diplomat,kingdom,42,36,406,0,0,0,0,0,0
diplomat,kingdom,42,37,406,0,0,0,0,0,0
diplomat,kingdom,42,38,406,0,0,0,0,0,0
diplomat,kingdom,42,39,406,0,0,0,0,0,0
diplomat,kingdom,42,40,406,0,0,0,0,0,0
diplomat,kingdom,42,41,406,0,0,0,0,0,0
diplomat,kingdom,42,42,406,0,0,0,0,0,0
diplomat,kingdom,42,43,406,0,0,0,0,0,0
diplomat,kingdom,42,44,406,0,0,0,0,0,0
diplomat,kingdom,42,45,406,0,0,0,0,0,0
diplomat,kingdom,42,46,406,0,0,0,0,0,0
diplomat,kingdom,42,47,406,0,0,0,0,0,0
diplomat,kingdom,42,48,406,0,0,0,0,0,0
diplomat,kingdom,42,49,406,0,0,0,0,0,0
diplomat,kingdom,42,50,406,0,0,0,0,0,0
diplomat,kingdom,42,51,406,0,0,0,0,0,0
diplomat,kingdom,42,52,406,0,0,0,0,0,0
diplomat,kingdom,42,53,406,0,0,0,0,0,0
diplomat,kingdom,42,54,406,0,0,0,0,0,0
diplomat,kingdom,42,55,406,0,0,0,0,0,0
diplomat,kingdom,42,56,406,0,0,0,0,0,0
diplomat,kingdom,42,57,406,0,0,0,0,0,0
diplomat,kingdom,42,58,406,0,0,0,0,0,0
diplomat,kingdom,42,59,406,0,0,0,0,0,0
diplomat,kingdom,42,60,406,0,0,0,0,0,0
diplomat,kingdom,42,61,406,0,0,0,0,0,0
diplomat,kingdom,42,62,406,0,0,0,0,0,0
diplomat,kingdom,42,63,406,0,0,0,0,0,0
diplomat,kingdom,42,64,406,0,0,0,0,0,0
diplomat,kingdom,42,65,406,0,0,0,0,0,0
diplomat,kingdom,42,66,406,0,0,0,0,0,0
diplomat,kingdom,42,67,406,0,0,0,0,0,0
diplomat,kingdom,42,68,406,0,0,0,0,0,0
diplomat,kingdom,42,69,406,0,0,0,0,0,0
diplomat,kingdom,42,70,406,0,0,0,0,0,0
diplomat,kingdom,42,71,406,0,0,0,0,0,0
diplomat,kingdom,42,72,406,0,0,0,0,0,0
diplomat,kingdom,42,73,406,0,0,0,0,0,0
diplomat,kingdom,42,74,406,0,0,0,0,0,0
diplomat,kingdom,42,75,406,0,0,0,0,0,0
diplomat,kingdom,42,76,406,0,0,0,0,0,0
diplomat,kingdom,42,77,406,0,0,0,0,0,0
diplomat,kingdom,42,78,406,0,0,0,0,0,0
diplomat,kingdom,42,79,406,0,0,0,0,0,0
diplomat,kingdom,42,80,406,0,0,0,0,0,0
diplomat,kingdom,42,81,406,0,0,0,0,0,0
diplomat,kingdom,42,82,406,0,0,0,0,0,0
diplomat,kingdom,42,83,406,0,0,0,0,0,0
diplomat,kingdom,42,84,406,0,0,0,0,0,0
diplomat,kingdom,42,85,406,0,0,0,0,0,0
diplomat,kingdom,42,86,406,0,0,0,0,0,0
diplomat,kingdom,42,87,406,0,0,0,0,0,0
diplomat,kingdom,42,88,406,0,0,0,0,0,0
diplomat,kingdom,42,89,406,0,0,0,0,0,0
diplomat,kingdom,42,90,406,0,0,0,0,0,0
diplomat,kingdom,42,91,406,0,0,0,0,0,0
diplomat,kingdom,42,92,406,0,0,0,0,0,0
diplomat,kingdom,42,93,406,0,0,0,0,0,0
diplomat,kingdom,42,94,406,0,0,0,0,0,0
diplomat,kingdom,42,95,406,0,0,0,0,0,0
diplomat,kingdom,42,96,406,0,0,0,0,0,0
diplomat,kingdom,42,97,406,0,0,0,0,0,0
diplomat,kingdom,42,98,406,0,0,0,0,0,0
diplomat,kingdom,42,99,406,0,0,0,0,0,0
diplomat,kingdom,42,100,406,0,0,0,0,0,0
spymaster,kingdom,7,1,460,0,0,0,0,0,0
spymaster,kingdom,7,2,460,0,0,0,0,0,0
spymaster,kingdom,7,3,460,0,0,0,0,0,0
spymaster,kingdom,7,4,460,0,0,0,0,0,0
spymaster,kingdom,7,5,460,0,0,0,0,0,0
spymaster,kingdom,7,6,460,0,0,0,0,0,0
spymaster,kingdom,7,7,460,0,0,0,0,0,0
spymaster,kingdom,7,8,460,0,0,0,0,0,0
spymaster,kingdom,7,9,460,0,0,0,0,0,0
spymaster,kingdom,7,10,460,0,0,0,0,0,0
spymaster,kingdom,7,11,460,0,0,0,0,0,0
spymaster,kingdom,7,12,460,0,0,0,0,0,0
spymaster,kingdom,7,13,460,0,0,0,0,0,0
spymaster,kingdom,7,14,460,0,0,0,0,0,0
spymaster,kingdom,7,15,460,0,0,0,0,0,0
spymaster,kingdom,7,16,460,0,0,0,0,0,0
spymaster,kingdom,7,17,460,0,0,0,0,0,0
spymaster,kingdom,7,18,460,0,0,0,0,0,0
spymaster,kingdom,7,19,460,0,0,0,0,0,0
spymaster,kingdom,7,20,460,0,0,0,0,0,0
spymaster,kingdom,7,21,460,0,0,0,0,0,0
spymaster,kingdom,7,22,460,0,0,0,0,0,0
spymaster,kingdom,7,23,460,0,0,0,0,0,0
spymaster,kingdom,7,24,460,0,0,0,0,0,0
spymaster,kingdom,7,25,460,0,0,0,0,0,0
spymaster,kingdom,7,26,460,0,0,0,0,0,0
spymaster,kingdom,7,27,460,0,0,0,0,0,0
spymaster,kingdom,7,28,460,0,0,0,0,0,0
spymaster,kingdom,7,29,460,0,0,0,0,0,0
spymaster,kingdom,7,30,460,0,0,0,0,0,0
spymaster,kingdom,7,31,460,0,0,0,0,0,0
spymaster,kingdom,7,32,460,0,0,0,0,0,0
spymaster,kingdom,7,33,460,0,0,0,0,0,0
spymaster,kingdom,7,34,460,0,0,0,0,0,0
spymaster,kingdom,7,35,460,0,0,0,0,0,0
spymaster,kingdom,7,36,460,0,0,0,0,0,0
spymaster,kingdom,7,37,460,0,0,0,0,0,0
spymaster,kingdom,7,38,460,0,0,0,0,0,0
spymaster,kingdom,7,39,460,0,0,0,0,0,0
spymaster,kingdom,7,40,460,0,0,0,0,0,0
spymaster,kingdom,7,41,460,0,0,0,0,0,0
spymaster,kingdom,7,42,460,0,0,0,0,0,0
spymaster,kingdom,7,43,460,0,0,0,0,0,0
spymaster,kingdom,7,44,460,0,0,0,0,0,0
spymaster,kingdom,7,45,460,0,0,0,0,0,0
spymaster,kingdom,7,46,460,0,0,0,0,0,0
spymaster,kingdom,7,47,460,0,0,0,0,0,0
spymaster,kingdom,7,48,460,0,0,0,0,0,0
spymaster,kingdom,7,49,460,0,0,0,0,0,0
spymaster,kingdom,7,50,460,0,0,0,0,0,0
spymaster,kingdom,7,51,460,0,0,0,0,0,0
spymaster,kingdom,7,52,460,0,0,0,0,0,0
spymaster,kingdom,7,53,460,0,0,0,0,0,0
spymaster,kingdom,7,54,460,0,0,0,0,0,0
spymaster,kingdom,7,55,460,0,0,0,0,0,0
spymaster,kingdom,7,56,460,0,0,0,0,0,0
spymaster,kingdom,7,57,460,0,0,0,0,0,0
spymaster,kingdom,7,58,460,0,0,0,0,0,0
spymaster,kingdom,7,59,460,0,0,0,0,0,0
spymaster,kingdom,7,60,460,0,0,0,0,0,0
spymaster,kingdom,7,61,460,0,0,0,0,0,0
spymaster,kingdom,7,62,460,0,0,0,0,0,0
spymaster,kingdom,7,63,460,0,0,0,0,0,0
spymaster,kingdom,7,64,460,0,0,0,0,0,0
spymaster,kingdom,7,65,460,0,0,0,0,0,0
spymaster,kingdom,7,66,460,0,0,0,0,0,0
spymaster,kingdom,7,67,460,0,0,0,0,0,0
spymaster,kingdom,7,68,460,0,0,0,0,0,0
spymaster,kingdom,7,69,460,0,0,0,0,0,0
spymaster,kingdom,7,70,460,0,0,0,0,0,0
spymaster,kingdom,7,71,460,0,0,0,0,0,0
spymaster,kingdom,7,72,460,0,0,0,0,0,0
spymaster,kingdom,7,73,460,0,0,0,0,0,0
spymaster,kingdom,7,74,460,0,0,0,0,0,0
spymaster,kingdom,7,75,460,0,0,0,0,0,0
spymaster,kingdom,7,76,460,0,0,0,0,0,0
spymaster,kingdom,7,77,460,0,0,0,0,0,0
spymaster,kingdom,7,78,460,0,0,0,0,0,0
spymaster,kingdom,7,79,460,0,0,0,0,0,0
spymaster,kingdom,7,80,460,0,0,0,0,0,0
spymaster,kingdom,7,81,460,0,0,0,0,0,0
spymaster,kingdom,7,82,460,0,0,0,0,0,0
spymaster,kingdom,7,83,460,0,0,0,0,0,0
spymaster,kingdom,7,84,460,0,0,0,0,0,0
spymaster,kingdom,7,85,460,0,0,0,0,0,0
spymaster,kingdom,7,86,460,0,0,0,0,0,0
spymaster,kingdom,7,87,460,0,0,0,0,0,0
spymaster,kingdom,7,88,460,0,0,0,0,0,0
spymaster,kingdom,7,89,460,0,0,0,0,0,0
spymaster,kingdom,7,90,403,0,0,0,0,0,0
spymaster,kingdom,7,91,403,0,0,0,0,0,0
spymaster,kingdom,7,92,403,0,0,0,0,0,0
spymaster,kingdom,7,93,403,0,0,0,0,0,0
spymaster,kingdom,7,94,403,0,0,0,0,0,0
spymaster,kingdom,7,95,403,0,0,0,0,0,0
spymaster,kingdom,7,96,403,0,0,0,0,0,0
spymaster,kingdom,7,97,403,0,0,0,0,0,0
spymaster,kingdom,7,98,403,0,0,0,0,0,0
spymaster,kingdom,7,99,403,0,0,0,0,0,0
spymaster,kingdom,7,100,403,0,0,0,0,0,0
spymaster,kingdom,19,1,540,0,0,0,0,0,0
spymaster,kingdom,19,2,540,0,0,0,0,0,0
spymaster,kingdom,19,3,540,0,0,0,0,0,0
spymaster,kingdom,19,4,540,0,0,0,0,0,0
spymaster,kingdom,19,5,540,0,0,0,0,0,0
spymaster,kingdom,19,6,540,0,0,0,0,0,0
spymaster,kingdom,19,7,540,0,0,0,0,0,0
spymaster,kingdom,19,8,540,0,0,0,0,0,0
spymaster,kingdom,19,9,540,0,0,0,0,0,0
spymaster,kingdom,19,10,540,0,0,0,0,0,0
spymaster,kingdom,19,11,540,0,0,0,0,0,0
spymaster,kingdom,19,12,540,0,0,0,0,0,0
spymaster,kingdom,19,13,540,0,0,0,0,0,0
spymaster,kingdom,19,14,540,0,0,0,0,0,0
spymaster,kingdom,19,15,507,0,0,0,0,0,0
spymaster,kingdom,19,16,507,0,0,0,0,0,0
spymaster,kingdom,19,17,484,0,0,0,0,0,0
spymaster,kingdom,19,18,484,0,0,0,0,0,0
spymaster,kingdom,19,19,484,0,0,0,0,0,0
spymaster,kingdom,19,20,464,0,0,0,0,0,0
spymaster,kingdom,19,21,464,0,0,0,0,0,0
spymaster,kingdom,19,22,464,0,0,0,0,0,0
spymaster,kingdom,19,23,464,0,0,0,0,0,0
spymaster,kingdom,19,24,464,0,0,0,0,0,0
spymaster,kingdom,19,25,464,0,0,0,0,0,0
spymaster,kingdom,19,26,464,0,0,0,0,0,0
spymaster,kingdom,19,27,464,0,0,0,0,0,0
spymaster,kingdom,19,28,464,0,0,0,0,0,0
spymaster,kingdom,19,29,464,0,0,0,0,0,0
spymaster,kingdom,19,30,464,0,0,0,0,0,0
spymaster,kingdom,19,31,464,0,0,0,0,0,0
spymaster,kingdom,19,32,464,0,0,0,0,0,0
spymaster,kingdom,19,33,464,0,0,0,0,0,0
spymaster,kingdom,19,34,464,0,0,0,0,0,0
spymaster,kingdom,19,35,464,0,0,0,0,0,0
spymaster,kingdom,19,36,464,0,0,0,0,0,0
spymaster,kingdom,19,37,464,0,0,0,0,0,0
spymaster,kingdom,19,38,464,0,0,0,0,0,0
spymaster,kingdom,19,39,464,0,0,0,0,0,0
spymaster,kingdom,19,40,464,0,0,0,0,0,0
spymaster,kingdom,19,41,464,0,0,0,0,0,0
spymaster,kingdom,19,42,464,0,0,0,0,0,0
spymaster,kingdom,19,43,464,0,0,0,0,0,0
spymaster,kingdom,19,44,464,0,0,0,0,0,0
spymaster,kingdom,19,45,464,0,0,0,0,0,0
spymaster,kingdom,19,46,464,0,0,0,0,0,0
spymaster,kingdom,19,47,464,0,0,0,0,0,0
spymaster,kingdom,19,48,464,0,0,0,0,0,0
spymaster,kingdom,19,49,464,0,0,0,0,0,0
spymaster,kingdom,19,50,464,0,0,0,0,0,0
spymaster,kingdom,19,51,464,0,0,0,0,0,0
spymaster,kingdom,19,52,464,0,0,0,0,0,0
spymaster,kingdom,19,53,464,0,0,0,0,0,0
spymaster,kingdom,19,54,464,0,0,0,0,0,0
spymaster,kingdom,19,55,464,0,0,0,0,0,0
spymaster,kingdom,19,56,464,0,0,0,0,0,0
spymaster,kingdom,19,57,464,0,0,0,0,0,0
spymaster,kingdom,19,58,464,0,0,0,0,0,0
spymaster,kingdom,19,59,464,0,0,0,0,0,0
spymaster,kingdom,19,60,464,0,0,0,0,0,0
spymaster,kingdom,19,61,464,0,0,0,0,0,0
spymaster,kingdom,19,62,464,0,0,0,0,0,0
spymaster,kingdom,19,63,448,0,0,0,0,0,0
spymaster,kingdom,19,64,436,0,0,0,0,0,0
spymaster,kingdom,19,65,436,0,0,0,0,0,0
spymaster,kingdom,19,66,436,0,0,0,0,0,0
spymaster,kingdom,19,67,427,0,0,0,0,0,0
spymaster,kingdom,19,68,427,0,0,0,0,0,0
spymaster,kingdom,19,69,427,0,0,0,0,0,0
spymaster,kingdom,19,70,420,0,0,0,0,0,0
spymaster,kingdom,19,71,412,0,0,0,0,0,0
spymaster,kingdom,19,72,409,0,0,0,0,0,0
spymaster,kingdom,19,73,406,0,0,0,0,0,0
spymaster,kingdom,19,74,406,0,0,0,0,0,0
spymaster,kingdom,19,75,406,0,0,0,0,0,0
spymaster,kingdom,19,76,404,0,0,0,0,0,0
spymaster,kingdom,19,77,404,0,0,0,0,0,0
spymaster,kingdom,19,78,404,0,0,0,0,0,0
spymaster,kingdom,19,79,404,0,0,0,0,0,0
spymaster,kingdom,19,80,404,0,0,0,0,0,0
spymaster,kingdom,19,81,404,0,0,0,0,0,0
spymaster,kingdom,19,82,404,0,0,0,0,0,0
spymaster,kingdom,19,83,404,0,0,0,0,0,0
spymaster,kingdom,19,84,404,0,0,0,0,0,0
spymaster,kingdom,19,85,404,0,0,0,0,0,0
spymaster,kingdom,19,86,404,0,0,0,0,0,0
spymaster,kingdom,19,87,404,0,0,0,0,0,0
spymaster,kingdom,19,88,404,0,0,0,0,0,0
spymaster,kingdom,19,89,404,0,0,0,0,0,0
spymaster,kingdom,19,90,404,0,0,0,0,0,0
spymaster,kingdom,19,91,404,0,0,0,0,0,0
spymaster,kingdom,19,92,404,0,0,0,0,0,0
spymaster,kingdom,19,93,404,0,0,0,0,0,0
spymaster,kingdom,19,94,404,0,0,0,0,0,0
spymaster,kingdom,19,95,404,0,0,0,0,0,0
spymaster,kingdom,19,96,404,0,0,0,0,0,0
spymaster,kingdom,19,97,404,0,0,0,0,0,0
spymaster,kingdom,19,98,404,0,0,0,0,0,0
spymaster,kingdom,19,99,404,0,0,0,0,0,0
spymaster,kingdom,19,100,404,0,0,0,0,0,0
spymaster,kingdom,42,1,406,0,0,0,0,0,0
spymaster,kingdom,42,2,406,0,0,0,0,0,0
spymaster,kingdom,42,3,406,0,0,0,0,0,0
spymaster,kingdom,42,4,406,0,0,0,0,0,0
spymaster,kingdom,42,5,406,0,0,0,0,0,0
spymaster,kingdom,42,6,406,0,0,0,0,0,0
spymaster,kingdom,42,7,406,0,0,0,0,0,0
spymaster,kingdom,42,8,406,0,0,0,0,0,0
spymaster,kingdom,42,9,406,0,0,0,0,0,0
spymaster,kingdom,42,10,406,0,0,0,0,0,0
spymaster,kingdom,42,11,406,0,0,0,0,0,0
spymaster,kingdom,42,12,406,0,0,0,0,0,0
spymaster,kingdom,42,13,406,0,0,0,0,0,0
spymaster,kingdom,42,14,406,0,0,0,0,0,0
spymaster,kingdom,42,15,406,0,0,0,0,0,0
spymaster,kingdom,42,16,406,0,0,0,0,0,0
spymaster,kingdom,42,17,406,0,0,0,0,0,0
spymaster,kingdom,42,18,406,0,0,0,0,0,0
spymaster,kingdom,42,19,406,0,0,0,0,0,0
spymaster,kingdom,42,20,406,0,0,0,0,0,0
spymaster,kingdom,42,21,406,0,0,0,0,0,0
spymaster,kingdom,42,22,406,0,0,0,0,0,0
spymaster,kingdom,42,23,406,0,0,0,0,0,0
spymaster,kingdom,42,24,406,0,0,0,0,0,0
spymaster,kingdom,42,25,406,0,0,0,0,0,0
spymaster,kingdom,42,26,406,0,0,0,0,0,0
spymaster,kingdom,42,27,406,0,0,0,0,0,0
spymaster,kingdom,42,28,406,0,0,0,0,0,0
spymaster,kingdom,42,29,406,0,0,0,0,0,0
spymaster,kingdom,42,30,406,0,0,0,0,0,0
spymaster,kingdom,42,31,406,0,0,0,0,0,0
spymaster,kingdom,42,32,406,0,0,0,0,0,0
spymaster,kingdom,42,33,406,0,0,0,0,0,0
spymaster,kingdom,42,34,406,0,0,0,0,0,0
spymaster,kingdom,42,35,406,0,0,0,0,0,0
spymaster,kingdom,42,36,406,0,0,0,0,0,0
spymaster,kingdom,42,37,406,0,0,0,0,0,0
spymaster,kingdom,42,38,406,0,0,0,0,0,0
spymaster,kingdom,42,39,406,0,0,0,0,0,0
spymaster,kingdom,42,40,406,0,0,0,0,0,0
spymaster,kingdom,42,41,406,0,0,0,0,0,0
spymaster,kingdom,42,42,406,0,0,0,0,0,0
spymaster,kingdom,42,43,406,0,0,0,0,0,0
spymaster,kingdom,42,44,406,0,0,0,0,0,0
spymaster,kingdom,42,45,406,0,0,0,0,0,0
spymaster,kingdom,42,46,406,0,0,0,0,0,0
spymaster,kingdom,42,47,406,0,0,0,0,0,0
spymaster,kingdom,42,48,406,0,0,0,0,0,0
spymaster,kingdom,42,49,406,0,0,0,0,0,0
spymaster,kingdom,42,50,406,0,0,0,0,0,0
spymaster,kingdom,42,51,406,0,0,0,0,0,0
spymaster,kingdom,42,52,406,0,0,0,0,0,0
spymaster,kingdom,42,53,406,0,0,0,0,0,0
spymaster,kingdom,42,54,406,0,0,0,0,0,0
spymaster,kingdom,42,55,406,0,0,0,0,0,0
spymaster,kingdom,42,56,406,0,0,0,0,0,0
spymaster,kingdom,42,57,406,0,0,0,0,0,0
spymaster,kingdom,42,58,406,0,0,0,0,0,0
spymaster,kingdom,42,59,406,0,0,0,0,0,0
spymaster,kingdom,42,60,406,0,0,0,0,0,0
spymaster,kingdom,42,61,406,0,0,0,0,0,0
spymaster,kingdom,42,62,406,0,0,0,0,0,0
spymaster,kingdom,42,63,406,0,0,0,0,0,0
spymaster,kingdom,42,64,406,0,0,0,0,0,0
spymaster,kingdom,42,65,406,0,0,0,0,0,0
spymaster,kingdom,42,66,406,0,0,0,0,0,0
spymaster,kingdom,42,67,406,0,0,0,0,0,0
spymaster,kingdom,42,68,406,0,0,0,0,0,0
spymaster,kingdom,42,69,406,0,0,0,0,0,0
spymaster,kingdom,42,70,406,0,0,0,0,0,0
spymaster,kingdom,42,71,406,0,0,0,0,0,0
spymaster,kingdom,42,72,406,0,0,0,0,0,0
spymaster,kingdom,42,73,406,0,0,0,0,0,0
spymaster,kingdom,42,74,406,0,0,0,0,0,0
spymaster,kingdom,42,75,406,0,0,0,0,0,0
spymaster,kingdom,42,76,406,0,0,0,0,0,0
spymaster,kingdom,42,77,406,0,0,0,0,0,0
spymaster,kingdom,42,78,406,0,0,0,0,0,0
spymaster,kingdom,42,79,406,0,0,0,0,0,0
spymaster,kingdom,42,80,406,0,0,0,0,0,0
spymaster,kingdom,42,81,406,0,0,0,0,0,0
spymaster,kingdom,42,82,406,0,0,0,0,0,0
spymaster,kingdom,42,83,406,0,0,0,0,0,0
spymaster,kingdom,42,84,406,0,0,0,0,0,0
spymaster,kingdom,42,85,406,0,0,0,0,0,0
spymaster,kingdom,42,86,406,0,0,0,0,0,0
spymaster,kingdom,42,87,406,0,0,0,0,0,0
spymaster,kingdom,42,88,406,0,0,0,0,0,0
spymaster,kingdom,42,89,406,0,0,0,0,0,0
spymaster,kingdom,42,90,406,0,0,0,0,0,0
spymaster,kingdom,42,91,406,0,0,0,0,0,0
spymaster,kingdom,42,92,406,0,0,0,0,0,0
spymaster,kingdom,42,93,406,0,0,0,0,0,0
spymaster,kingdom,42,94,406,0,0,0,0,0,0
spymaster,kingdom,42,95,406,0,0,0,0,0,0
spymaster,kingdom,42,96,406,0,0,0,0,0,0
spymaster,kingdom,42,97,406,0,0,0,0,0,0
spymaster,kingdom,42,98,406,0,0,0,0,0,0
spymaster,kingdom,42,99,406,0,0,0,0,0,0
spymaster,kingdom,42,100,406,0,0,0,0,0,0
thalassocrat,kingdom,7,1,460,0,0,0,0,0,0
thalassocrat,kingdom,7,2,460,0,0,0,0,0,0
thalassocrat,kingdom,7,3,460,0,0,0,0,0,0
thalassocrat,kingdom,7,4,460,0,0,0,0,0,0
thalassocrat,kingdom,7,5,460,0,0,0,0,0,0
thalassocrat,kingdom,7,6,460,0,0,0,0,0,0
thalassocrat,kingdom,7,7,460,0,0,0,0,0,0
thalassocrat,kingdom,7,8,460,0,0,0,0,0,0
thalassocrat,kingdom,7,9,460,0,0,0,0,0,0
thalassocrat,kingdom,7,10,460,0,0,0,0,0,0
thalassocrat,kingdom,7,11,460,0,0,0,0,0,0
thalassocrat,kingdom,7,12,460,0,0,0,0,0,0
thalassocrat,kingdom,7,13,460,0,0,0,0,0,0
thalassocrat,kingdom,7,14,460,0,0,0,0,0,0
thalassocrat,kingdom,7,15,460,0,0,0,0,0,0
thalassocrat,kingdom,7,16,460,0,0,0,0,0,0
thalassocrat,kingdom,7,17,460,0,0,0,0,0,0
thalassocrat,kingdom,7,18,460,0,0,0,0,0,0
thalassocrat,kingdom,7,19,460,0,0,0,0,0,0
thalassocrat,kingdom,7,20,460,0,0,0,0,0,0
thalassocrat,kingdom,7,21,460,0,0,0,0,0,0
thalassocrat,kingdom,7,22,460,0,0,0,0,0,0
thalassocrat,kingdom,7,23,460,0,0,0,0,0,0
thalassocrat,kingdom,7,24,460,0,0,0,0,0,0
thalassocrat,kingdom,7,25,460,0,0,0,0,0,0
thalassocrat,kingdom,7,26,460,0,0,0,0,0,0
thalassocrat,kingdom,7,27,460,0,0,0,0,0,0
thalassocrat,kingdom,7,28,460,0,0,0,0,0,0
thalassocrat,kingdom,7,29,460,0,0,0,0,0,0
thalassocrat,kingdom,7,30,460,0,0,0,0,0,0
thalassocrat,kingdom,7,31,460,0,0,0,0,0,0
thalassocrat,kingdom,7,32,460,0,0,0,0,0,0
thalassocrat,kingdom,7,33,460,0,0,0,0,0,0
thalassocrat,kingdom,7,34,460,0,0,0,0,0,0
thalassocrat,kingdom,7,35,460,0,0,0,0,0,0
thalassocrat,kingdom,7,36,460,0,0,0,0,0,0
thalassocrat,kingdom,7,37,460,0,0,0,0,0,0
thalassocrat,kingdom,7,38,460,0,0,0,0,0,0
thalassocrat,kingdom,7,39,460,0,0,0,0,0,0
thalassocrat,kingdom,7,40,460,0,0,0,0,0,0
thalassocrat,kingdom,7,41,460,0,0,0,0,0,0
thalassocrat,kingdom,7,42,460,0,0,0,0,0,0
thalassocrat,kingdom,7,43,460,0,0,0,0,0,0
thalassocrat,kingdom,7,44,460,0,0,0,0,0,0
thalassocrat,kingdom,7,45,460,0,0,0,0,0,0
thalassocrat,kingdom,7,46,460,0,0,0,0,0,0
thalassocrat,kingdom,7,47,460,0,0,0,0,0,0
thalassocrat,kingdom,7,48,460,0,0,0,0,0,0
thalassocrat,kingdom,7,49,460,0,0,0,0,0,0
thalassocrat,kingdom,7,50,460,0,0,0,0,0,0
thalassocrat,kingdom,7,51,460,0,0,0,0,0,0
thalassocrat,kingdom,7,52,460,0,0,0,0,0,0
thalassocrat,kingdom,7,53,460,0,0,0,0,0,0
thalassocrat,kingdom,7,54,460,0,0,0,0,0,0
thalassocrat,kingdom,7,55,460,0,0,0,0,0,0
thalassocrat,kingdom,7,56,460,0,0,0,0,0,0
thalassocrat,kingdom,7,57,460,0,0,0,0,0,0
thalassocrat,kingdom,7,58,460,0,0,0,0,0,0
thalassocrat,kingdom,7,59,460,0,0,0,0,0,0
thalassocrat,kingdom,7,60,460,0,0,0,0,0,0
thalassocrat,kingdom,7,61,460,0,0,0,0,0,0
thalassocrat,kingdom,7,62,460,0,0,0,0,0,0
thalassocrat,kingdom,7,63,460,0,0,0,0,0,0
thalassocrat,kingdom,7,64,460,0,0,0,0,0,0
thalassocrat,kingdom,7,65,460,0,0,0,0,0,0
thalassocrat,kingdom,7,66,460,0,0,0,0,0,0
thalassocrat,kingdom,7,67,460,0,0,0,0,0,0
thalassocrat,kingdom,7,68,460,0,0,0,0,0,0
thalassocrat,kingdom,7,69,460,0,0,0,0,0,0
thalassocrat,kingdom,7,70,460,0,0,0,0,0,0
thalassocrat,kingdom,7,71,460,0,0,0,0,0,0
thalassocrat,kingdom,7,72,460,0,0,0,0,0,0
thalassocrat,kingdom,7,73,460,0,0,0,0,0,0
thalassocrat,kingdom,7,74,460,0,0,0,0,0,0
thalassocrat,kingdom,7,75,460,0,0,0,0,0,0
thalassocrat,kingdom,7,76,460,0,0,0,0,0,0
thalassocrat,kingdom,7,77,460,0,0,0,0,0,0
thalassocrat,kingdom,7,78,460,0,0,0,0,0,0
thalassocrat,kingdom,7,79,460,0,0,0,0,0,0
thalassocrat,kingdom,7,80,460,0,0,0,0,0,0
thalassocrat,kingdom,7,81,460,0,0,0,0,0,0
thalassocrat,kingdom,7,82,460,0,0,0,0,0,0
thalassocrat,kingdom,7,83,460,0,0,0,0,0,0
thalassocrat,kingdom,7,84,460,0,0,0,0,0,0
thalassocrat,kingdom,7,85,460,0,0,0,0,0,0
thalassocrat,kingdom,7,86,460,0,0,0,0,0,0
thalassocrat,kingdom,7,87,460,0,0,0,0,0,0
thalassocrat,kingdom,7,88,460,0,0,0,0,0,0
thalassocrat,kingdom,7,89,460,0,0,0,0,0,0
thalassocrat,kingdom,7,90,403,0,0,0,0,0,0
thalassocrat,kingdom,7,91,403,0,0,0,0,0,0
thalassocrat,kingdom,7,92,403,0,0,0,0,0,0
thalassocrat,kingdom,7,93,403,0,0,0,0,0,0
thalassocrat,kingdom,7,94,403,0,0,0,0,0,0
thalassocrat,kingdom,7,95,403,0,0,0,0,0,0
thalassocrat,kingdom,7,96,403,0,0,0,0,0,0
thalassocrat,kingdom,7,97,403,0,0,0,0,0,0
thalassocrat,kingdom,7,98,403,0,0,0,0,0,0
thalassocrat,kingdom,7,99,403,0,0,0,0,0,0
thalassocrat,kingdom,7,100,403,0,0,0,0,0,0
thalassocrat,kingdom,19,1,540,0,0,0,0,0,0
thalassocrat,kingdom,19,2,540,0,0,0,0,0,0
thalassocrat,kingdom,19,3,540,0,0,0,0,0,0
thalassocrat,kingdom,19,4,540,0,0,0,0,0,0
thalassocrat,kingdom,19,5,540,0,0,0,0,0,0
thalassocrat,kingdom,19,6,540,0,0,0,0,0,0
thalassocrat,kingdom,19,7,540,0,0,0,0,0,0
thalassocrat,kingdom,19,8,540,0,0,0,0,0,0
thalassocrat,kingdom,19,9,540,0,0,0,0,0,0
thalassocrat,kingdom,19,10,540,0,0,0,0,0,0
thalassocrat,kingdom,19,11,540,0,0,0,0,0,0
thalassocrat,kingdom,19,12,540,0,0,0,0,0,0
thalassocrat,kingdom,19,13,540,0,0,0,0,0,0
thalassocrat,kingdom,19,14,540,0,0,0,0,0,0
thalassocrat,kingdom,19,15,507,0,0,0,0,0,0
thalassocrat,kingdom,19,16,507,0,0,0,0,0,0
thalassocrat,kingdom,19,17,484,0,0,0,0,0,0
thalassocrat,kingdom,19,18,484,0,0,0,0,0,0
thalassocrat,kingdom,19,19,484,0,0,0,0,0,0
thalassocrat,kingdom,19,20,464,0,0,0,0,0,0
thalassocrat,kingdom,19,21,464,0,0,0,0,0,0
thalassocrat,kingdom,19,22,464,0,0,0,0,0,0
thalassocrat,kingdom,19,23,464,0,0,0,0,0,0
thalassocrat,kingdom,19,24,464,0,0,0,0,0,0
thalassocrat,kingdom,19,25,464,0,0,0,0,0,0
thalassocrat,kingdom,19,26,464,0,0,0,0,0,0
thalassocrat,kingdom,19,27,464,0,0,0,0,0,0
thalassocrat,kingdom,19,28,464,0,0,0,0,0,0
thalassocrat,kingdom,19,29,464,0,0,0,0,0,0
thalassocrat,kingdom,19,30,464,0,0,0,0,0,0
thalassocrat,kingdom,19,31,464,0,0,0,0,0,0
thalassocrat,kingdom,19,32,464,0,0,0,0,0,0
thalassocrat,kingdom,19,33,464,0,0,0,0,0,0
thalassocrat,kingdom,19,34,464,0,0,0,0,0,0
thalassocrat,kingdom,19,35,464,0,0,0,0,0,0
thalassocrat,kingdom,19,36,464,0,0,0,0,0,0
thalassocrat,kingdom,19,37,464,0,0,0,0,0,0
thalassocrat,kingdom,19,38,464,0,0,0,0,0,0
thalassocrat,kingdom,19,39,464,0,0,0,0,0,0
thalassocrat,kingdom,19,40,464,0,0,0,0,0,0
thalassocrat,kingdom,19,41,464,0,0,0,0,0,0
thalassocrat,kingdom,19,42,464,0,0,0,0,0,0
thalassocrat,kingdom,19,43,464,0,0,0,0,0,0
thalassocrat,kingdom,19,44,464,0,0,0,0,0,0
thalassocrat,kingdom,19,45,464,0,0,0,0,0,0
thalassocrat,kingdom,19,46,464,0,0,0,0,0,0
thalassocrat,kingdom,19,47,464,0,0,0,0,0,0
thalassocrat,kingdom,19,48,464,0,0,0,0,0,0
thalassocrat,kingdom,19,49,464,0,0,0,0,0,0
thalassocrat,kingdom,19,50,464,0,0,0,0,0,0
thalassocrat,kingdom,19,51,464,0,0,0,0,0,0
thalassocrat,kingdom,19,52,464,0,0,0,0,0,0
thalassocrat,kingdom,19,53,464,0,0,0,0,0,0
thalassocrat,kingdom,19,54,464,0,0,0,0,0,0
thalassocrat,kingdom,19,55,464,0,0,0,0,0,0
thalassocrat,kingdom,19,56,464,0,0,0,0,0,0
thalassocrat,kingdom,19,57,464,0,0,0,0,0,0
thalassocrat,kingdom,19,58,464,0,0,0,0,0,0
thalassocrat,kingdom,19,59,464,0,0,0,0,0,0
thalassocrat,kingdom,19,60,464,0,0,0,0,0,0
thalassocrat,kingdom,19,61,464,0,0,0,0,0,0
thalassocrat,kingdom,19,62,464,0,0,0,0,0,0
thalassocrat,kingdom,19,63,448,0,0,0,0,0,0
thalassocrat,kingdom,19,64,436,0,0,0,0,0,0
thalassocrat,kingdom,19,65,436,0,0,0,0,0,0
thalassocrat,kingdom,19,66,436,0,0,0,0,0,0
thalassocrat,kingdom,19,67,427,0,0,0,0,0,0
thalassocrat,kingdom,19,68,427,0,0,0,0,0,0
thalassocrat,kingdom,19,69,427,0,0,0,0,0,0
thalassocrat,kingdom,19,70,420,0,0,0,0,0,0
thalassocrat,kingdom,19,71,412,0,0,0,0,0,0
thalassocrat,kingdom,19,72,409,0,0,0,0,0,0
thalassocrat,kingdom,19,73,406,0,0,0,0,0,0
thalassocrat,kingdom,19,74,406,0,0,0,0,0,0
thalassocrat,kingdom,19,75,406,0,0,0,0,0,0
thalassocrat,kingdom,19,76,404,0,0,0,0,0,0
thalassocrat,kingdom,19,77,404,0,0,0,0,0,0
thalassocrat,kingdom,19,78,404,0,0,0,0,0,0
thalassocrat,kingdom,19,79,404,0,0,0,0,0,0
thalassocrat,kingdom,19,80,404,0,0,0,0,0,0
thalassocrat,kingdom,19,81,404,0,0,0,0,0,0
thalassocrat,kingdom,19,82,404,0,0,0,0,0,0
thalassocrat,kingdom,19,83,404,0,0,0,0,0,0
thalassocrat,kingdom,19,84,404,0,0,0,0,0,0
thalassocrat,kingdom,19,85,404,0,0,0,0,0,0
thalassocrat,kingdom,19,86,404,0,0,0,0,0,0
thalassocrat,kingdom,19,87,404,0,0,0,0,0,0
thalassocrat,kingdom,19,88,404,0,0,0,0,0,0
thalassocrat,kingdom,19,89,404,0,0,0,0,0,0
thalassocrat,kingdom,19,90,404,0,0,0,0,0,0
thalassocrat,kingdom,19,91,404,0,0,0,0,0,0
thalassocrat,kingdom,19,92,404,0,0,0,0,0,0
thalassocrat,kingdom,19,93,404,0,0,0,0,0,0
thalassocrat,kingdom,19,94,404,0,0,0,0,0,0
thalassocrat,kingdom,19,95,404,0,0,0,0,0,0
thalassocrat,kingdom,19,96,404,0,0,0,0,0,0
thalassocrat,kingdom,19,97,404,0,0,0,0,0,0
thalassocrat,kingdom,19,98,404,0,0,0,0,0,0
thalassocrat,kingdom,19,99,404,0,0,0,0,0,0
thalassocrat,kingdom,19,100,404,0,0,0,0,0,0
thalassocrat,kingdom,42,1,406,0,0,0,0,0,0
thalassocrat,kingdom,42,2,406,0,0,0,0,0,0
thalassocrat,kingdom,42,3,406,0,0,0,0,0,0
thalassocrat,kingdom,42,4,406,0,0,0,0,0,0
thalassocrat,kingdom,42,5,406,0,0,0,0,0,0
thalassocrat,kingdom,42,6,406,0,0,0,0,0,0
thalassocrat,kingdom,42,7,406,0,0,0,0,0,0
thalassocrat,kingdom,42,8,406,0,0,0,0,0,0
thalassocrat,kingdom,42,9,406,0,0,0,0,0,0
thalassocrat,kingdom,42,10,406,0,0,0,0,0,0
thalassocrat,kingdom,42,11,406,0,0,0,0,0,0
thalassocrat,kingdom,42,12,406,0,0,0,0,0,0
thalassocrat,kingdom,42,13,406,0,0,0,0,0,0
thalassocrat,kingdom,42,14,406,0,0,0,0,0,0
thalassocrat,kingdom,42,15,406,0,0,0,0,0,0
thalassocrat,kingdom,42,16,406,0,0,0,0,0,0
thalassocrat,kingdom,42,17,406,0,0,0,0,0,0
thalassocrat,kingdom,42,18,406,0,0,0,0,0,0
thalassocrat,kingdom,42,19,406,0,0,0,0,0,0
thalassocrat,kingdom,42,20,406,0,0,0,0,0,0
thalassocrat,kingdom,42,21,406,0,0,0,0,0,0
thalassocrat,kingdom,42,22,406,0,0,0,0,0,0
thalassocrat,kingdom,42,23,406,0,0,0,0,0,0
thalassocrat,kingdom,42,24,406,0,0,0,0,0,0
thalassocrat,kingdom,42,25,406,0,0,0,0,0,0
thalassocrat,kingdom,42,26,406,0,0,0,0,0,0
thalassocrat,kingdom,42,27,406,0,0,0,0,0,0
thalassocrat,kingdom,42,28,406,0,0,0,0,0,0
thalassocrat,kingdom,42,29,406,0,0,0,0,0,0
thalassocrat,kingdom,42,30,406,0,0,0,0,0,0
thalassocrat,kingdom,42,31,406,0,0,0,0,0,0
thalassocrat,kingdom,42,32,406,0,0,0,0,0,0
thalassocrat,kingdom,42,33,406,0,0,0,0,0,0
thalassocrat,kingdom,42,34,406,0,0,0,0,0,0
thalassocrat,kingdom,42,35,406,0,0,0,0,0,0
thalassocrat,kingdom,42,36,406,0,0,0,0,0,0
thalassocrat,kingdom,42,37,406,0,0,0,0,0,0
thalassocrat,kingdom,42,38,406,0,0,0,0,0,0
thalassocrat,kingdom,42,39,406,0,0,0,0,0,0
thalassocrat,kingdom,42,40,406,0,0,0,0,0,0
thalassocrat,kingdom,42,41,406,0,0,0,0,0,0
thalassocrat,kingdom,42,42,406,0,0,0,0,0,0
thalassocrat,kingdom,42,43,406,0,0,0,0,0,0
thalassocrat,kingdom,42,44,406,0,0,0,0,0,0
thalassocrat,kingdom,42,45,406,0,0,0,0,0,0
thalassocrat,kingdom,42,46,406,0,0,0,0,0,0
thalassocrat,kingdom,42,47,406,0,0,0,0,0,0
thalassocrat,kingdom,42,48,406,0,0,0,0,0,0
thalassocrat,kingdom,42,49,406,0,0,0,0,0,0
thalassocrat,kingdom,42,50,406,0,0,0,0,0,0
thalassocrat,kingdom,42,51,406,0,0,0,0,0,0
thalassocrat,kingdom,42,52,406,0,0,0,0,0,0
thalassocrat,kingdom,42,53,406,0,0,0,0,0,0
thalassocrat,kingdom,42,54,406,0,0,0,0,0,0
thalassocrat,kingdom,42,55,406,0,0,0,0,0,0
thalassocrat,kingdom,42,56,406,0,0,0,0,0,0
thalassocrat,kingdom,42,57,406,0,0,0,0,0,0
thalassocrat,kingdom,42,58,406,0,0,0,0,0,0
thalassocrat,kingdom,42,59,406,0,0,0,0,0,0
thalassocrat,kingdom,42,60,406,0,0,0,0,0,0
thalassocrat,kingdom,42,61,406,0,0,0,0,0,0
thalassocrat,kingdom,42,62,406,0,0,0,0,0,0
thalassocrat,kingdom,42,63,406,0,0,0,0,0,0
thalassocrat,kingdom,42,64,406,0,0,0,0,0,0
thalassocrat,kingdom,42,65,406,0,0,0,0,0,0
thalassocrat,kingdom,42,66,406,0,0,0,0,0,0
thalassocrat,kingdom,42,67,406,0,0,0,0,0,0
thalassocrat,kingdom,42,68,406,0,0,0,0,0,0
thalassocrat,kingdom,42,69,406,0,0,0,0,0,0
thalassocrat,kingdom,42,70,406,0,0,0,0,0,0
thalassocrat,kingdom,42,71,406,0,0,0,0,0,0
thalassocrat,kingdom,42,72,406,0,0,0,0,0,0
thalassocrat,kingdom,42,73,406,0,0,0,0,0,0
thalassocrat,kingdom,42,74,406,0,0,0,0,0,0
thalassocrat,kingdom,42,75,406,0,0,0,0,0,0
thalassocrat,kingdom,42,76,406,0,0,0,0,0,0
thalassocrat,kingdom,42,77,406,0,0,0,0,0,0
thalassocrat,kingdom,42,78,406,0,0,0,0,0,0
thalassocrat,kingdom,42,79,406,0,0,0,0,0,0
thalassocrat,kingdom,42,80,406,0,0,0,0,0,0
thalassocrat,kingdom,42,81,406,0,0,0,0,0,0
thalassocrat,kingdom,42,82,406,0,0,0,0,0,0
thalassocrat,kingdom,42,83,406,0,0,0,0,0,0
thalassocrat,kingdom,42,84,406,0,0,0,0,0,0
thalassocrat,kingdom,42,85,406,0,0,0,0,0,0
thalassocrat,kingdom,42,86,406,0,0,0,0,0,0
thalassocrat,kingdom,42,87,406,0,0,0,0,0,0
thalassocrat,kingdom,42,88,406,0,0,0,0,0,0
thalassocrat,kingdom,42,89,406,0,0,0,0,0,0
thalassocrat,kingdom,42,90,406,0,0,0,0,0,0
thalassocrat,kingdom,42,91,406,0,0,0,0,0,0
thalassocrat,kingdom,42,92,406,0,0,0,0,0,0
thalassocrat,kingdom,42,93,406,0,0,0,0,0,0
thalassocrat,kingdom,42,94,406,0,0,0,0,0,0
thalassocrat,kingdom,42,95,406,0,0,0,0,0,0
thalassocrat,kingdom,42,96,406,0,0,0,0,0,0
thalassocrat,kingdom,42,97,406,0,0,0,0,0,0
thalassocrat,kingdom,42,98,406,0,0,0,0,0,0
thalassocrat,kingdom,42,99,406,0,0,0,0,0,0
thalassocrat,kingdom,42,100,406,0,0,0,0,0,0
slaver,kingdom,7,1,512,2,2,0,0,0,19
slaver,kingdom,7,2,596,2,2,0,0,0,19
slaver,kingdom,7,3,696,2,2,0,0,0,19
slaver,kingdom,7,4,796,2,2,0,0,0,19
slaver,kingdom,7,5,896,2,2,0,0,0,19
slaver,kingdom,7,6,996,2,2,0,0,0,19
slaver,kingdom,7,7,1096,2,2,0,0,0,19
slaver,kingdom,7,8,1196,2,2,0,0,0,19
slaver,kingdom,7,9,1296,2,2,0,0,0,19
slaver,kingdom,7,10,1396,2,2,0,0,0,19
slaver,kingdom,7,11,1496,2,2,0,0,0,19
slaver,kingdom,7,12,1596,2,2,0,0,0,19
slaver,kingdom,7,13,1696,2,2,0,0,0,19
slaver,kingdom,7,14,1796,2,2,0,0,0,19
slaver,kingdom,7,15,1896,2,2,0,0,0,19
slaver,kingdom,7,16,1996,2,2,0,0,0,19
slaver,kingdom,7,17,2096,2,2,0,0,0,19
slaver,kingdom,7,18,2196,2,2,0,0,0,19
slaver,kingdom,7,19,2296,2,2,0,0,0,19
slaver,kingdom,7,20,2396,2,2,0,0,0,19
slaver,kingdom,7,21,2496,2,2,0,0,0,19
slaver,kingdom,7,22,2596,2,2,0,0,0,19
slaver,kingdom,7,23,2676,2,2,0,0,0,19
slaver,kingdom,7,24,2756,2,2,0,0,0,19
slaver,kingdom,7,25,2836,2,2,0,0,0,19
slaver,kingdom,7,26,2916,2,2,0,0,0,19
slaver,kingdom,7,27,2996,2,2,0,0,0,19
slaver,kingdom,7,28,3076,2,2,0,0,0,19
slaver,kingdom,7,29,3156,2,2,0,0,0,19
slaver,kingdom,7,30,3236,2,2,0,0,0,19
slaver,kingdom,7,31,3316,2,2,0,0,0,19
slaver,kingdom,7,32,3396,2,2,0,0,0,19
slaver,kingdom,7,33,3476,2,2,0,0,0,19
slaver,kingdom,7,34,3556,2,2,0,0,0,19
slaver,kingdom,7,35,3636,2,2,0,0,0,19
slaver,kingdom,7,36,3716,2,2,0,0,0,19
slaver,kingdom,7,37,3796,2,2,0,0,0,19
slaver,kingdom,7,38,3876,2,2,0,0,0,19
slaver,kingdom,7,39,3956,2,2,0,0,0,19
slaver,kingdom,7,40,4036,2,2,0,0,0,19
slaver,kingdom,7,41,4116,2,2,0,0,0,19
slaver,kingdom,7,42,4196,2,2,0,0,0,19
slaver,kingdom,7,43,4276,2,2,0,0,0,19
slaver,kingdom,7,44,4356,2,2,0,0,0,19
slaver,kingdom,7,45,4436,2,2,0,0,0,19
slaver,kingdom,7,46,4516,2,2,0,0,0,19
slaver,kingdom,7,47,4596,2,2,0,0,0,19
slaver,kingdom,7,48,4676,2,2,0,0,0,19
slaver,kingdom,7,49,4756,2,2,0,0,0,19
slaver,kingdom,7,50,4836,2,2,0,0,0,19
slaver,kingdom,7,51,4916,2,2,0,0,0,19
slaver,kingdom,7,52,4996,2,2,0,0,0,19
slaver,kingdom,7,53,5076,2,2,0,0,0,19
slaver,kingdom,7,54,5156,2,2,0,0,0,19
slaver,kingdom,7,55,5236,2,2,0,0,0,19
slaver,kingdom,7,56,5316,2,2,0,0,0,19
slaver,kingdom,7,57,5396,2,2,0,0,0,19
slaver,kingdom,7,58,5476,2,2,0,0,0,19
slaver,kingdom,7,59,5556,2,2,0,0,0,19
slaver,kingdom,7,60,5636,2,2,0,0,0,19
slaver,kingdom,7,61,5716,2,2,0,0,0,19
slaver,kingdom,7,62,5796,2,2,0,0,0,19
slaver,kingdom,7,63,5876,2,2,0,0,0,19
slaver,kingdom,7,64,5956,2,2,0,0,0,19
slaver,kingdom,7,65,6036,2,2,0,0,0,19
slaver,kingdom,7,66,6116,2,2,0,0,0,19
slaver,kingdom,7,67,6196,2,2,0,0,0,19
slaver,kingdom,7,68,6276,2,2,0,0,0,19
slaver,kingdom,7,69,6356,2,2,0,0,0,19
slaver,kingdom,7,70,6436,2,2,0,0,0,19
slaver,kingdom,7,71,6516,2,2,0,0,0,19
slaver,kingdom,7,72,6596,2,2,0,0,0,19
slaver,kingdom,7,73,6676,2,2,0,0,0,19
slaver,kingdom,7,74,6756,2,2,0,0,0,19
slaver,kingdom,7,75,6836,2,2,0,0,0,19
slaver,kingdom,7,76,6916,2,2,0,0,0,19
slaver,kingdom,7,77,6996,2,2,0,0,0,19
slaver,kingdom,7,78,7076,2,2,0,0,0,19
slaver,kingdom,7,79,7156,2,2,0,0,0,19
slaver,kingdom,7,80,7236,2,2,0,0,0,19
slaver,kingdom,7,81,7316,2,2,0,0,0,19
slaver,kingdom,7,82,7396,2,2,0,0,0,19
slaver,kingdom,7,83,7476,2,2,0,0,0,19
slaver,kingdom,7,84,7556,2,2,0,0,0,19
slaver,kingdom,7,85,7636,2,2,0,0,0,19
slaver,kingdom,7,86,7716,2,2,0,0,0,19
slaver,kingdom,7,87,7796,2,2,0,0,0,19
slaver,kingdom,7,88,7876,2,2,0,0,0,19
slaver,kingdom,7,89,7956,2,2,0,0,0,19
slaver,kingdom,7,90,8036,2,2,0,0,0,19
slaver,kingdom,7,91,8116,2,2,0,0,0,19
slaver,kingdom,7,92,8196,2,2,0,0,0,19
slaver,kingdom,7,93,8276,2,2,0,0,0,19
slaver,kingdom,7,94,8356,2,2,0,0,0,19
slaver,kingdom,7,95,8436,2,2,0,0,0,19
slaver,kingdom,7,96,8516,2,2,0,0,0,19
slaver,kingdom,7,97,8596,2,2,0,0,0,19
slaver,kingdom,7,98,8676,2,2,0,0,0,19
slaver,kingdom,7,99,8756,2,2,0,0,0,19
slaver,kingdom,7,100,8836,2,2,0,0,0,19
slaver,kingdom,19,1,569,2,2,0,0,0,21
slaver,kingdom,19,2,669,2,2,0,0,0,21
slaver,kingdom,19,3,769,2,2,0,0,0,21
slaver,kingdom,19,4,869,2,2,0,0,0,21
slaver,kingdom,19,5,969,2,2,0,0,0,21
slaver,kingdom,19,6,1069,2,2,0,0,0,21
slaver,kingdom,19,7,1169,2,2,0,0,0,21
slaver,kingdom,19,8,1269,2,2,0,0,0,21
slaver,kingdom,19,9,1369,2,2,0,0,0,21
slaver,kingdom,19,10,1469,2,2,0,0,0,21
slaver,kingdom,19,11,1569,2,2,0,0,0,21
slaver,kingdom,19,12,1669,2,2,0,0,0,21
slaver,kingdom,19,13,1769,2,2,0,0,0,21
slaver,kingdom,19,14,1869,2,2,0,0,0,21
slaver,kingdom,19,15,1936,2,2,0,0,0,21
slaver,kingdom,19,16,2036,2,2,0,0,0,21
slaver,kingdom,19,17,2113,2,2,0,0,0,21
slaver,kingdom,19,18,2213,2,2,0,0,0,21
slaver,kingdom,19,19,2313,2,2,0,0,0,21
slaver,kingdom,19,20,2393,2,2,0,0,0,21
slaver,kingdom,19,21,2493,2,2,0,0,0,21
slaver,kingdom,19,22,2593,2,2,0,0,0,21
slaver,kingdom,19,23,2678,2,2,0,0,0,21
slaver,kingdom,19,24,2778,2,2,0,0,0,21
slaver,kingdom,19,25,2878,2,2,0,0,0,21
slaver,kingdom,19,26,2978,2,2,0,0,0,21
slaver,kingdom,19,27,3078,2,2,0,0,0,21
slaver,kingdom,19,28,3178,2,2,0,0,0,21
slaver,kingdom,19,29,3278,2,2,0,0,0,21
slaver,kingdom,19,30,3378,2,2,0,0,0,21
slaver,kingdom,19,31,3478,2,2,0,0,0,21
slaver,kingdom,19,32,3578,2,2,0,0,0,21
slaver,kingdom,19,33,3678,2,2,0,0,0,21
slaver,kingdom,19,34,3778,2,2,0,0,0,21
slaver,kingdom,19,35,3878,2,2,0,0,0,21
slaver,kingdom,19,36,3978,2,2,0,0,0,21
slaver,kingdom,19,37,4078,2,2,0,0,0,21
slaver,kingdom,19,38,4178,2,2,0,0,0,21
slaver,kingdom,19,39,4278,2,2,0,0,0,21
slaver,kingdom,19,40,4378,2,2,0,0,0,21
slaver,kingdom,19,41,4478,2,2,0,0,0,21
slaver,kingdom,19,42,4578,2,2,0,0,0,21
slaver,kingdom,19,43,4678,2,2,0,0,0,21
slaver,kingdom,19,44,4778,2,2,0,0,0,21
slaver,kingdom,19,45,4878,2,2,0,0,0,21
slaver,kingdom,19,46,4978,2,2,0,0,0,21
slaver,kingdom,19,47,5078,2,2,0,0,0,21
slaver,kingdom,19,48,5178,2,2,0,0,0,21
slaver,kingdom,19,49,5278,2,2,0,0,0,21
slaver,kingdom,19,50,5378,2,2,0,0,0,21
slaver,kingdom,19,51,5478,2,2,0,0,0,21
slaver,kingdom,19,52,5578,2,2,0,0,0,21
slaver,kingdom,19,53,5678,2,2,0,0,0,21
slaver,kingdom,19,54,5778,2,2,0,0,0,21
slaver,kingdom,19,55,5878,2,2,0,0,0,21
slaver,kingdom,19,56,5978,2,2,0,0,0,21
slaver,kingdom,19,57,6078,2,2,0,0,0,21
slaver,kingdom,19,58,6178,2,2,0,0,0,21
slaver,kingdom,19,59,6278,2,2,0,0,0,21
slaver,kingdom,19,60,6378,2,2,0,0,0,21
slaver,kingdom,19,61,6478,2,2,0,0,0,21
slaver,kingdom,19,62,6578,2,2,0,0,0,21
slaver,kingdom,19,63,6678,2,2,0,0,0,21
slaver,kingdom,19,64,6778,2,2,0,0,0,21
slaver,kingdom,19,65,6878,2,2,0,0,0,21
slaver,kingdom,19,66,6978,2,2,0,0,0,21
slaver,kingdom,19,67,7078,2,2,0,0,0,21
slaver,kingdom,19,68,7178,2,2,0,0,0,21
slaver,kingdom,19,69,7278,2,2,0,0,0,21
slaver,kingdom,19,70,7378,2,2,0,0,0,21
slaver,kingdom,19,71,7478,2,2,0,0,0,21
slaver,kingdom,19,72,7578,2,2,0,0,0,21
slaver,kingdom,19,73,7678,2,2,0,0,0,21
slaver,kingdom,19,74,7778,2,2,0,0,0,21
slaver,kingdom,19,75,7878,2,2,0,0,0,21
slaver,kingdom,19,76,7978,2,2,0,0,0,21
slaver,kingdom,19,77,8078,2,2,0,0,0,21
slaver,kingdom,19,78,8178,2,2,0,0,0,21
slaver,kingdom,19,79,8278,2,2,0,0,0,21
slaver,kingdom,19,80,8378,2,2,0,0,0,21
slaver,kingdom,19,81,8478,2,2,0,0,0,21
slaver,kingdom,19,82,8578,2,2,0,0,0,21
slaver,kingdom,19,83,8678,2,2,0,0,0,21
slaver,kingdom,19,84,8778,2,2,0,0,0,21
slaver,kingdom,19,85,8878,2,2,0,0,0,21
slaver,kingdom,19,86,8978,2,2,0,0,0,21
slaver,kingdom,19,87,9078,2,2,0,0,0,21
slaver,kingdom,19,88,9178,2,2,0,0,0,21
slaver,kingdom,19,89,9278,2,2,0,0,0,21
slaver,kingdom,19,90,9378,2,2,0,0,0,21
slaver,kingdom,19,91,9478,2,2,0,0,0,21
slaver,kingdom,19,92,9578,2,2,0,0,0,21
slaver,kingdom,19,93,9678,2,2,0,0,0,21
slaver,kingdom,19,94,9778,2,2,0,0,0,21
slaver,kingdom,19,95,9828,2,2,0,0,0,21
slaver,kingdom,19,96,9926,2,2,0,0,0,21
slaver,kingdom,19,97,10026,2,2,0,0,0,21
slaver,kingdom,19,98,10126,2,2,0,0,0,21
slaver,kingdom,19,99,10226,2,2,0,0,0,21
slaver,kingdom,19,100,10326,2,2,0,0,0,21
slaver,kingdom,42,1,496,2,2,0,0,0,0
slaver,kingdom,42,2,513,2,2,0,0,0,20
slaver,kingdom,42,3,613,2,2,0,0,0,20
slaver,kingdom,42,4,713,2,2,0,0,0,20
slaver,kingdom,42,5,813,2,2,0,0,0,20
slaver,kingdom,42,6,913,2,2,0,0,0,20
slaver,kingdom,42,7,1013,2,2,0,0,0,20
slaver,kingdom,42,8,1113,2,2,0,0,0,20
slaver,kingdom,42,9,1213,2,2,0,0,0,20
slaver,kingdom,42,10,1313,2,2,0,0,0,20
slaver,kingdom,42,11,1413,2,2,0,0,0,20
slaver,kingdom,42,12,1513,2,2,0,0,0,20
slaver,kingdom,42,13,1613,2,2,0,0,0,20
slaver,kingdom,42,14,1713,2,2,0,0,0,20
slaver,kingdom,42,15,1813,2,2,0,0,0,20
slaver,kingdom,42,16,1913,2,2,0,0,0,20
slaver,kingdom,42,17,2013,2,2,0,0,0,20
slaver,kingdom,42,18,2113,2,2,0,0,0,20
slaver,kingdom,42,19,2213,2,2,0,0,0,20
slaver,kingdom,42,20,2313,2,2,0,0,0,20
slaver,kingdom,42,21,2413,2,2,0,0,0,20
slaver,kingdom,42,22,2513,2,2,0,0,0,20
slaver,kingdom,42,23,2613,2,2,0,0,0,20
slaver,kingdom,42,24,2713,2,2,0,0,0,20
slaver,kingdom,42,25,2813,2,2,0,0,0,20
slaver,kingdom,42,26,2913,2,2,0,0,0,20
slaver,kingdom,42,27,3013,2,2,0,0,0,20
slaver,kingdom,42,28,3113,2,2,0,0,0,20
slaver,kingdom,42,29,3213,2,2,0,0,0,20
slaver,kingdom,42,30,3300,2,2,0,0,0,20
slaver,kingdom,42,31,3380,2,2,0,0,0,20
slaver,kingdom,42,32,3460,2,2,0,0,0,20
slaver,kingdom,42,33,3540,2,2,0,0,0,20
slaver,kingdom,42,34,3620,2,2,0,0,0,20
slaver,kingdom,42,35,3700,2,2,0,0,0,20
slaver,kingdom,42,36,3780,2,2,0,0,0,20
slaver,kingdom,42,37,3860,2,2,0,0,0,20
slaver,kingdom,42,38,3940,2,2,0,0,0,20
slaver,kingdom,42,39,4020,2,2,0,0,0,20
slaver,kingdom,42,40,4100,2,2,0,0,0,20
slaver,kingdom,42,41,4180,2,2,0,0,0,20
slaver,kingdom,42,42,4260,2,2,0,0,0,20
slaver,kingdom,42,43,4340,2,2,0,0,0,20
slaver,kingdom,42,44,4420,2,2,0,0,0,20
slaver,kingdom,42,45,4500,2,2,0,0,0,20
slaver,kingdom,42,46,4580,2,2,0,0,0,20
slaver,kingdom,42,47,4660,2,2,0,0,0,20
slaver,kingdom,42,48,4740,2,2,0,0,0,20
slaver,kingdom,42,49,4820,2,2,0,0,0,20
slaver,kingdom,42,50,4900,2,2,0,0,0,20
slaver,kingdom,42,51,4980,2,2,0,0,0,20
slaver,kingdom,42,52,5060,2,2,0,0,0,20
slaver,kingdom,42,53,5140,2,2,0,0,0,20
slaver,kingdom,42,54,5220,2,2,0,0,0,20
slaver,kingdom,42,55,5300,2,2,0,0,0,20
slaver,kingdom,42,56,5380,2,2,0,0,0,20
slaver,kingdom,42,57,5460,2,2,0,0,0,20
slaver,kingdom,42,58,5540,2,2,0,0,0,20
slaver,kingdom,42,59,5620,2,2,0,0,0,20
slaver,kingdom,42,60,5700,2,2,0,0,0,20
slaver,kingdom,42,61,5780,2,2,0,0,0,20
slaver,kingdom,42,62,5860,2,2,0,0,0,20
slaver,kingdom,42,63,5940,2,2,0,0,0,20
slaver,kingdom,42,64,6020,2,2,0,0,0,20
slaver,kingdom,42,65,6100,2,2,0,0,0,20
slaver,kingdom,42,66,6180,2,2,0,0,0,20
slaver,kingdom,42,67,6260,2,2,0,0,0,20
slaver,kingdom,42,68,6340,2,2,0,0,0,20
slaver,kingdom,42,69,6420,2,2,0,0,0,20
slaver,kingdom,42,70,6500,2,2,0,0,0,20
slaver,kingdom,42,71,6580,2,2,0,0,0,20
slaver,kingdom,42,72,6660,2,2,0,0,0,20
slaver,kingdom,42,73,6740,2,2,0,0,0,20
slaver,kingdom,42,74,6820,2,2,0,0,0,20
slaver,kingdom,42,75,6900,2,2,0,0,0,20
slaver,kingdom,42,76,6980,2,2,0,0,0,20
slaver,kingdom,42,77,7060,2,2,0,0,0,20
slaver,kingdom,42,78,7140,2,2,0,0,0,20
slaver,kingdom,42,79,7220,2,2,0,0,0,20
slaver,kingdom,42,80,7300,2,2,0,0,0,20
slaver,kingdom,42,81,7380,2,2,0,0,0,20
slaver,kingdom,42,82,7460,2,2,0,0,0,20
slaver,kingdom,42,83,7540,2,2,0,0,0,20
slaver,kingdom,42,84,7620,2,2,0,0,0,20
slaver,kingdom,42,85,7700,2,2,0,0,0,20
slaver,kingdom,42,86,7780,2,2,0,0,0,20
slaver,kingdom,42,87,7860,2,2,0,0,0,20
slaver,kingdom,42,88,7940,2,2,0,0,0,20
slaver,kingdom,42,89,8020,2,2,0,0,0,20
slaver,kingdom,42,90,8100,2,2,0,0,0,20
slaver,kingdom,42,91,8180,2,2,0,0,0,20
slaver,kingdom,42,92,8260,2,2,0,0,0,20
slaver,kingdom,42,93,8340,2,2,0,0,0,20
slaver,kingdom,42,94,8420,2,2,0,0,0,20
slaver,kingdom,42,95,8500,2,2,0,0,0,20
slaver,kingdom,42,96,8580,2,2,0,0,0,20
slaver,kingdom,42,97,8660,2,2,0,0,0,20
slaver,kingdom,42,98,8740,2,2,0,0,0,20
slaver,kingdom,42,99,8820,2,2,0,0,0,20
slaver,kingdom,42,100,8900,2,2,0,0,0,20
techlord,kingdom,7,1,460,0,0,0,0,0,0
techlord,kingdom,7,2,460,0,0,0,0,0,0
techlord,kingdom,7,3,460,0,0,0,0,0,0
techlord,kingdom,7,4,460,0,0,0,0,0,0
techlord,kingdom,7,5,460,0,0,0,0,0,0
techlord,kingdom,7,6,460,0,0,0,0,0,0
techlord,kingdom,7,7,460,0,0,0,0,0,0
techlord,kingdom,7,8,460,0,0,0,0,0,0
techlord,kingdom,7,9,460,0,0,0,0,0,0
techlord,kingdom,7,10,460,0,0,0,0,0,0
techlord,kingdom,7,11,460,0,0,0,0,0,0
techlord,kingdom,7,12,460,0,0,0,0,0,0
techlord,kingdom,7,13,460,0,0,0,0,0,0
techlord,kingdom,7,14,460,0,0,0,0,0,0
techlord,kingdom,7,15,460,0,0,0,0,0,0
techlord,kingdom,7,16,460,0,0,0,0,0,0
techlord,kingdom,7,17,460,0,0,0,0,0,0
techlord,kingdom,7,18,460,0,0,0,0,0,0
techlord,kingdom,7,19,460,0,0,0,0,0,0
techlord,kingdom,7,20,460,0,0,0,0,0,0
techlord,kingdom,7,21,460,0,0,0,0,0,0
techlord,kingdom,7,22,460,0,0,0,0,0,0
techlord,kingdom,7,23,460,0,0,0,0,0,0
techlord,kingdom,7,24,460,0,0,0,0,0,0
techlord,kingdom,7,25,460,0,0,0,0,0,0
techlord,kingdom,7,26,460,0,0,0,0,0,0
techlord,kingdom,7,27,460,0,0,0,0,0,0
techlord,kingdom,7,28,460,0,0,0,0,0,0
techlord,kingdom,7,29,460,0,0,0,0,0,0
techlord,kingdom,7,30,460,0,0,0,0,0,0
techlord,kingdom,7,31,460,0,0,0,0,0,0
techlord,kingdom,7,32,460,0,0,0,0,0,0
techlord,kingdom,7,33,460,0,0,0,0,0,0
techlord,kingdom,7,34,460,0,0,0,0,0,0
techlord,kingdom,7,35,460,0,0,0,0,0,0
techlord,kingdom,7,36,460,0,0,0,0,0,0
techlord,kingdom,7,37,460,0,0,0,0,0,0
techlord,kingdom,7,38,460,0,0,0,0,0,0
techlord,kingdom,7,39,460,0,0,0,0,0,0
techlord,kingdom,7,40,460,0,0,0,0,0,0
techlord,kingdom,7,41,460,0,0,0,0,0,0
techlord,kingdom,7,42,460,0,0,0,0,0,0
techlord,kingdom,7,43,460,0,0,0,0,0,0
techlord,kingdom,7,44,460,0,0,0,0,0,0
techlord,kingdom,7,45,460,0,0,0,0,0,0
techlord,kingdom,7,46,460,0,0,0,0,0,0
techlord,kingdom,7,47,460,0,0,0,0,0,0
techlord,kingdom,7,48,460,0,0,0,0,0,0
techlord,kingdom,7,49,460,0,0,0,0,0,0
techlord,kingdom,7,50,460,0,0,0,0,0,0
techlord,kingdom,7,51,460,0,0,0,0,0,0
techlord,kingdom,7,52,460,0,0,0,0,0,0
techlord,kingdom,7,53,460,0,0,0,0,0,0
techlord,kingdom,7,54,460,0,0,0,0,0,0
techlord,kingdom,7,55,460,0,0,0,0,0,0
techlord,kingdom,7,56,460,0,0,0,0,0,0
techlord,kingdom,7,57,460,0,0,0,0,0,0
techlord,kingdom,7,58,460,0,0,0,0,0,0
techlord,kingdom,7,59,460,0,0,0,0,0,0
techlord,kingdom,7,60,460,0,0,0,0,0,0
techlord,kingdom,7,61,460,0,0,0,0,0,0
techlord,kingdom,7,62,460,0,0,0,0,0,0
techlord,kingdom,7,63,460,0,0,0,0,0,0
techlord,kingdom,7,64,460,0,0,0,0,0,0
techlord,kingdom,7,65,460,0,0,0,0,0,0
techlord,kingdom,7,66,460,0,0,0,0,0,0
techlord,kingdom,7,67,460,0,0,0,0,0,0
techlord,kingdom,7,68,460,0,0,0,0,0,0
techlord,kingdom,7,69,460,0,0,0,0,0,0
techlord,kingdom,7,70,460,0,0,0,0,0,0
techlord,kingdom,7,71,460,0,0,0,0,0,0
techlord,kingdom,7,72,460,0,0,0,0,0,0
techlord,kingdom,7,73,460,0,0,0,0,0,0
techlord,kingdom,7,74,460,0,0,0,0,0,0
techlord,kingdom,7,75,460,0,0,0,0,0,0
techlord,kingdom,7,76,460,0,0,0,0,0,0
techlord,kingdom,7,77,460,0,0,0,0,0,0
techlord,kingdom,7,78,460,0,0,0,0,0,0
techlord,kingdom,7,79,460,0,0,0,0,0,0
techlord,kingdom,7,80,460,0,0,0,0,0,0
techlord,kingdom,7,81,460,0,0,0,0,0,0
techlord,kingdom,7,82,460,0,0,0,0,0,0
techlord,kingdom,7,83,460,0,0,0,0,0,0
techlord,kingdom,7,84,460,0,0,0,0,0,0
techlord,kingdom,7,85,460,0,0,0,0,0,0
techlord,kingdom,7,86,460,0,0,0,0,0,0
techlord,kingdom,7,87,460,0,0,0,0,0,0
techlord,kingdom,7,88,460,0,0,0,0,0,0
techlord,kingdom,7,89,460,0,0,0,0,0,0
techlord,kingdom,7,90,403,0,0,0,0,0,0
techlord,kingdom,7,91,403,0,0,0,0,0,0
techlord,kingdom,7,92,403,0,0,0,0,0,0
techlord,kingdom,7,93,403,0,0,0,0,0,0
techlord,kingdom,7,94,403,0,0,0,0,0,0
techlord,kingdom,7,95,403,0,0,0,0,0,0
techlord,kingdom,7,96,403,0,0,0,0,0,0
techlord,kingdom,7,97,403,0,0,0,0,0,0
techlord,kingdom,7,98,403,0,0,0,0,0,0
techlord,kingdom,7,99,403,0,0,0,0,0,0
techlord,kingdom,7,100,403,0,0,0,0,0,0
techlord,kingdom,19,1,540,0,0,0,0,0,0
techlord,kingdom,19,2,540,0,0,0,0,0,0
techlord,kingdom,19,3,540,0,0,0,0,0,0
techlord,kingdom,19,4,540,0,0,0,0,0,0
techlord,kingdom,19,5,540,0,0,0,0,0,0
techlord,kingdom,19,6,540,0,0,0,0,0,0
techlord,kingdom,19,7,540,0,0,0,0,0,0
techlord,kingdom,19,8,540,0,0,0,0,0,0
techlord,kingdom,19,9,540,0,0,0,0,0,0
techlord,kingdom,19,10,540,0,0,0,0,0,0
techlord,kingdom,19,11,540,0,0,0,0,0,0
techlord,kingdom,19,12,540,0,0,0,0,0,0
techlord,kingdom,19,13,540,0,0,0,0,0,0
techlord,kingdom,19,14,540,0,0,0,0,0,0
techlord,kingdom,19,15,507,0,0,0,0,0,0
techlord,kingdom,19,16,507,0,0,0,0,0,0
techlord,kingdom,19,17,484,0,0,0,0,0,0
techlord,kingdom,19,18,484,0,0,0,0,0,0
techlord,kingdom,19,19,484,0,0,0,0,0,0
techlord,kingdom,19,20,464,0,0,0,0,0,0
techlord,kingdom,19,21,464,0,0,0,0,0,0
techlord,kingdom,19,22,464,0,0,0,0,0,0
techlord,kingdom,19,23,464,0,0,0,0,0,0
techlord,kingdom,19,24,464,0,0,0,0,0,0
techlord,kingdom,19,25,464,0,0,0,0,0,0
techlord,kingdom,19,26,464,0,0,0,0,0,0
techlord,kingdom,19,27,464,0,0,0,0,0,0
techlord,kingdom,19,28,464,0,0,0,0,0,0
techlord,kingdom,19,29,464,0,0,0,0,0,0
techlord,kingdom,19,30,464,0,0,0,0,0,0
techlord,kingdom,19,31,464,0,0,0,0,0,0
techlord,kingdom,19,32,464,0,0,0,0,0,0
techlord,kingdom,19,33,464,0,0,0,0,0,0
techlord,kingdom,19,34,464,0,0,0,0,0,0
techlord,kingdom,19,35,464,0,0,0,0,0,0
techlord,kingdom,19,36,464,0,0,0,0,0,0
techlord,kingdom,19,37,464,0,0,0,0,0,0
techlord,kingdom,19,38,464,0,0,0,0,0,0
techlord,kingdom,19,39,464,0,0,0,0,0,0
techlord,kingdom,19,40,464,0,0,0,0,0,0
techlord,kingdom,19,41,464,0,0,0,0,0,0
techlord,kingdom,19,42,464,0,0,0,0,0,0
techlord,kingdom,19,43,464,0,0,0,0,0,0
techlord,kingdom,19,44,464,0,0,0,0,0,0
techlord,kingdom,19,45,464,0,0,0,0,0,0
techlord,kingdom,19,46,464,0,0,0,0,0,0
techlord,kingdom,19,47,464,0,0,0,0,0,0
techlord,kingdom,19,48,464,0,0,0,0,0,0
techlord,kingdom,19,49,464,0,0,0,0,0,0
techlord,kingdom,19,50,464,0,0,0,0,0,0
techlord,kingdom,19,51,464,0,0,0,0,0,0
techlord,kingdom,19,52,464,0,0,0,0,0,0
techlord,kingdom,19,53,464,0,0,0,0,0,0
techlord,kingdom,19,54,464,0,0,0,0,0,0
techlord,kingdom,19,55,464,0,0,0,0,0,0
techlord,kingdom,19,56,464,0,0,0,0,0,0
techlord,kingdom,19,57,464,0,0,0,0,0,0
techlord,kingdom,19,58,464,0,0,0,0,0,0
techlord,kingdom,19,59,464,0,0,0,0,0,0
techlord,kingdom,19,60,464,0,0,0,0,0,0
techlord,kingdom,19,61,464,0,0,0,0,0,0
techlord,kingdom,19,62,464,0,0,0,0,0,0
techlord,kingdom,19,63,448,0,0,0,0,0,0
techlord,kingdom,19,64,436,0,0,0,0,0,0
techlord,kingdom,19,65,436,0,0,0,0,0,0
techlord,kingdom,19,66,436,0,0,0,0,0,0
techlord,kingdom,19,67,427,0,0,0,0,0,0
techlord,kingdom,19,68,427,0,0,0,0,0,0
techlord,kingdom,19,69,427,0,0,0,0,0,0
techlord,kingdom,19,70,420,0,0,0,0,0,0
techlord,kingdom,19,71,412,0,0,0,0,0,0
techlord,kingdom,19,72,409,0,0,0,0,0,0
techlord,kingdom,19,73,406,0,0,0,0,0,0
techlord,kingdom,19,74,406,0,0,0,0,0,0
techlord,kingdom,19,75,406,0,0,0,0,0,0
techlord,kingdom,19,76,404,0,0,0,0,0,0
techlord,kingdom,19,77,404,0,0,0,0,0,0
techlord,kingdom,19,78,404,0,0,0,0,0,0
techlord,kingdom,19,79,404,0,0,0,0,0,0
techlord,kingdom,19,80,404,0,0,0,0,0,0
techlord,kingdom,19,81,404,0,0,0,0,0,0
techlord,kingdom,19,82,404,0,0,0,0,0,0
techlord,kingdom,19,83,404,0,0,0,0,0,0
techlord,kingdom,19,84,404,0,0,0,0,0,0
techlord,kingdom,19,85,404,0,0,0,0,0,0
techlord,kingdom,19,86,404,0,0,0,0,0,0
techlord,kingdom,19,87,404,0,0,0,0,0,0
techlord,kingdom,19,88,404,0,0,0,0,0,0
techlord,kingdom,19,89,404,0,0,0,0,0,0
techlord,kingdom,19,90,404,0,0,0,0,0,0
techlord,kingdom,19,91,404,0,0,0,0,0,0
techlord,kingdom,19,92,404,0,0,0,0,0,0
techlord,kingdom,19,93,404,0,0,0,0,0,0
techlord,kingdom,19,94,404,0,0,0,0,0,0
techlord,kingdom,19,95,404,0,0,0,0,0,0
techlord,kingdom,19,96,404,0,0,0,0,0,0
techlord,kingdom,19,97,404,0,0,0,0,0,0
techlord,kingdom,19,98,404,0,0,0,0,0,0
techlord,kingdom,19,99,404,0,0,0,0,0,0
techlord,kingdom,19,100,404,0,0,0,0,0,0
techlord,kingdom,42,1,406,0,0,0,0,0,0
techlord,kingdom,42,2,406,0,0,0,0,0,0
techlord,kingdom,42,3,406,0,0,0,0,0,0
techlord,kingdom,42,4,406,0,0,0,0,0,0
techlord,kingdom,42,5,406,0,0,0,0,0,0
techlord,kingdom,42,6,406,0,0,0,0,0,0
techlord,kingdom,42,7,406,0,0,0,0,0,0
techlord,kingdom,42,8,406,0,0,0,0,0,0
techlord,kingdom,42,9,406,0,0,0,0,0,0
techlord,kingdom,42,10,406,0,0,0,0,0,0
techlord,kingdom,42,11,406,0,0,0,0,0,0
techlord,kingdom,42,12,406,0,0,0,0,0,0
techlord,kingdom,42,13,406,0,0,0,0,0,0
techlord,kingdom,42,14,406,0,0,0,0,0,0
techlord,kingdom,42,15,406,0,0,0,0,0,0
techlord,kingdom,42,16,406,0,0,0,0,0,0
techlord,kingdom,42,17,406,0,0,0,0,0,0
techlord,kingdom,42,18,406,0,0,0,0,0,0
techlord,kingdom,42,19,406,0,0,0,0,0,0
techlord,kingdom,42,20,406,0,0,0,0,0,0
techlord,kingdom,42,21,406,0,0,0,0,0,0
techlord,kingdom,42,22,406,0,0,0,0,0,0
techlord,kingdom,42,23,406,0,0,0,0,0,0
techlord,kingdom,42,24,406,0,0,0,0,0,0
techlord,kingdom,42,25,406,0,0,0,0,0,0
techlord,kingdom,42,26,406,0,0,0,0,0,0
techlord,kingdom,42,27,406,0,0,0,0,0,0
techlord,kingdom,42,28,406,0,0,0,0,0,0
techlord,kingdom,42,29,406,0,0,0,0,0,0
techlord,kingdom,42,30,406,0,0,0,0,0,0
techlord,kingdom,42,31,406,0,0,0,0,0,0
techlord,kingdom,42,32,406,0,0,0,0,0,0
techlord,kingdom,42,33,406,0,0,0,0,0,0
techlord,kingdom,42,34,406,0,0,0,0,0,0
techlord,kingdom,42,35,406,0,0,0,0,0,0
techlord,kingdom,42,36,406,0,0,0,0,0,0
techlord,kingdom,42,37,406,0,0,0,0,0,0
techlord,kingdom,42,38,406,0,0,0,0,0,0
techlord,kingdom,42,39,406,0,0,0,0,0,0
techlord,kingdom,42,40,406,0,0,0,0,0,0
techlord,kingdom,42,41,406,0,0,0,0,0,0
techlord,kingdom,42,42,406,0,0,0,0,0,0
techlord,kingdom,42,43,406,0,0,0,0,0,0
techlord,kingdom,42,44,406,0,0,0,0,0,0
techlord,kingdom,42,45,406,0,0,0,0,0,0
techlord,kingdom,42,46,406,0,0,0,0,0,0
techlord,kingdom,42,47,406,0,0,0,0,0,0
techlord,kingdom,42,48,406,0,0,0,0,0,0
techlord,kingdom,42,49,406,0,0,0,0,0,0
techlord,kingdom,42,50,406,0,0,0,0,0,0
techlord,kingdom,42,51,406,0,0,0,0,0,0
techlord,kingdom,42,52,406,0,0,0,0,0,0
techlord,kingdom,42,53,406,0,0,0,0,0,0
techlord,kingdom,42,54,406,0,0,0,0,0,0
techlord,kingdom,42,55,406,0,0,0,0,0,0
techlord,kingdom,42,56,406,0,0,0,0,0,0
techlord,kingdom,42,57,406,0,0,0,0,0,0
techlord,kingdom,42,58,406,0,0,0,0,0,0
techlord,kingdom,42,59,406,0,0,0,0,0,0
techlord,kingdom,42,60,406,0,0,0,0,0,0
techlord,kingdom,42,61,406,0,0,0,0,0,0
techlord,kingdom,42,62,406,0,0,0,0,0,0
techlord,kingdom,42,63,406,0,0,0,0,0,0
techlord,kingdom,42,64,406,0,0,0,0,0,0
techlord,kingdom,42,65,406,0,0,0,0,0,0
techlord,kingdom,42,66,406,0,0,0,0,0,0
techlord,kingdom,42,67,406,0,0,0,0,0,0
techlord,kingdom,42,68,406,0,0,0,0,0,0
techlord,kingdom,42,69,406,0,0,0,0,0,0
techlord,kingdom,42,70,406,0,0,0,0,0,0
techlord,kingdom,42,71,406,0,0,0,0,0,0
techlord,kingdom,42,72,406,0,0,0,0,0,0
techlord,kingdom,42,73,406,0,0,0,0,0,0
techlord,kingdom,42,74,406,0,0,0,0,0,0
techlord,kingdom,42,75,406,0,0,0,0,0,0
techlord,kingdom,42,76,406,0,0,0,0,0,0
techlord,kingdom,42,77,406,0,0,0,0,0,0
techlord,kingdom,42,78,406,0,0,0,0,0,0
techlord,kingdom,42,79,406,0,0,0,0,0,0
techlord,kingdom,42,80,406,0,0,0,0,0,0
techlord,kingdom,42,81,406,0,0,0,0,0,0
techlord,kingdom,42,82,406,0,0,0,0,0,0
techlord,kingdom,42,83,406,0,0,0,0,0,0
techlord,kingdom,42,84,406,0,0,0,0,0,0
techlord,kingdom,42,85,406,0,0,0,0,0,0
techlord,kingdom,42,86,406,0,0,0,0,0,0
techlord,kingdom,42,87,406,0,0,0,0,0,0
techlord,kingdom,42,88,406,0,0,0,0,0,0
techlord,kingdom,42,89,406,0,0,0,0,0,0
techlord,kingdom,42,90,406,0,0,0,0,0,0
techlord,kingdom,42,91,406,0,0,0,0,0,0
techlord,kingdom,42,92,406,0,0,0,0,0,0
techlord,kingdom,42,93,406,0,0,0,0,0,0
techlord,kingdom,42,94,406,0,0,0,0,0,0
techlord,kingdom,42,95,406,0,0,0,0,0,0
techlord,kingdom,42,96,406,0,0,0,0,0,0
techlord,kingdom,42,97,406,0,0,0,0,0,0
techlord,kingdom,42,98,406,0,0,0,0,0,0
techlord,kingdom,42,99,406,0,0,0,0,0,0
techlord,kingdom,42,100,406,0,0,0,0,0,0
survivor,kingdom,7,1,460,0,0,0,0,0,0
survivor,kingdom,7,2,460,0,0,0,0,0,0
survivor,kingdom,7,3,460,0,0,0,0,0,0
survivor,kingdom,7,4,460,0,0,0,0,0,0
survivor,kingdom,7,5,460,0,0,0,0,0,0
survivor,kingdom,7,6,460,0,0,0,0,0,0
survivor,kingdom,7,7,460,0,0,0,0,0,0
survivor,kingdom,7,8,460,0,0,0,0,0,0
survivor,kingdom,7,9,460,0,0,0,0,0,0
survivor,kingdom,7,10,460,0,0,0,0,0,0
survivor,kingdom,7,11,460,0,0,0,0,0,0
survivor,kingdom,7,12,460,0,0,0,0,0,0
survivor,kingdom,7,13,460,0,0,0,0,0,0
survivor,kingdom,7,14,460,0,0,0,0,0,0
survivor,kingdom,7,15,460,0,0,0,0,0,0
survivor,kingdom,7,16,460,0,0,0,0,0,0
survivor,kingdom,7,17,460,0,0,0,0,0,0
survivor,kingdom,7,18,460,0,0,0,0,0,0
survivor,kingdom,7,19,460,0,0,0,0,0,0
survivor,kingdom,7,20,460,0,0,0,0,0,0
survivor,kingdom,7,21,460,0,0,0,0,0,0
survivor,kingdom,7,22,460,0,0,0,0,0,0
survivor,kingdom,7,23,460,0,0,0,0,0,0
survivor,kingdom,7,24,460,0,0,0,0,0,0
survivor,kingdom,7,25,460,0,0,0,0,0,0
survivor,kingdom,7,26,460,0,0,0,0,0,0
survivor,kingdom,7,27,460,0,0,0,0,0,0
survivor,kingdom,7,28,460,0,0,0,0,0,0
survivor,kingdom,7,29,460,0,0,0,0,0,0
survivor,kingdom,7,30,460,0,0,0,0,0,0
survivor,kingdom,7,31,460,0,0,0,0,0,0
survivor,kingdom,7,32,460,0,0,0,0,0,0
survivor,kingdom,7,33,460,0,0,0,0,0,0
survivor,kingdom,7,34,460,0,0,0,0,0,0
survivor,kingdom,7,35,460,0,0,0,0,0,0
survivor,kingdom,7,36,460,0,0,0,0,0,0
survivor,kingdom,7,37,460,0,0,0,0,0,0
survivor,kingdom,7,38,460,0,0,0,0,0,0
survivor,kingdom,7,39,460,0,0,0,0,0,0
survivor,kingdom,7,40,460,0,0,0,0,0,0
survivor,kingdom,7,41,460,0,0,0,0,0,0
survivor,kingdom,7,42,460,0,0,0,0,0,0
survivor,kingdom,7,43,460,0,0,0,0,0,0
survivor,kingdom,7,44,460,0,0,0,0,0,0
survivor,kingdom,7,45,460,0,0,0,0,0,0
survivor,kingdom,7,46,460,0,0,0,0,0,0
survivor,kingdom,7,47,460,0,0,0,0,0,0
survivor,kingdom,7,48,460,0,0,0,0,0,0
survivor,kingdom,7,49,460,0,0,0,0,0,0
survivor,kingdom,7,50,460,0,0,0,0,0,0
survivor,kingdom,7,51,460,0,0,0,0,0,0
survivor,kingdom,7,52,460,0,0,0,0,0,0
survivor,kingdom,7,53,460,0,0,0,0,0,0
survivor,kingdom,7,54,460,0,0,0,0,0,0
survivor,kingdom,7,55,460,0,0,0,0,0,0
survivor,kingdom,7,56,460,0,0,0,0,0,0
survivor,kingdom,7,57,460,0,0,0,0,0,0
survivor,kingdom,7,58,460,0,0,0,0,0,0
survivor,kingdom,7,59,460,0,0,0,0,0,0
survivor,kingdom,7,60,460,0,0,0,0,0,0
survivor,kingdom,7,61,460,0,0,0,0,0,0
survivor,kingdom,7,62,460,0,0,0,0,0,0
survivor,kingdom,7,63,460,0,0,0,0,0,0
survivor,kingdom,7,64,460,0,0,0,0,0,0
survivor,kingdom,7,65,460,0,0,0,0,0,0
survivor,kingdom,7,66,460,0,0,0,0,0,0
survivor,kingdom,7,67,460,0,0,0,0,0,0
survivor,kingdom,7,68,460,0,0,0,0,0,0
survivor,kingdom,7,69,460,0,0,0,0,0,0
survivor,kingdom,7,70,460,0,0,0,0,0,0
survivor,kingdom,7,71,460,0,0,0,0,0,0
survivor,kingdom,7,72,460,0,0,0,0,0,0
survivor,kingdom,7,73,460,0,0,0,0,0,0
survivor,kingdom,7,74,460,0,0,0,0,0,0
survivor,kingdom,7,75,460,0,0,0,0,0,0
survivor,kingdom,7,76,460,0,0,0,0,0,0
survivor,kingdom,7,77,460,0,0,0,0,0,0
survivor,kingdom,7,78,460,0,0,0,0,0,0
survivor,kingdom,7,79,460,0,0,0,0,0,0
survivor,kingdom,7,80,460,0,0,0,0,0,0
survivor,kingdom,7,81,460,0,0,0,0,0,0
survivor,kingdom,7,82,460,0,0,0,0,0,0
survivor,kingdom,7,83,460,0,0,0,0,0,0
survivor,kingdom,7,84,460,0,0,0,0,0,0
survivor,kingdom,7,85,460,0,0,0,0,0,0
survivor,kingdom,7,86,460,0,0,0,0,0,0
survivor,kingdom,7,87,460,0,0,0,0,0,0
survivor,kingdom,7,88,460,0,0,0,0,0,0
survivor,kingdom,7,89,480,0,0,0,0,0,0
survivor,kingdom,7,90,482,0,0,0,0,0,0
survivor,kingdom,7,91,482,0,0,0,0,0,0
survivor,kingdom,7,92,502,0,0,0,0,0,0
survivor,kingdom,7,93,502,0,0,0,0,0,0
survivor,kingdom,7,94,522,0,0,0,0,0,0
survivor,kingdom,7,95,522,0,0,0,0,0,0
survivor,kingdom,7,96,522,0,0,0,0,0,0
survivor,kingdom,7,97,522,0,0,0,0,0,0
survivor,kingdom,7,98,542,0,0,0,0,0,0
survivor,kingdom,7,99,542,0,0,0,0,0,0
survivor,kingdom,7,100,562,0,0,0,0,0,0
survivor,kingdom,19,1,540,0,0,0,0,0,0
survivor,kingdom,19,2,540,0,0,0,0,0,0
survivor,kingdom,19,3,540,0,0,0,0,0,0
survivor,kingdom,19,4,540,0,0,0,0,0,0
survivor,kingdom,19,5,540,0,0,0,0,0,0
survivor,kingdom,19,6,540,0,0,0,0,0,0
survivor,kingdom,19,7,540,0,0,0,0,0,0
survivor,kingdom,19,8,540,0,0,0,0,0,0
survivor,kingdom,19,9,540,0,0,0,0,0,0
survivor,kingdom,19,10,540,0,0,0,0,0,0
survivor,kingdom,19,11,540,0,0,0,0,0,0
survivor,kingdom,19,12,540,0,0,0,0,0,0
survivor,kingdom,19,13,540,0,0,0,0,0,0
survivor,kingdom,19,14,540,0,0,0,0,0,0
survivor,kingdom,19,15,507,0,0,0,0,0,0
survivor,kingdom,19,16,507,0,0,0,0,0,0
survivor,kingdom,19,17,484,0,0,0,0,0,0
survivor,kingdom,19,18,484,0,0,0,0,0,0
survivor,kingdom,19,19,484,0,0,0,0,0,0
survivor,kingdom,19,20,464,0,0,0,0,0,0
survivor,kingdom,19,21,464,0,0,0,0,0,0
survivor,kingdom,19,22,464,0,0,0,0,0,0
survivor,kingdom,19,23,464,0,0,0,0,0,0
survivor,kingdom,19,24,464,0,0,0,0,0,0
survivor,kingdom,19,25,464,0,0,0,0,0,0
survivor,kingdom,19,26,464,0,0,0,0,0,0
survivor,kingdom,19,27,464,0,0,0,0,0,0
survivor,kingdom,19,28,464,0,0,0,0,0,0
survivor,kingdom,19,29,464,0,0,0,0,0,0
survivor,kingdom,19,30,464,0,0,0,0,0,0
survivor,kingdom,19,31,464,0,0,0,0,0,0
survivor,kingdom,19,32,464,0,0,0,0,0,0
survivor,kingdom,19,33,464,0,0,0,0,0,0
survivor,kingdom,19,34,464,0,0,0,0,0,0
survivor,kingdom,19,35,464,0,0,0,0,0,0
survivor,kingdom,19,36,464,0,0,0,0,0,0
survivor,kingdom,19,37,464,0,0,0,0,0,0
survivor,kingdom,19,38,464,0,0,0,0,0,0
survivor,kingdom,19,39,464,0,0,0,0,0,0
survivor,kingdom,19,40,464,0,0,0,0,0,0
survivor,kingdom,19,41,464,0,0,0,0,0,0
survivor,kingdom,19,42,464,0,0,0,0,0,0
survivor,kingdom,19,43,464,0,0,0,0,0,0
survivor,kingdom,19,44,464,0,0,0,0,0,0
survivor,kingdom,19,45,464,0,0,0,0,0,0
survivor,kingdom,19,46,464,0,0,0,0,0,0
survivor,kingdom,19,47,464,0,0,0,0,0,0
survivor,kingdom,19,48,464,0,0,0,0,0,0
survivor,kingdom,19,49,464,0,0,0,0,0,0
survivor,kingdom,19,50,464,0,0,0,0,0,0
survivor,kingdom,19,51,464,0,0,0,0,0,0
survivor,kingdom,19,52,464,0,0,0,0,0,0
survivor,kingdom,19,53,464,0,0,0,0,0,0
survivor,kingdom,19,54,464,0,0,0,0,0,0
survivor,kingdom,19,55,464,0,0,0,0,0,0
survivor,kingdom,19,56,464,0,0,0,0,0,0
survivor,kingdom,19,57,464,0,0,0,0,0,0
survivor,kingdom,19,58,464,0,0,0,0,0,0
survivor,kingdom,19,59,464,0,0,0,0,0,0
survivor,kingdom,19,60,464,0,0,0,0,0,0
survivor,kingdom,19,61,464,0,0,0,0,0,0
survivor,kingdom,19,62,464,0,0,0,0,0,0
survivor,kingdom,19,63,448,0,0,0,0,0,0
survivor,kingdom,19,64,436,0,0,0,0,0,0
survivor,kingdom,19,65,436,0,0,0,0,0,0
survivor,kingdom,19,66,436,0,0,0,0,0,0
survivor,kingdom,19,67,427,0,0,0,0,0,0
survivor,kingdom,19,68,427,0,0,0,0,0,0
survivor,kingdom,19,69,427,0,0,0,0,0,0
survivor,kingdom,19,70,420,0,0,0,0,0,0
survivor,kingdom,19,71,412,0,0,0,0,0,0
survivor,kingdom,19,72,409,0,0,0,0,0,0
survivor,kingdom,19,73,409,0,0,0,0,0,0
survivor,kingdom,19,74,409,0,0,0,0,0,0
survivor,kingdom,19,75,409,0,0,0,0,0,0
survivor,kingdom,19,76,406,0,0,0,0,0,0
survivor,kingdom,19,77,404,0,0,0,0,0,0
survivor,kingdom,19,78,404,0,0,0,0,0,0
survivor,kingdom,19,79,404,0,0,0,0,0,0
survivor,kingdom,19,80,404,0,0,0,0,0,0
survivor,kingdom,19,81,404,0,0,0,0,0,0
survivor,kingdom,19,82,404,0,0,0,0,0,0
survivor,kingdom,19,83,404,0,0,0,0,0,0
survivor,kingdom,19,84,404,0,0,0,0,0,0
survivor,kingdom,19,85,404,0,0,0,0,0,0
survivor,kingdom,19,86,404,0,0,0,0,0,0
survivor,kingdom,19,87,404,0,0,0,0,0,0
survivor,kingdom,19,88,404,0,0,0,0,0,0
survivor,kingdom,19,89,404,0,0,0,0,0,0
survivor,kingdom,19,90,424,0,0,0,0,0,0
survivor,kingdom,19,91,424,0,0,0,0,0,0
survivor,kingdom,19,92,444,0,0,0,0,0,0
survivor,kingdom,19,93,464,0,0,0,0,0,0
survivor,kingdom,19,94,464,0,0,0,0,0,0
survivor,kingdom,19,95,484,0,0,0,0,0,0
survivor,kingdom,19,96,504,0,0,0,0,0,0
survivor,kingdom,19,97,504,0,0,0,0,0,0
survivor,kingdom,19,98,524,0,0,0,0,0,0
survivor,kingdom,19,99,544,0,0,0,0,0,0
survivor,kingdom,19,100,544,0,0,0,0,0,0
survivor,kingdom,42,1,406,0,0,0,0,0,0
survivor,kingdom,42,2,406,0,0,0,0,0,0
survivor,kingdom,42,3,406,0,0,0,0,0,0
survivor,kingdom,42,4,406,0,0,0,0,0,0
survivor,kingdom,42,5,406,0,0,0,0,0,0
survivor,kingdom,42,6,406,0,0,0,0,0,0
survivor,kingdom,42,7,406,0,0,0,0,0,0
survivor,kingdom,42,8,406,0,0,0,0,0,0
survivor,kingdom,42,9,406,0,0,0,0,0,0
survivor,kingdom,42,10,406,0,0,0,0,0,0
survivor,kingdom,42,11,406,0,0,0,0,0,0
survivor,kingdom,42,12,406,0,0,0,0,0,0
survivor,kingdom,42,13,406,0,0,0,0,0,0
survivor,kingdom,42,14,406,0,0,0,0,0,0
survivor,kingdom,42,15,406,0,0,0,0,0,0
survivor,kingdom,42,16,406,0,0,0,0,0,0
survivor,kingdom,42,17,406,0,0,0,0,0,0
survivor,kingdom,42,18,406,0,0,0,0,0,0
survivor,kingdom,42,19,406,0,0,0,0,0,0
survivor,kingdom,42,20,406,0,0,0,0,0,0
survivor,kingdom,42,21,406,0,0,0,0,0,0
survivor,kingdom,42,22,406,0,0,0,0,0,0
survivor,kingdom,42,23,406,0,0,0,0,0,0
survivor,kingdom,42,24,406,0,0,0,0,0,0
survivor,kingdom,42,25,406,0,0,0,0,0,0
survivor,kingdom,42,26,406,0,0,0,0,0,0
survivor,kingdom,42,27,406,0,0,0,0,0,0
survivor,kingdom,42,28,406,0,0,0,0,0,0
survivor,kingdom,42,29,406,0,0,0,0,0,0
survivor,kingdom,42,30,406,0,0,0,0,0,0
survivor,kingdom,42,31,406,0,0,0,0,0,0
survivor,kingdom,42,32,406,0,0,0,0,0,0
survivor,kingdom,42,33,406,0,0,0,0,0,0
survivor,kingdom,42,34,406,0,0,0,0,0,0
survivor,kingdom,42,35,406,0,0,0,0,0,0
survivor,kingdom,42,36,406,0,0,0,0,0,0
survivor,kingdom,42,37,406,0,0,0,0,0,0
survivor,kingdom,42,38,406,0,0,0,0,0,0
survivor,kingdom,42,39,406,0,0,0,0,0,0
survivor,kingdom,42,40,406,0,0,0,0,0,0
survivor,kingdom,42,41,406,0,0,0,0,0,0
survivor,kingdom,42,42,406,0,0,0,0,0,0
survivor,kingdom,42,43,406,0,0,0,0,0,0
survivor,kingdom,42,44,406,0,0,0,0,0,0
survivor,kingdom,42,45,406,0,0,0,0,0,0
survivor,kingdom,42,46,406,0,0,0,0,0,0
survivor,kingdom,42,47,406,0,0,0,0,0,0
survivor,kingdom,42,48,406,0,0,0,0,0,0
survivor,kingdom,42,49,406,0,0,0,0,0,0
survivor,kingdom,42,50,406,0,0,0,0,0,0
survivor,kingdom,42,51,406,0,0,0,0,0,0
survivor,kingdom,42,52,406,0,0,0,0,0,0
survivor,kingdom,42,53,406,0,0,0,0,0,0
survivor,kingdom,42,54,406,0,0,0,0,0,0
survivor,kingdom,42,55,406,0,0,0,0,0,0
survivor,kingdom,42,56,406,0,0,0,0,0,0
survivor,kingdom,42,57,406,0,0,0,0,0,0
survivor,kingdom,42,58,406,0,0,0,0,0,0
survivor,kingdom,42,59,406,0,0,0,0,0,0
survivor,kingdom,42,60,406,0,0,0,0,0,0
survivor,kingdom,42,61,406,0,0,0,0,0,0
survivor,kingdom,42,62,406,0,0,0,0,0,0
survivor,kingdom,42,63,406,0,0,0,0,0,0
survivor,kingdom,42,64,406,0,0,0,0,0,0
survivor,kingdom,42,65,406,0,0,0,0,0,0
survivor,kingdom,42,66,406,0,0,0,0,0,0
survivor,kingdom,42,67,406,0,0,0,0,0,0
survivor,kingdom,42,68,406,0,0,0,0,0,0
survivor,kingdom,42,69,406,0,0,0,0,0,0
survivor,kingdom,42,70,406,0,0,0,0,0,0
survivor,kingdom,42,71,406,0,0,0,0,0,0
survivor,kingdom,42,72,406,0,0,0,0,0,0
survivor,kingdom,42,73,406,0,0,0,0,0,0
survivor,kingdom,42,74,406,0,0,0,0,0,0
survivor,kingdom,42,75,406,0,0,0,0,0,0
survivor,kingdom,42,76,406,0,0,0,0,0,0
survivor,kingdom,42,77,406,0,0,0,0,0,0
survivor,kingdom,42,78,406,0,0,0,0,0,0
survivor,kingdom,42,79,406,0,0,0,0,0,0
survivor,kingdom,42,80,406,0,0,0,0,0,0
survivor,kingdom,42,81,406,0,0,0,0,0,0
survivor,kingdom,42,82,406,0,0,0,0,0,0
survivor,kingdom,42,83,406,0,0,0,0,0,0
survivor,kingdom,42,84,406,0,0,0,0,0,0
survivor,kingdom,42,85,406,0,0,0,0,0,0
survivor,kingdom,42,86,406,0,0,0,0,0,0
survivor,kingdom,42,87,406,0,0,0,0,0,0
survivor,kingdom,42,88,406,0,0,0,0,0,0
survivor,kingdom,42,89,406,0,0,0,0,0,0
survivor,kingdom,42,90,406,0,0,0,0,0,0
survivor,kingdom,42,91,406,0,0,0,0,0,0
survivor,kingdom,42,92,406,0,0,0,0,0,0
survivor,kingdom,42,93,406,0,0,0,0,0,0
survivor,kingdom,42,94,406,0,0,0,0,0,0
survivor,kingdom,42,95,406,0,0,0,0,0,0
survivor,kingdom,42,96,406,0,0,0,0,0,0
survivor,kingdom,42,97,406,0,0,0,0,0,0
survivor,kingdom,42,98,406,0,0,0,0,0,0
survivor,kingdom,42,99,406,0,0,0,0,0,0
survivor,kingdom,42,100,406,0,0,0,0,0,0
